rownames 	XLoc 	YLoc 	NNDistSame 	NNDistOpp 	dapi_Area 	dapi_MajorAxisLength 	dapi_MinorAxisLength 	dapi_Eccentricity 	dapi_Solidity 	dapi_Perimeter 	dapi_MeanIntensity 	dapi_PixelSD 	dapi_PixelCV 	dapi_NucAdjustedInt 	dapi_BackAdjustedInt 	nucl_BackgroundAdjust 	nucl_NuclearAdjustedInt 	nucl_PixelSD 	nucl_PixelCV 	nucl_MeanIntensity 	memb_Area 	memb_Solidity 	memb_Perimeter 	memb_MeanIntensity 	memb_MembraneIntensity 	memb_temp 	memb_pcTouch 	memb_OverLapIntensity 	memb_nonLapIntensity 	memb_PixelSD 	memb_PixelCV 	Her2_Area 	Her2_ConvexArea 	Her2_MeanIntensity 	Her2_BackAdjustedInt 	Her2_CN 	Her2_AreaSD 	Her2_CoeffVar 	Her2_MaxSpotDist 	Her2_MinSpotDist 	Her2_MeanSpotDist 	Her2_SDSpotDist 	Her2_SpotAreaMax 	Her2_SpotAreaMin 	Her2_SpotAreaMean 	Her2_SpotAreaSD 	cent_Area 	cent_ConvexArea 	cent_MeanIntensity 	cent_BackAdjustedInt 	cent_CN 	cent_AreaSD 	cent_CoeffVar 	cent_MaxSpotDist 	cent_MinSpotDist 	cent_MeanSpotDist 	cent_SDSpotDist 	cent_SpotAreaMax 	cent_SpotAreaMin 	cent_SpotAreaMean 	cent_SpotAreaSD 	CellLabels 	
1 	 42.9835 	 145.796 	 61.9839 	 161.756 	 3877 	 88.8648 	 59.7222 	 0.740499 	 0.900372 	 281.522 	 1016.14 	 372.036 	 0.366125 	 -131.108 	 891.282 	 1188.41 	 276.919 	 222.655 	 0.172494 	 1290.8 	 5400 	 0.948533 	 309.64 	 802.929 	 785.811 	 569.712 	 0.305842 	 835.236 	 781.154 	 86.3648 	 0.109905 	 90 	 289 	 185.589 	 -21.5063 	 2 	 382.759 	 0.0987256 	 32.3883 	 32.3883 	 32.3883 	 0 	 45 	 45 	 45 	 0 	 0 	 0 	 NaN 	 NaN 	 0 	 0 	 0 	 NaN 	 NaN 	 NaN 	 NaN 	 0 	 0 	 NaN 	 NaN 	  Tumour 
2 	 118.788 	 214.046 	 88.6454 	 84.9294 	 8902 	 186.011 	 63.1699 	 0.940569 	 0.906425 	 456.576 	 1446.41 	 440.359 	 0.304451 	 228.229 	 1321.54 	 1073.1 	 194.989 	 267.61 	 0.22766 	 1175.48 	 11519 	 0.85307 	 558.108 	 769.703 	 828.733 	 612.633 	 0.357692 	 845.629 	 828.568 	 207.887 	 0.250849 	 136 	 519 	 211.301 	 4.20623 	 3 	 2488.49 	 0.279543 	 25.4558 	 16.6835 	 22.4113 	 4.43965 	 46 	 45 	 45.3333 	 0.57735 	 0 	 0 	 NaN 	 NaN 	 0 	 0 	 0 	 NaN 	 NaN 	 NaN 	 NaN 	 0 	 0 	 NaN 	 NaN 	  Tumour 
3 	 102.231 	 126.795 	 61.9839 	 170.003 	 6355 	 120.741 	 68.4311 	 0.823882 	 0.931682 	 346.534 	 1562.36 	 418.821 	 0.26807 	 425.097 	 1437.49 	 1091.58 	 300.823 	 231.909 	 0.194235 	 1193.96 	 10949 	 0.869728 	 508.877 	 865.191 	 898.843 	 682.744 	 0.517391 	 840.971 	 916.26 	 224.216 	 0.24945 	 0 	 0 	 NaN 	 NaN 	 0 	 0 	 0 	 NaN 	 NaN 	 NaN 	 NaN 	 0 	 0 	 NaN 	 NaN 	 0 	 0 	 NaN 	 NaN 	 0 	 0 	 0 	 NaN 	 NaN 	 NaN 	 NaN 	 0 	 0 	 NaN 	 NaN 	  Tumour 
4 	 101.492 	 296.546 	 401.842 	 84.9294 	 2377 	 69.8184 	 45.367 	 0.760117 	 0.956154 	 199.823 	 811.055 	 252.384 	 0.31118 	 -314.556 	 686.192 	 1146.51 	 330.173 	 89.2973 	 0.0715011 	 1248.89 	 4231 	 0.943998 	 277.74 	 815.031 	 840.015 	 623.916 	 0.20229 	 844.019 	 843.423 	 182.161 	 0.216854 	 0 	 0 	 NaN 	 NaN 	 0 	 0 	 0 	 NaN 	 NaN 	 NaN 	 NaN 	 0 	 0 	 NaN 	 NaN 	 0 	 0 	 NaN 	 NaN 	 0 	 0 	 0 	 NaN 	 NaN 	 NaN 	 NaN 	 0 	 0 	 NaN 	 NaN 	  Lymph 
5 	 194.686 	 770.231 	 642.246 	 288.475 	 4616 	 79.7933 	 76.5633 	 0.281637 	 0.936688 	 281.966 	 1271.68 	 387.825 	 0.304971 	 513.212 	 1146.82 	 456.727 	 -44.6632 	 93.0889 	 0.166495 	 559.11 	 6220 	 0.948605 	 330.853 	 747.078 	 820.026 	 603.927 	 0.232026 	 936.577 	 811.267 	 208.828 	 0.254661 	 55 	 56 	 174.436 	 -32.6589 	 1 	 0 	 0 	 NaN 	 NaN 	 NaN 	 NaN 	 55 	 55 	 55 	 0 	 0 	 0 	 NaN 	 NaN 	 0 	 0 	 0 	 NaN 	 NaN 	 NaN 	 NaN 	 0 	 0 	 NaN 	 NaN 	  Tumour 
6 	 231.774 	 501.774 	 403.06 	 243.282 	 2762 	 77.7771 	 45.9315 	 0.806999 	 0.961364 	 209.196 	 1737.57 	 390.347 	 0.224652 	 630.65 	 1612.71 	 409.827 	 -95.6923 	 35.758 	 0.0698112 	 512.209 	 4107 	 0.932773 	 274.083 	 691.148 	 732.512 	 516.412 	 0.25 	 1215.08 	 660.81 	 364.388 	 0.49745 	 196 	 406 	 203.52 	 -3.57483 	 4 	 464.397 	 0.168138 	 21.685 	 8.82475 	 14.5448 	 4.53607 	 70 	 34 	 49 	 15.1217 	 45 	 45 	 241.156 	 -60.7111 	 1 	 0 	 0 	 NaN 	 NaN 	 NaN 	 NaN 	 45 	 45 	 45 	 0 	  Tumour 
7 	 254.993 	 418.929 	 345.649 	 196.469 	 6964 	 98.7984 	 91.717 	 0.37177 	 0.968972 	 324.936 	 2237.62 	 526.058 	 0.235098 	 953.737 	 2112.75 	 627.747 	 -39.6133 	 113.729 	 0.155766 	 730.13 	 10224 	 0.87722 	 492.551 	 1046.9 	 1207.08 	 990.986 	 0.501089 	 1368.42 	 1142.27 	 313.917 	 0.260062 	 296 	 1382 	 230.747 	 23.6514 	 4 	 1648.19 	 0.236672 	 52.8513 	 15.4379 	 30.393 	 11.4409 	 97 	 41 	 59.2 	 22.4544 	 33 	 34 	 325.545 	 23.6788 	 1 	 0 	 0 	 NaN 	 NaN 	 NaN 	 NaN 	 33 	 33 	 33 	 0 	  Tumour 
8 	 287.044 	 771.63 	 671.872 	 224.1 	 10176 	 164.7 	 81.5619 	 0.868771 	 0.934178 	 438.274 	 1165.89 	 572.83 	 0.491325 	 752.977 	 1041.03 	 501.122 	 98.6543 	 179.803 	 0.297931 	 603.505 	 12986 	 0.951564 	 507.179 	 684.167 	 632.833 	 416.734 	 0.147752 	 936.029 	 614.072 	 252.308 	 0.398696 	 164 	 1717 	 179.037 	 -28.0587 	 4 	 1471.54 	 0.144609 	 92.3492 	 11.4097 	 54.8685 	 27.8542 	 65 	 31 	 41 	 16.1452 	 0 	 0 	 NaN 	 NaN 	 0 	 0 	 0 	 NaN 	 NaN 	 NaN 	 NaN 	 0 	 0 	 NaN 	 NaN 	  Tumour 
9 	 275.619 	 154.602 	 233.174 	 225.364 	 4246 	 94.9702 	 63.3076 	 0.745411 	 0.885875 	 286.534 	 882.583 	 276.416 	 0.31319 	 483.354 	 757.721 	 836.815 	 -16.1603 	 278.048 	 0.296048 	 939.198 	 6533 	 0.913834 	 358.853 	 518.942 	 548.518 	 332.418 	 0 	 0 	 0 	 252.341 	 0.460043 	 45 	 45 	 156.511 	 -50.5841 	 1 	 0 	 0 	 NaN 	 NaN 	 NaN 	 NaN 	 45 	 45 	 45 	 0 	 0 	 0 	 NaN 	 NaN 	 0 	 0 	 0 	 NaN 	 NaN 	 NaN 	 NaN 	 0 	 0 	 NaN 	 NaN 	  Tumour 
10 	 318.067 	 368.55 	 354.054 	 228.633 	 3704 	 76.0155 	 67.085 	 0.470281 	 0.854047 	 264.652 	 1946.03 	 709.033 	 0.364349 	 750.095 	 1821.16 	 682.287 	 8.39715 	 82.6146 	 0.105286 	 784.669 	 10195 	 0.703055 	 603.22 	 1089.67 	 1089.19 	 873.088 	 0.46223 	 1266.57 	 1040.12 	 305.532 	 0.280513 	 229 	 1128 	 211.227 	 4.13184 	 4 	 753.516 	 0.203433 	 51.4828 	 13.9133 	 31.6162 	 14.7971 	 106 	 38 	 57.25 	 32.6331 	 0 	 0 	 NaN 	 NaN 	 0 	 0 	 0 	 NaN 	 NaN 	 NaN 	 NaN 	 0 	 0 	 NaN 	 NaN 	  Tumour 
11 	 378.131 	 992.592 	 135.059 	 228.254 	 3895 	 97.7331 	 51.5173 	 0.84979 	 0.964825 	 258.936 	 838.98 	 279.602 	 0.333265 	 555.726 	 714.118 	 656.736 	 47.9238 	 308.038 	 0.405783 	 759.118 	 5894 	 0.967816 	 324.569 	 457.571 	 391.62 	 175.521 	 0 	 0 	 0 	 85.7345 	 0.218923 	 649 	 691 	 286.176 	 79.0804 	 1 	 0 	 0 	 NaN 	 NaN 	 NaN 	 NaN 	 649 	 649 	 649 	 0 	 0 	 0 	 NaN 	 NaN 	 0 	 0 	 0 	 NaN 	 NaN 	 NaN 	 NaN 	 0 	 0 	 NaN 	 NaN 	  Lymph 
12 	 375.654 	 373.112 	 403.011 	 195.412 	 3516 	 70.8885 	 63.5369 	 0.443461 	 0.976124 	 224.995 	 2313.65 	 396.852 	 0.171527 	 1164.25 	 2188.78 	 618.297 	 20.3843 	 53.6348 	 0.0744225 	 720.68 	 7750 	 0.898863 	 410.451 	 1027.24 	 1291.3 	 1075.2 	 0.486631 	 1378.42 	 1245.72 	 340.428 	 0.263632 	 291 	 947 	 216.546 	 9.45115 	 5 	 506.81 	 0.144144 	 33.9706 	 11.2694 	 23.4366 	 7.2068 	 112 	 44 	 58.2 	 30.0782 	 45 	 48 	 276.356 	 -25.5111 	 1 	 0 	 0 	 NaN 	 NaN 	 NaN 	 NaN 	 45 	 45 	 45 	 0 	  Tumour 
13 	 402.602 	 511.829 	 513.377 	 308.058 	 5409 	 99.0698 	 71.9045 	 0.68791 	 0.898207 	 318.191 	 1197.62 	 440.984 	 0.368218 	 924.558 	 1072.75 	 518.444 	 131.307 	 90.3097 	 0.145467 	 620.827 	 6864 	 0.833515 	 412.551 	 934.641 	 912.288 	 696.188 	 0.411609 	 1208.13 	 832.858 	 306.407 	 0.335866 	 276 	 1759 	 184.623 	 -22.472 	 5 	 895.866 	 0.165625 	 70.917 	 10.4907 	 36.1728 	 20.3362 	 67 	 45 	 55.2 	 8.84308 	 53 	 61 	 212.34 	 -89.527 	 1 	 0 	 0 	 NaN 	 NaN 	 NaN 	 NaN 	 53 	 53 	 53 	 0 	  Tumour 
14 	 433.593 	 207.394 	 395.73 	 61.9839 	 4994 	 90.6224 	 73.0541 	 0.591727 	 0.939605 	 313.362 	 774.668 	 256.855 	 0.331568 	 500.063 	 649.805 	 711.612 	 147.854 	 118.376 	 0.145427 	 813.995 	 6602 	 0.96169 	 342.066 	 480.151 	 425.852 	 209.753 	 0.205788 	 552.188 	 411.545 	 125.886 	 0.295609 	 90 	 187 	 146.867 	 -60.2286 	 2 	 1804.23 	 0.36128 	 17.8045 	 17.8045 	 17.8045 	 0 	 45 	 45 	 45 	 0 	 0 	 0 	 NaN 	 NaN 	 0 	 0 	 0 	 NaN 	 NaN 	 NaN 	 NaN 	 0 	 0 	 NaN 	 NaN 	  Tumour 
15 	 430.436 	 299.376 	 416.147 	 103.856 	 2590 	 61.1621 	 54.4937 	 0.454056 	 0.971857 	 195.723 	 693.87 	 187.265 	 0.269884 	 386.681 	 569.008 	 472.217 	 -5.9736 	 165.845 	 0.288627 	 574.599 	 6589 	 0.87643 	 400.409 	 967.242 	 1097.26 	 881.165 	 0.304582 	 1476.85 	 1014.3 	 566.032 	 0.515858 	 0 	 0 	 NaN 	 NaN 	 0 	 0 	 0 	 NaN 	 NaN 	 NaN 	 NaN 	 0 	 0 	 NaN 	 NaN 	 0 	 0 	 NaN 	 NaN 	 0 	 0 	 0 	 NaN 	 NaN 	 NaN 	 NaN 	 0 	 0 	 NaN 	 NaN 	  Tumour 
16 	 465.489 	 532.862 	 572.584 	 316.425 	 4267 	 90.7214 	 60.3188 	 0.74695 	 0.964512 	 260.392 	 1665.12 	 475.97 	 0.285847 	 1160.3 	 1540.26 	 467.634 	 45.6837 	 76.789 	 0.134714 	 570.016 	 7367 	 0.86457 	 432.551 	 1137.74 	 1400.83 	 1184.73 	 0.809524 	 1536.32 	 1272.3 	 475.942 	 0.339757 	 227 	 1226 	 188.595 	 -18.5005 	 5 	 782.538 	 0.183393 	 48.2928 	 14.8297 	 28.8523 	 10.1694 	 66 	 35 	 45.4 	 12.3004 	 0 	 0 	 NaN 	 NaN 	 0 	 0 	 0 	 NaN 	 NaN 	 NaN 	 NaN 	 0 	 0 	 NaN 	 NaN 	  Tumour 
17 	 461.768 	 461.687 	 524.802 	 246.221 	 3669 	 70.0201 	 67.7493 	 0.252606 	 0.930746 	 249.966 	 1574.27 	 402.155 	 0.255455 	 690.066 	 1449.4 	 479.819 	 22.195 	 101.428 	 0.174215 	 582.202 	 7583 	 0.833572 	 455.037 	 1172.2 	 1407.52 	 1191.42 	 0.806683 	 1455.33 	 1350.26 	 438.807 	 0.311758 	 131 	 293 	 205.55 	 -1.54562 	 3 	 754.736 	 0.205706 	 22.9737 	 8.06226 	 16.1654 	 6.74359 	 44 	 43 	 43.6667 	 0.57735 	 0 	 0 	 NaN 	 NaN 	 0 	 0 	 0 	 NaN 	 NaN 	 NaN 	 NaN 	 0 	 0 	 NaN 	 NaN 	  Tumour 
18 	 473.189 	 897.005 	 705.963 	 105.929 	 2397 	 73.6718 	 43.1391 	 0.810631 	 0.94818 	 199.196 	 882.147 	 240.05 	 0.27212 	 519.842 	 757.285 	 319.884 	 -14.8934 	 51.6948 	 0.122422 	 422.267 	 3939 	 0.956997 	 258.426 	 446.272 	 437.74 	 221.641 	 0 	 0 	 0 	 186.967 	 0.427119 	 133 	 458 	 154.293 	 -52.802 	 3 	 153.049 	 0.0638501 	 44.7065 	 19.8374 	 29.8832 	 11.7213 	 52 	 37 	 44.3333 	 7.50555 	 0 	 0 	 NaN 	 NaN 	 0 	 0 	 0 	 NaN 	 NaN 	 NaN 	 NaN 	 0 	 0 	 NaN 	 NaN 	  Lymph 
19 	 495.415 	 217.874 	 401.842 	 61.9839 	 2315 	 81.3638 	 39.2338 	 0.87606 	 0.875567 	 239.421 	 635.62 	 152.972 	 0.240665 	 381.964 	 510.758 	 618.001 	 146.458 	 94.7588 	 0.131539 	 720.384 	 3506 	 0.899666 	 280.995 	 448.513 	 384.444 	 168.345 	 0.257937 	 550.708 	 361.321 	 132.616 	 0.344956 	 68 	 72 	 152.191 	 -54.9041 	 1 	 0 	 0 	 NaN 	 NaN 	 NaN 	 NaN 	 68 	 68 	 68 	 0 	 0 	 0 	 NaN 	 NaN 	 0 	 0 	 0 	 NaN 	 NaN 	 NaN 	 NaN 	 0 	 0 	 NaN 	 NaN 	  Other 
20 	 514.005 	 773.798 	 785 	 129.653 	 4944 	 106.114 	 60.0134 	 0.824709 	 0.976111 	 282.066 	 1317.28 	 321.585 	 0.244127 	 818.385 	 1192.42 	 332.198 	 84.9724 	 69.6128 	 0.160184 	 434.58 	 8301 	 0.767971 	 532.451 	 717.518 	 814.889 	 598.79 	 0.358871 	 1098.39 	 749.4 	 296.49 	 0.36384 	 186 	 675 	 206.113 	 -0.982335 	 3 	 1324.45 	 0.267891 	 27.2641 	 21.5453 	 25.1711 	 2.81967 	 89 	 48 	 62 	 23.388 	 47 	 49 	 218.745 	 -83.122 	 1 	 0 	 0 	 NaN 	 NaN 	 NaN 	 NaN 	 47 	 47 	 47 	 0 	  Tumour 
21 	 557.125 	 596.977 	 683.811 	 311.538 	 8891 	 189.675 	 66.073 	 0.937365 	 0.874582 	 492.357 	 1045.14 	 352.768 	 0.337533 	 745.658 	 920.273 	 408.15 	 62.6389 	 93.4916 	 0.183126 	 510.533 	 13824 	 0.815046 	 727.061 	 1019.44 	 1197.05 	 980.949 	 0.647676 	 1209.48 	 1185.07 	 452.377 	 0.377911 	 163 	 836 	 168.301 	 -38.7946 	 3 	 1074.79 	 0.120886 	 56.9228 	 29.5096 	 38.7349 	 14.0888 	 73 	 36 	 54.3333 	 18.5023 	 45 	 45 	 189.267 	 -112.6 	 1 	 0 	 0 	 NaN 	 NaN 	 NaN 	 NaN 	 45 	 45 	 45 	 0 	  Tumour 
22 	 520.558 	 376.418 	 530.456 	 160.125 	 5046 	 99.1282 	 65.2552 	 0.752764 	 0.974696 	 279.723 	 1979.21 	 408.553 	 0.206423 	 801.161 	 1854.34 	 651.711 	 -23.2869 	 57.0021 	 0.0755902 	 754.093 	 6442 	 0.932542 	 356.024 	 1361.79 	 1681.74 	 1465.64 	 0.656627 	 1753.86 	 1629.53 	 421.67 	 0.250735 	 178 	 1254 	 239.124 	 32.0284 	 5 	 1233.45 	 0.24444 	 49.0778 	 9.72353 	 28.247 	 11.4762 	 49 	 14 	 35.6 	 13.7586 	 0 	 0 	 NaN 	 NaN 	 0 	 0 	 0 	 NaN 	 NaN 	 NaN 	 NaN 	 0 	 0 	 NaN 	 NaN 	  Tumour 
23 	 543.085 	 470.005 	 595.799 	 256.531 	 6871 	 111.644 	 80.2777 	 0.694956 	 0.935849 	 335.563 	 2205.76 	 492.403 	 0.223235 	 946.673 	 2080.9 	 588.943 	 5.14508 	 50.5385 	 0.0731037 	 691.326 	 7837 	 0.90413 	 444.693 	 1595.8 	 1882.97 	 1666.87 	 0.891892 	 1845.87 	 1878.38 	 411.275 	 0.218419 	 324 	 2144 	 234.963 	 27.8677 	 7 	 1400.69 	 0.203855 	 67.3095 	 10.572 	 37.3779 	 17.469 	 73 	 32 	 46.2857 	 13.4129 	 75 	 416 	 291.907 	 -9.96 	 2 	 808.2 	 0.117625 	 52.1665 	 52.1665 	 52.1665 	 0 	 45 	 30 	 37.5 	 10.6066 	  Tumour 
24 	 564.331 	 701.596 	 761.956 	 215.188 	 8724 	 130.175 	 88.6628 	 0.732187 	 0.921128 	 389.789 	 1716.73 	 518.675 	 0.302129 	 830.423 	 1591.87 	 481.012 	 -10.3673 	 87.4454 	 0.149891 	 583.395 	 12437 	 0.890201 	 557.664 	 1003.67 	 1145.21 	 929.11 	 0.881553 	 1140.53 	 1142.67 	 271.87 	 0.237397 	 456 	 3092 	 204.34 	 -2.75533 	 10 	 1222.71 	 0.140155 	 81.2303 	 9.99967 	 43.0257 	 20.8107 	 77 	 29 	 45.6 	 13.7534 	 80 	 351 	 247.2 	 -54.6667 	 2 	 1660.85 	 0.190377 	 45.8623 	 45.8623 	 45.8623 	 0 	 48 	 32 	 40 	 11.3137 	  Tumour 
25 	 578.417 	 882.873 	 910.711 	 105.929 	 4208 	 90.1847 	 61.0105 	 0.736437 	 0.968692 	 260.936 	 985.943 	 407.583 	 0.413394 	 683.292 	 861.081 	 499.591 	 5.95082 	 50.2546 	 0.0834831 	 601.973 	 6052 	 0.976759 	 322.225 	 786.022 	 760.487 	 544.388 	 0 	 0 	 0 	 294.826 	 0.38768 	 50 	 51 	 200.2 	 -6.89524 	 1 	 0 	 0 	 NaN 	 NaN 	 NaN 	 NaN 	 50 	 50 	 50 	 0 	 0 	 0 	 NaN 	 NaN 	 0 	 0 	 0 	 NaN 	 NaN 	 NaN 	 NaN 	 0 	 0 	 NaN 	 NaN 	  Tumour 
26 	 596.629 	 375.084 	 599.464 	 156.083 	 3848 	 75.1801 	 66.9518 	 0.454881 	 0.955313 	 277.037 	 2443.81 	 528.581 	 0.216294 	 1092.31 	 2318.95 	 698.407 	 2.42863 	 39.7059 	 0.0495834 	 800.79 	 6596 	 0.859862 	 381.924 	 1267.32 	 1565.77 	 1349.67 	 0.656338 	 1735.92 	 1469.85 	 512.601 	 0.327379 	 154 	 723 	 237.604 	 30.5087 	 3 	 1328.58 	 0.345266 	 35.5 	 22.5606 	 28.8616 	 5.79256 	 67 	 42 	 51.3333 	 13.6504 	 0 	 0 	 NaN 	 NaN 	 0 	 0 	 0 	 NaN 	 NaN 	 NaN 	 NaN 	 0 	 0 	 NaN 	 NaN 	  Tumour 
27 	 627.778 	 621.044 	 753.558 	 267.899 	 6454 	 118.596 	 71.7794 	 0.79604 	 0.928366 	 346.777 	 1029.79 	 300.408 	 0.291719 	 524.061 	 904.925 	 561.27 	 -37.2654 	 87.3137 	 0.131565 	 663.652 	 12893 	 0.838406 	 621.948 	 981.295 	 1171.87 	 955.771 	 0.691769 	 1103.9 	 1209.05 	 277.351 	 0.236673 	 93 	 356 	 174.183 	 -32.9124 	 2 	 1695.44 	 0.262695 	 38.3459 	 38.3459 	 38.3459 	 0 	 53 	 40 	 46.5 	 9.19239 	 35 	 37 	 214.143 	 -87.7238 	 1 	 0 	 0 	 NaN 	 NaN 	 NaN 	 NaN 	 35 	 35 	 35 	 0 	  Tumour 
28 	 617.584 	 56.6199 	 581.847 	 202.608 	 3883 	 89.2087 	 55.9417 	 0.778948 	 0.978579 	 245.338 	 2089.98 	 451.523 	 0.216042 	 923.29 	 1965.12 	 666.293 	 12.948 	 123.654 	 0.160866 	 768.676 	 6161 	 0.900073 	 382.208 	 1021.71 	 1161.73 	 945.636 	 0.285303 	 1344.88 	 1128.56 	 317.551 	 0.273342 	 149 	 545 	 210.577 	 3.48194 	 3 	 514.604 	 0.132527 	 32.043 	 17.0468 	 24.3183 	 6.71567 	 51 	 49 	 49.6667 	 1.1547 	 97 	 192 	 269.814 	 -32.0522 	 2 	 1242.93 	 0.320096 	 15.45 	 15.45 	 15.45 	 0 	 52 	 45 	 48.5 	 4.94975 	  Tumour 
29 	 616.853 	 452.293 	 650.471 	 203.679 	 3880 	 86.2804 	 58.688 	 0.733026 	 0.946572 	 255.439 	 2475.17 	 387.857 	 0.156699 	 1068.99 	 2350.31 	 657.71 	 -1.35722 	 48.8257 	 0.0642365 	 760.093 	 5024 	 0.825501 	 357.296 	 1479.78 	 1734.24 	 1518.14 	 0.804154 	 1737.97 	 1734.97 	 466.356 	 0.268911 	 172 	 337 	 236.157 	 29.0617 	 4 	 1043.4 	 0.268918 	 30.2755 	 9.16974 	 16.8638 	 7.84579 	 49 	 39 	 43 	 4.89898 	 0 	 0 	 NaN 	 NaN 	 0 	 0 	 0 	 NaN 	 NaN 	 NaN 	 NaN 	 0 	 0 	 NaN 	 NaN 	  Tumour 
30 	 687.275 	 95.4557 	 646.016 	 181.334 	 8208 	 125.51 	 85.7568 	 0.730169 	 0.940745 	 377.848 	 1448.02 	 425.039 	 0.293532 	 444.655 	 1323.15 	 797.243 	 26.8687 	 170.986 	 0.190063 	 899.626 	 11916 	 0.890117 	 536.836 	 1063.68 	 1188.58 	 972.483 	 0.345455 	 1275.5 	 1161.92 	 306.752 	 0.258082 	 275 	 1385 	 207.815 	 0.719307 	 5 	 1097.76 	 0.133743 	 60.5462 	 13.4536 	 33.1723 	 13.2298 	 95 	 45 	 55 	 22.3607 	 45 	 45 	 240.622 	 -61.2444 	 1 	 0 	 0 	 NaN 	 NaN 	 NaN 	 NaN 	 45 	 45 	 45 	 0 	  Tumour 
31 	 659.143 	 728.495 	 847.455 	 210.238 	 4273 	 113.147 	 51.1976 	 0.891771 	 0.876873 	 298.309 	 1572.14 	 379.798 	 0.241581 	 861.474 	 1447.27 	 577.415 	 71.3103 	 107.021 	 0.157431 	 679.798 	 7688 	 0.80284 	 462.551 	 1105.3 	 1132.31 	 916.206 	 0.652681 	 1363.77 	 1014.04 	 390.755 	 0.345097 	 69 	 75 	 233.406 	 26.3106 	 1 	 0 	 0 	 NaN 	 NaN 	 NaN 	 NaN 	 69 	 69 	 69 	 0 	 0 	 0 	 NaN 	 NaN 	 0 	 0 	 0 	 NaN 	 NaN 	 NaN 	 NaN 	 0 	 0 	 NaN 	 NaN 	  Tumour 
32 	 670.928 	 390.451 	 673.736 	 124.423 	 2695 	 95.907 	 40.834 	 0.904833 	 0.79616 	 250.51 	 2297.94 	 346.249 	 0.150678 	 907.049 	 2173.08 	 673.862 	 -10.222 	 48.5771 	 0.0625796 	 776.245 	 3519 	 0.679213 	 348.125 	 1245.76 	 1451.19 	 1235.09 	 0.899083 	 1390.24 	 1463.57 	 362.299 	 0.249657 	 204 	 858 	 242.132 	 35.0371 	 4 	 490.725 	 0.182087 	 57.8137 	 9.48683 	 32.8586 	 19.6468 	 65 	 45 	 51 	 9.5219 	 0 	 0 	 NaN 	 NaN 	 0 	 0 	 0 	 NaN 	 NaN 	 NaN 	 NaN 	 0 	 0 	 NaN 	 NaN 	  Tumour 
33 	 672.902 	 446.387 	 697.782 	 177.294 	 4310 	 89.389 	 66.8337 	 0.664068 	 0.890312 	 278.853 	 2712.69 	 381.345 	 0.140578 	 1097.93 	 2587.83 	 659.482 	 -36.5491 	 47.4162 	 0.062237 	 761.865 	 6022 	 0.906928 	 355.196 	 1266.32 	 1563.08 	 1346.98 	 0.611446 	 1485.81 	 1614.57 	 336.671 	 0.21539 	 262 	 1159 	 256.156 	 49.0613 	 4 	 1099.7 	 0.255152 	 40.7726 	 17.0445 	 30.5329 	 8.87567 	 110 	 44 	 65.5 	 30.0832 	 34 	 36 	 337.382 	 35.5157 	 1 	 0 	 0 	 NaN 	 NaN 	 NaN 	 NaN 	 34 	 34 	 34 	 0 	  Tumour 
34 	 702.77 	 350.018 	 690.808 	 77.1038 	 4759 	 89.7239 	 69.1872 	 0.6367 	 0.977007 	 273.48 	 2168.48 	 666.046 	 0.307148 	 1407.18 	 2043.62 	 761.373 	 -69.2121 	 73.9742 	 0.0856425 	 863.756 	 6003 	 0.915091 	 352.125 	 1201.52 	 1393.4 	 1177.31 	 0.821752 	 1435.83 	 1364.85 	 354.495 	 0.254409 	 182 	 478 	 240.896 	 33.8004 	 4 	 754.458 	 0.158533 	 32.3857 	 11.4577 	 18.9724 	 7.40912 	 46 	 45 	 45.5 	 0.57735 	 45 	 45 	 281.733 	 -20.1333 	 1 	 0 	 0 	 NaN 	 NaN 	 NaN 	 NaN 	 45 	 45 	 45 	 0 	  Tumour 
35 	 689.853 	 679.53 	 838.907 	 188.162 	 2499 	 89.0219 	 37.3891 	 0.907525 	 0.902818 	 220.125 	 1704.3 	 343.06 	 0.201291 	 782.517 	 1579.43 	 632.034 	 -54.2357 	 75.3188 	 0.102556 	 734.417 	 3879 	 0.80678 	 348.409 	 1259.41 	 1346.69 	 1130.59 	 0.981191 	 1319 	 1358.75 	 197.3 	 0.146508 	 0 	 0 	 NaN 	 NaN 	 0 	 0 	 0 	 NaN 	 NaN 	 NaN 	 NaN 	 0 	 0 	 NaN 	 NaN 	 0 	 0 	 NaN 	 NaN 	 0 	 0 	 0 	 NaN 	 NaN 	 NaN 	 NaN 	 0 	 0 	 NaN 	 NaN 	  Tumour 
36 	 715.573 	 274.048 	 615.43 	 77.1038 	 2129 	 65.6508 	 41.9671 	 0.769001 	 0.967288 	 184.267 	 925.118 	 265.076 	 0.286532 	 510.934 	 800.256 	 634.056 	 28.0898 	 64.8731 	 0.0880904 	 736.438 	 5768 	 0.912803 	 349.296 	 947.016 	 1059.19 	 843.089 	 0.480243 	 1361.11 	 962.606 	 527.388 	 0.497917 	 52 	 53 	 200.058 	 -7.03755 	 1 	 0 	 0 	 NaN 	 NaN 	 NaN 	 NaN 	 52 	 52 	 52 	 0 	 56 	 56 	 223.929 	 -77.9381 	 1 	 0 	 0 	 NaN 	 NaN 	 NaN 	 NaN 	 56 	 56 	 56 	 0 	  Lymph 
37 	 737.925 	 686.523 	 880.742 	 140.577 	 4177 	 110.054 	 53.4712 	 0.874036 	 0.862482 	 298.836 	 1651.35 	 300.469 	 0.181953 	 837.671 	 1526.49 	 681.75 	 46.6246 	 37.2512 	 0.0475063 	 784.132 	 5754 	 0.856888 	 367.823 	 1246.53 	 1312.29 	 1096.19 	 0.887574 	 1349.78 	 1299.36 	 238.344 	 0.181624 	 109 	 223 	 221.312 	 14.2167 	 2 	 1460.39 	 0.349627 	 19.656 	 19.656 	 19.656 	 0 	 57 	 52 	 54.5 	 3.53553 	 0 	 0 	 NaN 	 NaN 	 0 	 0 	 0 	 NaN 	 NaN 	 NaN 	 NaN 	 0 	 0 	 NaN 	 NaN 	  Tumour 
38 	 766.465 	 462.085 	 789.041 	 194.535 	 3032 	 72.1479 	 56.6721 	 0.618863 	 0.904265 	 233.095 	 1959.84 	 321.31 	 0.163947 	 699.648 	 1834.98 	 615.69 	 -37.5529 	 51.4004 	 0.071581 	 718.073 	 3797 	 0.881179 	 299.782 	 1192.97 	 1503.32 	 1287.23 	 0.703971 	 1470.67 	 1500.96 	 343.197 	 0.228292 	 139 	 344 	 233.799 	 26.7033 	 3 	 351.178 	 0.115824 	 35.1225 	 16.0694 	 23.4348 	 9.15499 	 51 	 39 	 46.3333 	 6.4291 	 0 	 0 	 NaN 	 NaN 	 0 	 0 	 0 	 NaN 	 NaN 	 NaN 	 NaN 	 0 	 0 	 NaN 	 NaN 	  Tumour 
39 	 798.371 	 659.875 	 913.357 	 105.475 	 6769 	 110.007 	 84.1878 	 0.643683 	 0.926245 	 347.706 	 1343.44 	 465.866 	 0.346771 	 796.654 	 1218.58 	 415.183 	 86.8591 	 173.607 	 0.33543 	 517.566 	 10579 	 0.822181 	 513.907 	 761.587 	 793.779 	 577.679 	 0.612766 	 1026.2 	 688.17 	 425.161 	 0.535617 	 306 	 1916 	 211.598 	 4.5028 	 6 	 1520.48 	 0.224624 	 65.8297 	 9.91483 	 35.9463 	 17.1851 	 66 	 35 	 51 	 13.5794 	 0 	 0 	 NaN 	 NaN 	 0 	 0 	 0 	 NaN 	 NaN 	 NaN 	 NaN 	 0 	 0 	 NaN 	 NaN 	  Tumour 
40 	 783.748 	 386.259 	 778.897 	 131.027 	 5228 	 105.021 	 68.037 	 0.761774 	 0.879987 	 321.823 	 2026.17 	 499.419 	 0.246484 	 1107.64 	 1901.31 	 676.318 	 -91.2876 	 79.8505 	 0.102543 	 778.7 	 7301 	 0.871137 	 423.338 	 1262.35 	 1608 	 1391.9 	 0.664141 	 1636.66 	 1591.92 	 279.145 	 0.173598 	 229 	 936 	 252 	 44.9048 	 4 	 1319.72 	 0.252434 	 44.001 	 19.4333 	 27.6296 	 9.5732 	 70 	 45 	 57.25 	 11.3248 	 39 	 39 	 324.744 	 22.8769 	 1 	 0 	 0 	 NaN 	 NaN 	 NaN 	 NaN 	 39 	 39 	 39 	 0 	  Tumour 
41 	 795.163 	 112.425 	 752.768 	 149.459 	 5117 	 92.9441 	 71.0931 	 0.644147 	 0.96529 	 285.137 	 1784.53 	 373.242 	 0.209154 	 969.73 	 1659.67 	 856.098 	 97.6478 	 74.0413 	 0.0772487 	 958.48 	 7002 	 0.895625 	 396.066 	 1303.06 	 1458.21 	 1242.11 	 0.589041 	 1447 	 1445.71 	 325.28 	 0.223068 	 211 	 552 	 237.621 	 30.5256 	 5 	 690.636 	 0.134969 	 39.3878 	 8.56432 	 21.0731 	 10.1004 	 45 	 34 	 42.2 	 4.76445 	 0 	 0 	 NaN 	 NaN 	 0 	 0 	 0 	 NaN 	 NaN 	 NaN 	 NaN 	 0 	 0 	 NaN 	 NaN 	  Tumour 
42 	 799.606 	 492.571 	 832.741 	 234.557 	 1744 	 67.3532 	 35.7549 	 0.847462 	 0.902225 	 190.368 	 1243.35 	 347.89 	 0.279801 	 608.969 	 1118.48 	 587.733 	 -38.3398 	 50.599 	 0.0733197 	 690.115 	 3599 	 0.692915 	 340.652 	 1256.44 	 1361.26 	 1145.16 	 0.670968 	 1315.14 	 1370.86 	 248.197 	 0.182329 	 60 	 165 	 192.883 	 -14.2119 	 2 	 183.202 	 0.105047 	 19.3972 	 19.3972 	 19.3972 	 0 	 38 	 22 	 30 	 11.3137 	 0 	 0 	 NaN 	 NaN 	 0 	 0 	 0 	 NaN 	 NaN 	 NaN 	 NaN 	 0 	 0 	 NaN 	 NaN 	  Tumour 
43 	 807.956 	 251.995 	 772.309 	 94.5939 	 3459 	 84.0077 	 53.592 	 0.770085 	 0.962437 	 238.995 	 1290.88 	 247.096 	 0.191417 	 732.02 	 1166.02 	 652.933 	 13.1131 	 70.1274 	 0.0928451 	 755.316 	 8213 	 0.924887 	 399.196 	 941.829 	 1096.09 	 879.988 	 0.444149 	 1178.19 	 1060.53 	 436.608 	 0.398333 	 232 	 890 	 235.254 	 28.1591 	 4 	 534.242 	 0.15445 	 44.9885 	 11.6963 	 29.0231 	 13.0267 	 70 	 45 	 58 	 13.3417 	 92 	 517 	 265.772 	 -36.0949 	 2 	 250.156 	 0.0723204 	 58.0897 	 58.0897 	 58.0897 	 0 	 57 	 35 	 46 	 15.5563 	  Tumour 
44 	 830.577 	 589.92 	 904.478 	 152.801 	 5141 	 98.3675 	 68.6206 	 0.716493 	 0.929656 	 298.492 	 1279.84 	 383.406 	 0.299574 	 811.949 	 1154.97 	 420.448 	 51.4942 	 65.1823 	 0.124672 	 522.83 	 7187 	 0.813101 	 406.434 	 844.149 	 878.742 	 662.643 	 0.691218 	 950.008 	 836.683 	 283.248 	 0.322334 	 102 	 918 	 181.824 	 -25.2717 	 3 	 980.576 	 0.190736 	 68.2917 	 18.3337 	 47.2423 	 23.1564 	 48 	 21 	 34 	 13.5277 	 39 	 40 	 220.154 	 -81.7128 	 1 	 0 	 0 	 NaN 	 NaN 	 NaN 	 NaN 	 39 	 39 	 39 	 0 	  Tumour 
45 	 864.637 	 131.996 	 822.119 	 86.8217 	 8289 	 122.066 	 89.7985 	 0.677359 	 0.927285 	 374.777 	 1974.4 	 448.314 	 0.227063 	 1170.65 	 1849.54 	 916.802 	 -123.948 	 160.902 	 0.157873 	 1019.19 	 10712 	 0.844595 	 523.664 	 1333.97 	 1590.01 	 1373.92 	 0.850312 	 1655.15 	 1534.48 	 450.883 	 0.283572 	 167 	 603 	 247.946 	 40.8509 	 3 	 916.369 	 0.110552 	 39.2485 	 7.73183 	 28.143 	 15.8309 	 89 	 38 	 55.6667 	 28.8848 	 0 	 0 	 NaN 	 NaN 	 0 	 0 	 0 	 NaN 	 NaN 	 NaN 	 NaN 	 0 	 0 	 NaN 	 NaN 	  Tumour 
46 	 859.382 	 533.657 	 903.549 	 204.245 	 3570 	 94.2895 	 53.1087 	 0.826285 	 0.890496 	 268.652 	 1613.23 	 415.853 	 0.257776 	 1141.83 	 1488.37 	 535.627 	 59.7528 	 54.7892 	 0.0858753 	 638.009 	 4546 	 0.883748 	 308.267 	 1075.33 	 1317.06 	 1100.96 	 0.816254 	 1321.43 	 1266.64 	 362.959 	 0.275583 	 106 	 230 	 206.179 	 -0.915993 	 3 	 790.291 	 0.22137 	 19.8524 	 6.48211 	 14.1593 	 6.1737 	 57 	 4 	 35.3333 	 27.7909 	 45 	 45 	 250.978 	 -50.8889 	 1 	 0 	 0 	 NaN 	 NaN 	 NaN 	 NaN 	 45 	 45 	 45 	 0 	  Tumour 
47 	 856.029 	 389.215 	 848.539 	 181.177 	 5438 	 91.2686 	 77.448 	 0.529078 	 0.934204 	 308.25 	 1651.23 	 326.97 	 0.198016 	 854.503 	 1526.37 	 580.168 	 -71.8601 	 69.7827 	 0.102238 	 682.55 	 7537 	 0.856672 	 421.924 	 1168.01 	 1545.2 	 1329.1 	 0.95443 	 1551.46 	 1517.59 	 385.445 	 0.249447 	 275 	 668 	 263.807 	 56.712 	 4 	 1725.05 	 0.317221 	 31.0517 	 11.2733 	 19.2827 	 6.63999 	 102 	 43 	 68.75 	 29.4208 	 116 	 329 	 320.698 	 18.8316 	 2 	 1415.19 	 0.26024 	 32.0038 	 32.0038 	 32.0038 	 0 	 70 	 46 	 58 	 16.9706 	  Tumour 
48 	 870.208 	 495.022 	 897.625 	 203.089 	 1826 	 92.8018 	 26.7922 	 0.957419 	 0.87536 	 219.095 	 1089.08 	 345.396 	 0.317146 	 592.518 	 964.213 	 510.075 	 -50.5837 	 61.4401 	 0.100317 	 612.457 	 2565 	 0.869197 	 259.539 	 1257.7 	 1493.94 	 1277.84 	 0.726891 	 1495.18 	 1470.81 	 428.356 	 0.286729 	 41 	 43 	 187.829 	 -19.266 	 1 	 0 	 0 	 NaN 	 NaN 	 NaN 	 NaN 	 41 	 41 	 41 	 0 	 0 	 0 	 NaN 	 NaN 	 0 	 0 	 0 	 NaN 	 NaN 	 NaN 	 NaN 	 0 	 0 	 NaN 	 NaN 	  Tumour 
49 	 868.878 	 738.101 	 885.61 	 105.475 	 2697 	 93.4253 	 38.3677 	 0.91178 	 0.938087 	 226.35 	 1257.97 	 390.929 	 0.310762 	 829.554 	 1133.11 	 294.222 	 46.2629 	 61.2624 	 0.154467 	 396.605 	 4619 	 0.945741 	 297.054 	 319.584 	 267.428 	 51.3288 	 0 	 0 	 266.286 	 94.5822 	 0.353674 	 104 	 140 	 188.538 	 -18.5568 	 2 	 450.177 	 0.166918 	 10.6949 	 10.6949 	 10.6949 	 0 	 71 	 33 	 52 	 26.8701 	 88 	 132 	 197.534 	 -104.333 	 2 	 523.068 	 0.193944 	 11.1717 	 11.1717 	 11.1717 	 0 	 50 	 38 	 44 	 8.48528 	  Lymph 
50 	 868.228 	 229.33 	 829.165 	 50.1199 	 2959 	 66.3403 	 60.5361 	 0.409059 	 0.914118 	 227.522 	 1134.67 	 287.276 	 0.253181 	 599.942 	 1009.8 	 729.861 	 44.8178 	 72.9092 	 0.0876056 	 832.244 	 4348 	 0.890619 	 297.48 	 729.253 	 744.605 	 528.506 	 0.533835 	 764.838 	 740.854 	 186.87 	 0.250965 	 72 	 73 	 264.708 	 57.6131 	 1 	 0 	 0 	 NaN 	 NaN 	 NaN 	 NaN 	 72 	 72 	 72 	 0 	 0 	 0 	 NaN 	 NaN 	 0 	 0 	 0 	 NaN 	 NaN 	 NaN 	 NaN 	 0 	 0 	 NaN 	 NaN 	  Tumour 
51 	 873.398 	 453.01 	 884.957 	 205.679 	 3152 	 84.0647 	 50.4051 	 0.800301 	 0.893931 	 244.309 	 1175.25 	 314.84 	 0.267891 	 710.501 	 1050.39 	 458.945 	 -91.7143 	 128.454 	 0.22884 	 561.327 	 4688 	 0.848507 	 339.581 	 1111.34 	 1351.13 	 1135.03 	 0.839228 	 1319.96 	 1389.25 	 319.539 	 0.236497 	 0 	 0 	 NaN 	 NaN 	 0 	 0 	 0 	 NaN 	 NaN 	 NaN 	 NaN 	 0 	 0 	 NaN 	 NaN 	 0 	 0 	 NaN 	 NaN 	 0 	 0 	 0 	 NaN 	 NaN 	 NaN 	 NaN 	 0 	 0 	 NaN 	 NaN 	  Tumour 
52 	 896.443 	 53.5159 	 857.947 	 131.187 	 4088 	 86.3173 	 62.0435 	 0.695233 	 0.960075 	 255.279 	 1592.79 	 538.905 	 0.33834 	 1106.03 	 1467.93 	 1042.02 	 -9.31389 	 145.628 	 0.127253 	 1144.4 	 8882 	 0.873439 	 488.936 	 1163.95 	 1240.44 	 1024.35 	 0.437778 	 1790.77 	 1084.3 	 602.676 	 0.485855 	 45 	 45 	 217.067 	 9.97143 	 1 	 0 	 0 	 NaN 	 NaN 	 NaN 	 NaN 	 45 	 45 	 45 	 0 	 0 	 0 	 NaN 	 NaN 	 0 	 0 	 0 	 NaN 	 NaN 	 NaN 	 NaN 	 0 	 0 	 NaN 	 NaN 	  Tumour 
53 	 917.815 	 343.621 	 897.123 	 139.129 	 4781 	 100.157 	 63.9816 	 0.769362 	 0.939108 	 282.208 	 1813.98 	 371.475 	 0.204784 	 919.349 	 1689.12 	 593.49 	 -34.1604 	 66.0455 	 0.0949103 	 695.873 	 7999 	 0.838645 	 460.693 	 1220.31 	 1643.84 	 1427.74 	 0.55792 	 1732.72 	 1595.62 	 492.919 	 0.299859 	 288 	 1186 	 243.889 	 36.7937 	 5 	 863.892 	 0.180693 	 45.8752 	 11.8068 	 28.4558 	 11.2278 	 69 	 45 	 57.6 	 9.81326 	 126 	 539 	 290.675 	 -11.1921 	 2 	 1125.99 	 0.235514 	 49.2641 	 49.2641 	 49.2641 	 0 	 68 	 58 	 63 	 7.07107 	  Tumour 
54 	 906.646 	 832.942 	 967.952 	 174.874 	 1839 	 60.8772 	 38.6421 	 0.772713 	 0.971987 	 170.267 	 698.544 	 217.45 	 0.311291 	 429.728 	 573.682 	 689.764 	 -70.9818 	 181.206 	 0.228753 	 792.147 	 3086 	 0.973502 	 221.941 	 626.863 	 575.071 	 358.971 	 0 	 0 	 0 	 236.442 	 0.411154 	 166 	 206 	 301.518 	 94.4228 	 1 	 0 	 0 	 NaN 	 NaN 	 NaN 	 NaN 	 166 	 166 	 166 	 0 	 0 	 0 	 NaN 	 NaN 	 0 	 0 	 0 	 NaN 	 NaN 	 NaN 	 NaN 	 0 	 0 	 NaN 	 NaN 	  Lymph 
55 	 912.103 	 205.384 	 816.202 	 50.1199 	 933 	 49.8168 	 24.8577 	 0.866612 	 0.905825 	 137.196 	 663.225 	 138.864 	 0.209378 	 263.586 	 538.363 	 625.737 	 42.2576 	 77.1522 	 0.105961 	 728.12 	 3007 	 0.796134 	 276.51 	 944.019 	 1147.85 	 931.753 	 0.792 	 1327.15 	 1006.63 	 636.314 	 0.554352 	 0 	 0 	 NaN 	 NaN 	 0 	 0 	 0 	 NaN 	 NaN 	 NaN 	 NaN 	 0 	 0 	 NaN 	 NaN 	 0 	 0 	 NaN 	 NaN 	 0 	 0 	 0 	 NaN 	 NaN 	 NaN 	 NaN 	 0 	 0 	 NaN 	 NaN 	  Other 
56 	 921.063 	 553.623 	 968.167 	 160.975 	 4879 	 104.835 	 60.1598 	 0.818959 	 0.954421 	 285.279 	 2270.12 	 376.635 	 0.16591 	 1220.99 	 2145.25 	 583.771 	 40.4213 	 37.2846 	 0.0543386 	 686.153 	 6154 	 0.895518 	 378.61 	 976.292 	 1207.23 	 991.132 	 0.740845 	 1242.71 	 1190.79 	 348.025 	 0.288284 	 249 	 1270 	 219.522 	 12.4269 	 5 	 995.816 	 0.204102 	 64.322 	 9.80651 	 32.8404 	 15.3396 	 83 	 35 	 49.8 	 19.8922 	 127 	 1006 	 255.307 	 -46.5596 	 3 	 761.755 	 0.156129 	 52.9437 	 32.6683 	 39.4792 	 10.4298 	 45 	 39 	 42.3333 	 3.05505 	  Tumour 
57 	 917.062 	 419.573 	 915.943 	 175.775 	 1314 	 48.0191 	 37.203 	 0.632262 	 0.896928 	 149.983 	 1146.82 	 308.263 	 0.268797 	 414.46 	 1021.96 	 562.244 	 -12.842 	 77.1444 	 0.116072 	 664.626 	 2049 	 0.834283 	 223.397 	 1712.8 	 1793.14 	 1577.04 	 0.830097 	 1660.85 	 1898.29 	 393.691 	 0.219554 	 15 	 15 	 203.733 	 -3.3619 	 1 	 0 	 0 	 NaN 	 NaN 	 NaN 	 NaN 	 15 	 15 	 15 	 0 	 0 	 0 	 NaN 	 NaN 	 0 	 0 	 0 	 NaN 	 NaN 	 NaN 	 NaN 	 0 	 0 	 NaN 	 NaN 	  Tumour 
58 	 962.002 	 667.192 	 1056.41 	 117.004 	 4356 	 102.502 	 54.4375 	 0.847316 	 0.966926 	 272.35 	 822.853 	 276.296 	 0.335778 	 566.055 	 697.991 	 251.592 	 140.262 	 105.898 	 0.299169 	 353.975 	 6230 	 0.953037 	 334.225 	 261.927 	 205.551 	 -10.5487 	 0.14557 	 177.304 	 204.164 	 104.173 	 0.506801 	 50 	 51 	 165.68 	 -41.4152 	 1 	 0 	 0 	 NaN 	 NaN 	 NaN 	 NaN 	 50 	 50 	 50 	 0 	 104 	 413 	 180.192 	 -121.674 	 2 	 164.246 	 0.0377057 	 40.8152 	 40.8152 	 40.8152 	 0 	 59 	 45 	 52 	 9.89949 	  Tumour 
59 	 969.225 	 162.983 	 878.282 	 108.522 	 2275 	 71.6746 	 42.5272 	 0.804953 	 0.962759 	 199.338 	 1360.97 	 289.317 	 0.212582 	 827.332 	 1236.1 	 1148.74 	 -206.244 	 301.602 	 0.241065 	 1251.12 	 5783 	 0.919981 	 340.368 	 1326.87 	 1266.27 	 1050.17 	 0.484277 	 1790.55 	 1099.73 	 654.603 	 0.516955 	 0 	 0 	 NaN 	 NaN 	 0 	 0 	 0 	 NaN 	 NaN 	 NaN 	 NaN 	 0 	 0 	 NaN 	 NaN 	 110 	 118 	 781.727 	 479.861 	 1 	 0 	 0 	 NaN 	 NaN 	 NaN 	 NaN 	 110 	 110 	 110 	 0 	  Lymph 
60 	 979.248 	 380.524 	 965.05 	 142.274 	 4727 	 95.9633 	 64.4041 	 0.741337 	 0.92759 	 285.765 	 1910.74 	 429.158 	 0.224602 	 858.205 	 1785.88 	 656.354 	 4.7094 	 76.2211 	 0.100458 	 758.737 	 6057 	 0.893363 	 381.723 	 1577.69 	 1853.41 	 1637.31 	 0.773639 	 1830.51 	 1858.86 	 323.139 	 0.174348 	 297 	 952 	 245.785 	 38.6893 	 5 	 683.582 	 0.144612 	 38.8502 	 10.6782 	 23.3782 	 8.49886 	 100 	 40 	 59.4 	 24.986 	 57 	 58 	 319.719 	 17.8526 	 1 	 0 	 0 	 NaN 	 NaN 	 NaN 	 NaN 	 57 	 57 	 57 	 0 	  Tumour 
61 	 984.423 	 583.665 	 1037.94 	 121.696 	 4932 	 93.4019 	 68.964 	 0.674409 	 0.949923 	 291.321 	 1512.04 	 490.416 	 0.324342 	 968.78 	 1387.17 	 473.124 	 155.823 	 106.648 	 0.185312 	 575.506 	 6396 	 0.916201 	 354.853 	 616.821 	 715.848 	 499.749 	 0.651515 	 856.949 	 638.391 	 392.515 	 0.548321 	 249 	 1030 	 202.474 	 -4.62134 	 5 	 694.017 	 0.140717 	 55.0668 	 10.7722 	 30.4655 	 15.3863 	 60 	 33 	 49.8 	 10.1833 	 90 	 432 	 223.778 	 -78.0889 	 2 	 711.851 	 0.144333 	 49.4474 	 49.4474 	 49.4474 	 0 	 61 	 29 	 45 	 22.6274 	  Tumour 
62 	 987.62 	 499.221 	 1008.78 	 85.0235 	 3608 	 82.4814 	 57.1991 	 0.720477 	 0.913187 	 258.593 	 2147.96 	 331.529 	 0.154346 	 918.014 	 2023.1 	 617.761 	 55.367 	 59.8453 	 0.0831019 	 720.144 	 5102 	 0.916801 	 310.024 	 936.953 	 1214.56 	 998.457 	 0.884615 	 1244.31 	 1176.06 	 199.31 	 0.164101 	 179 	 457 	 223.838 	 16.7428 	 4 	 899.649 	 0.249348 	 26.2797 	 9.32031 	 17.1687 	 6.38637 	 52 	 36 	 44.75 	 6.60177 	 35 	 35 	 273.571 	 -28.2952 	 1 	 0 	 0 	 NaN 	 NaN 	 NaN 	 NaN 	 35 	 35 	 35 	 0 	  Tumour 
63 	 1024.58 	 450.011 	 1027.98 	 68.0074 	 3668 	 87.4759 	 56.7001 	 0.761487 	 0.820215 	 294.149 	 1704.72 	 680 	 0.398892 	 1083.51 	 1579.86 	 653.468 	 15.5624 	 105.504 	 0.139583 	 755.85 	 7493 	 0.801219 	 458.25 	 1108.57 	 1353.2 	 1137.1 	 0.665865 	 1320 	 1386.03 	 437.674 	 0.323436 	 102 	 134 	 221.706 	 14.6106 	 2 	 772.431 	 0.210586 	 9.41883 	 9.41883 	 9.41883 	 0 	 53 	 49 	 51 	 2.82843 	 0 	 0 	 NaN 	 NaN 	 0 	 0 	 0 	 NaN 	 NaN 	 NaN 	 NaN 	 0 	 0 	 NaN 	 NaN 	  Tumour 
64 	 1029.55 	 323.304 	 1002.75 	 158.773 	 3390 	 84.4621 	 52.0297 	 0.787736 	 0.95493 	 237.037 	 2026.44 	 488.454 	 0.24104 	 883.844 	 1901.58 	 793.672 	 -49.363 	 66.1611 	 0.0738361 	 896.054 	 4837 	 0.889481 	 336.853 	 1665.67 	 1918.07 	 1701.97 	 0.596154 	 1991.45 	 1868.5 	 294.993 	 0.153797 	 137 	 275 	 260.131 	 53.0361 	 2 	 1274.37 	 0.375921 	 18.1741 	 18.1741 	 18.1741 	 0 	 79 	 58 	 68.5 	 14.8492 	 78 	 297 	 307.41 	 5.54359 	 2 	 491.061 	 0.144856 	 32.3222 	 32.3222 	 32.3222 	 0 	 48 	 30 	 39 	 12.7279 	  Tumour 
65 	 1030.06 	 523.578 	 1056.91 	 48.7647 	 2965 	 93.701 	 41.6774 	 0.895634 	 0.877998 	 251.765 	 2041.25 	 538.712 	 0.263913 	 1401.37 	 1916.39 	 554.548 	 114.061 	 61.31 	 0.093328 	 656.931 	 4137 	 0.855813 	 306.995 	 743.197 	 818.108 	 602.009 	 0.744604 	 920.329 	 753.567 	 274.346 	 0.335342 	 237 	 1324 	 216.16 	 9.0651 	 5 	 364.647 	 0.122984 	 66.2872 	 8.81157 	 37.0593 	 17.5795 	 56 	 40 	 47.4 	 6.46529 	 52 	 53 	 254.327 	 -47.5397 	 1 	 0 	 0 	 NaN 	 NaN 	 NaN 	 NaN 	 52 	 52 	 52 	 0 	  Tumour 
66 	 1080.56 	 274.486 	 1045.86 	 157.686 	 4864 	 104.208 	 60.7818 	 0.812274 	 0.959369 	 304.35 	 1328.9 	 517.509 	 0.389427 	 839.291 	 1204.04 	 810.527 	 119.851 	 129.093 	 0.141408 	 912.91 	 9103 	 0.809948 	 513.279 	 1067.91 	 1182.36 	 966.264 	 0.432773 	 1609.41 	 1057.34 	 626.755 	 0.530086 	 0 	 0 	 NaN 	 NaN 	 0 	 0 	 0 	 NaN 	 NaN 	 NaN 	 NaN 	 0 	 0 	 NaN 	 NaN 	 0 	 0 	 NaN 	 NaN 	 0 	 0 	 0 	 NaN 	 NaN 	 NaN 	 NaN 	 0 	 0 	 NaN 	 NaN 	  Tumour 
67 	 1072.77 	 500.619 	 993.177 	 48.7647 	 1159 	 41.0548 	 37.7944 	 0.390547 	 0.946895 	 137.154 	 1830.34 	 300.485 	 0.164169 	 953.7 	 1705.48 	 662.841 	 -157.145 	 57.4005 	 0.0750115 	 765.223 	 1611 	 0.953819 	 158.953 	 636.792 	 651.168 	 435.069 	 0.49635 	 632.279 	 661.252 	 97.6142 	 0.149906 	 0 	 0 	 NaN 	 NaN 	 0 	 0 	 0 	 NaN 	 NaN 	 NaN 	 NaN 	 0 	 0 	 NaN 	 NaN 	 0 	 0 	 NaN 	 NaN 	 0 	 0 	 0 	 NaN 	 NaN 	 NaN 	 NaN 	 0 	 0 	 NaN 	 NaN 	  Lymph 
68 	 1097.06 	 351.677 	 1073.94 	 118.207 	 4044 	 88.6482 	 59.4196 	 0.742103 	 0.929228 	 268.593 	 1207.83 	 467.062 	 0.386696 	 675.134 	 1082.96 	 823.16 	 -117.442 	 372.703 	 0.402686 	 925.543 	 7276 	 0.864955 	 450.108 	 1194.62 	 1182.18 	 966.078 	 0.492718 	 1571.17 	 1065.88 	 541.429 	 0.457993 	 65 	 67 	 247.585 	 40.4894 	 1 	 0 	 0 	 NaN 	 NaN 	 NaN 	 NaN 	 65 	 65 	 65 	 0 	 0 	 0 	 NaN 	 NaN 	 0 	 0 	 0 	 NaN 	 NaN 	 NaN 	 NaN 	 0 	 0 	 NaN 	 NaN 	  Tumour 
69 	 1090.29 	 469.699 	 1004.02 	 68.0074 	 1956 	 61.7994 	 42.6068 	 0.724345 	 0.891929 	 188.652 	 1233.03 	 404.789 	 0.328288 	 851.769 	 1108.17 	 788.337 	 -232.36 	 168.954 	 0.189683 	 890.72 	 3129 	 0.854685 	 260.551 	 753.21 	 731.405 	 515.306 	 0.45815 	 727.817 	 732.831 	 230.769 	 0.315515 	 88 	 147 	 214.977 	 7.88203 	 2 	 101.174 	 0.051725 	 12.5934 	 12.5934 	 12.5934 	 0 	 47 	 41 	 44 	 4.24264 	 75 	 182 	 245.427 	 -56.44 	 2 	 103.708 	 0.0530203 	 19.8805 	 19.8805 	 19.8805 	 0 	 40 	 35 	 37.5 	 3.53553 	  Lymph 
70 	 1138.75 	 583.714 	 1076.95 	 124.423 	 3054 	 67.452 	 57.7631 	 0.516381 	 0.978846 	 210.652 	 995.712 	 461.273 	 0.463259 	 730.77 	 870.85 	 466.629 	 49.6992 	 79.1633 	 0.139124 	 569.012 	 4738 	 0.972895 	 273.255 	 431.864 	 370.931 	 154.831 	 0 	 0 	 0 	 111.663 	 0.301036 	 59 	 62 	 192.407 	 -14.6885 	 1 	 0 	 0 	 NaN 	 NaN 	 NaN 	 NaN 	 59 	 59 	 59 	 0 	 37 	 37 	 216.649 	 -85.218 	 1 	 0 	 0 	 NaN 	 NaN 	 NaN 	 NaN 	 37 	 37 	 37 	 0 	  Lymph 
71 	 1183.98 	 489.031 	 1099.89 	 157.927 	 2647 	 62.9839 	 54.3595 	 0.505085 	 0.96465 	 200.51 	 650.771 	 179.686 	 0.276113 	 414.996 	 525.909 	 720.09 	 91.592 	 207.018 	 0.251702 	 822.472 	 4114 	 0.962114 	 257.255 	 659.631 	 595.246 	 379.147 	 0 	 0 	 0 	 222.953 	 0.374556 	 0 	 0 	 NaN 	 NaN 	 0 	 0 	 0 	 NaN 	 NaN 	 NaN 	 NaN 	 0 	 0 	 NaN 	 NaN 	 55 	 56 	 342.218 	 40.3515 	 1 	 0 	 0 	 NaN 	 NaN 	 NaN 	 NaN 	 55 	 55 	 55 	 0 	  Lymph 
72 	 1274.36 	 168.324 	 1180.07 	 220.193 	 2342 	 80.6569 	 38.9087 	 0.875953 	 0.894234 	 220.208 	 1035.94 	 362.246 	 0.349681 	 650.602 	 911.073 	 756.183 	 57.5353 	 146.27 	 0.170366 	 858.566 	 3585 	 0.930444 	 271.338 	 702.97 	 612.59 	 396.491 	 0.17623 	 586 	 612.719 	 316.96 	 0.517409 	 206 	 851 	 261.243 	 54.1475 	 4 	 701.112 	 0.299365 	 32.5939 	 12.0899 	 23.0282 	 7.36898 	 68 	 25 	 51.5 	 20.0416 	 69 	 242 	 333.971 	 32.1043 	 2 	 888.229 	 0.379261 	 19.75 	 19.75 	 19.75 	 0 	 45 	 24 	 34.5 	 14.8492 	  Lymph 
73 	 1299.83 	 137.233 	 1209.63 	 258.322 	 1598 	 52.7553 	 41.5839 	 0.615366 	 0.886792 	 180.409 	 1016.58 	 363.268 	 0.357342 	 663.846 	 891.722 	 686.502 	 -114.594 	 109.638 	 0.138979 	 788.884 	 2264 	 0.940199 	 205.38 	 590.268 	 579.234 	 363.135 	 0.426901 	 560.918 	 577.892 	 188.148 	 0.324822 	 37 	 47 	 289.054 	 81.9588 	 1 	 0 	 0 	 NaN 	 NaN 	 NaN 	 NaN 	 37 	 37 	 37 	 0 	 0 	 0 	 0 	 -301.867 	 0 	 0 	 0 	 NaN 	 NaN 	 NaN 	 NaN 	 0 	 0 	 NaN 	 NaN 	  Lymph 
74 	 1336.84 	 105.713 	 1250.67 	 306.203 	 1626 	 58.1391 	 35.7502 	 0.788599 	 0.969589 	 159.196 	 704.914 	 174.922 	 0.248147 	 439.721 	 580.052 	 795.794 	 -56.4703 	 75.7617 	 0.0843506 	 898.177 	 2652 	 0.965768 	 208.083 	 555.066 	 518.959 	 302.859 	 0.154639 	 524.233 	 513.824 	 68.8248 	 0.132621 	 0 	 0 	 0 	 -207.095 	 0 	 0 	 0 	 NaN 	 NaN 	 NaN 	 NaN 	 0 	 0 	 NaN 	 NaN 	 0 	 0 	 0 	 -301.867 	 0 	 0 	 0 	 NaN 	 NaN 	 NaN 	 NaN 	 0 	 0 	 NaN 	 NaN 	  Other 
