rownames 	XLoc 	YLoc 	NNDistSame 	NNDistOpp 	dapi_Area 	dapi_MajorAxisLength 	dapi_MinorAxisLength 	dapi_Eccentricity 	dapi_Solidity 	dapi_Perimeter 	dapi_MeanIntensity 	dapi_PixelSD 	dapi_PixelCV 	dapi_NucAdjustedInt 	dapi_BackAdjustedInt 	memb_Area 	memb_Solidity 	memb_Perimeter 	memb_MeanIntensity 	memb_MembraneIntensity 	memb_temp 	memb_pcTouch 	memb_OverLapIntensity 	memb_nonLapIntensity 	memb_PixelSD 	memb_PixelCV 	cent_Area 	cent_ConvexArea 	cent_MeanIntensity 	cent_BackAdjustedInt 	cent_CN 	cent_AreaSD 	cent_CoeffVar 	cent_MaxSpotDist 	cent_MinSpotDist 	cent_MeanSpotDist 	cent_SDSpotDist 	cent_SpotAreaMax 	cent_SpotAreaMin 	cent_SpotAreaMean 	cent_SpotAreaSD 	nucl_BackgroundAdjust 	nucl_NuclearAdjustedInt 	nucl_PixelSD 	nucl_PixelCV 	nucl_MeanIntensity 	Her2_Area 	Her2_ConvexArea 	Her2_MeanIntensity 	Her2_BackAdjustedInt 	Her2_CN 	Her2_AreaSD 	Her2_CoeffVar 	Her2_MaxSpotDist 	Her2_MinSpotDist 	Her2_MeanSpotDist 	Her2_SDSpotDist 	Her2_SpotAreaMax 	Her2_SpotAreaMin 	Her2_SpotAreaMean 	Her2_SpotAreaSD 	CellLabels 	
1 	 93.2928 	 478.361 	 63.6003 	 191.943 	 5949 	 161.295 	 58.2327 	 0.932553 	 0.728865 	 406.032 	 1836.06 	 573.681 	 0.312452 	 687.094 	 1836.06 	 8934 	 0.711816 	 568.926 	 748.653 	 919.301 	 919.301 	 0.199153 	 1037.3 	 897.294 	 292.409 	 0.318077 	 0 	 0 	 NaN 	 NaN 	 0 	 0 	 0 	 NaN 	 NaN 	 NaN 	 NaN 	 0 	 0 	 NaN 	 NaN 	 348.503 	 21.3746 	 61.3393 	 0.176008 	 348.503 	 358 	 1001 	 392.612 	 392.612 	 1 	 0 	 0 	 NaN 	 NaN 	 NaN 	 0 	 200 	 158 	 179 	 29.6985 	  Tumour 
2 	 70.1771 	 90.5405 	 200.871 	 159.656 	 8041 	 131.764 	 79.2953 	 0.798647 	 0.955669 	 378.635 	 1856.65 	 459.423 	 0.247448 	 641.884 	 1856.65 	 9004 	 0.904561 	 423.605 	 596.434 	 696.706 	 696.706 	 0 	 0 	 0 	 182.703 	 0.262238 	 195 	 948 	 249.21 	 249.21 	 4 	 2010.69 	 0.250055 	 48.5119 	 9.20445 	 28.7191 	 13.2637 	 57 	 38 	 48.75 	 8.26136 	 368.947 	 17.8496 	 52.2656 	 0.141662 	 368.947 	 643 	 1528 	 364.846 	 364.846 	 5 	 1670.38 	 0.207733 	 42.0476 	 10.0778 	 25.4166 	 9.57432 	 204 	 34 	 107.167 	 78.0908 	  Tumour 
3 	 111.263 	 539.495 	 63.6003 	 176.556 	 5857 	 112.838 	 68.4931 	 0.794701 	 0.906937 	 337.605 	 1816.48 	 589.625 	 0.324597 	 754.195 	 1816.48 	 6808 	 0.903277 	 384.132 	 849.85 	 1003.58 	 1003.58 	 0.52795 	 997.594 	 995.894 	 366.443 	 0.365135 	 0 	 0 	 NaN 	 NaN 	 0 	 0 	 0 	 NaN 	 NaN 	 NaN 	 NaN 	 0 	 0 	 NaN 	 NaN 	 393.955 	 41.4904 	 43.0356 	 0.10924 	 393.955 	 73 	 131 	 314.082 	 314.082 	 2 	 2614.54 	 0.446396 	 14.1426 	 14.1426 	 14.1426 	 0 	 38 	 35 	 36.5 	 2.12132 	  Tumour 
4 	 140.594 	 639.231 	 168.003 	 185.235 	 7063 	 154.45 	 60.1159 	 0.921142 	 0.878592 	 397.22 	 2038.25 	 560.199 	 0.274843 	 873.259 	 2038.25 	 10482 	 0.811489 	 585.428 	 655.846 	 852.321 	 852.321 	 0.326733 	 897.958 	 837.637 	 319.518 	 0.37488 	 98 	 559 	 183.031 	 183.031 	 3 	 1685.82 	 0.238684 	 70.9587 	 9.48683 	 47.7248 	 29.8468 	 45 	 8 	 32.6667 	 21.362 	 336.153 	 -33.5313 	 46.668 	 0.13883 	 336.153 	 701 	 3734 	 380.412 	 380.412 	 12 	 1141.5 	 0.161616 	 142.506 	 6.56694 	 59.9771 	 36.2016 	 137 	 18 	 58.4167 	 41.042 	  Tumour 
5 	 141.263 	 234.18 	 86.4523 	 125.24 	 2108 	 85.6794 	 33.8752 	 0.918521 	 0.839172 	 229.279 	 1533.21 	 437.58 	 0.285401 	 514.483 	 1533.21 	 4717 	 0.887989 	 324.978 	 761.61 	 801.054 	 801.054 	 0.107527 	 451.5 	 819.591 	 385.494 	 0.481234 	 52 	 55 	 244.673 	 244.673 	 1 	 0 	 0 	 NaN 	 NaN 	 NaN 	 NaN 	 52 	 52 	 52 	 0 	 262.569 	 -66.1975 	 31.0486 	 0.118249 	 262.569 	 0 	 0 	 NaN 	 NaN 	 0 	 0 	 0 	 NaN 	 NaN 	 NaN 	 NaN 	 0 	 0 	 NaN 	 NaN 	  Fib 
6 	 199.973 	 976.66 	 510.343 	 232.777 	 7449 	 124.422 	 77.1059 	 0.78483 	 0.954755 	 356.534 	 1551.58 	 382.975 	 0.24683 	 587.794 	 1551.58 	 12954 	 0.928336 	 488.96 	 550.675 	 780.242 	 780.242 	 0.336406 	 938.678 	 749.36 	 197.209 	 0.252754 	 105 	 325 	 191.933 	 191.933 	 2 	 1585.32 	 0.212824 	 31.0773 	 31.0773 	 31.0773 	 0 	 53 	 52 	 52.5 	 0.707107 	 471.011 	 120.258 	 62.5942 	 0.132893 	 471.011 	 331 	 1540 	 411.202 	 411.202 	 5 	 942.827 	 0.126571 	 61.8922 	 13.8116 	 32.595 	 14.7763 	 110 	 23 	 66.2 	 39.7266 	  Tumour 
7 	 183.531 	 309.126 	 86.4523 	 149.375 	 3393 	 108.553 	 40.6951 	 0.927071 	 0.919014 	 279.279 	 1483.03 	 421.303 	 0.284083 	 524.274 	 1483.03 	 4088 	 0.921967 	 296.108 	 387.397 	 455.047 	 455.047 	 0.310078 	 569.712 	 434.353 	 153.846 	 0.338089 	 50 	 53 	 200.72 	 200.72 	 1 	 0 	 0 	 NaN 	 NaN 	 NaN 	 NaN 	 50 	 50 	 50 	 0 	 176.383 	 -194.341 	 23.9976 	 0.136054 	 176.383 	 35 	 36 	 227.114 	 227.114 	 1 	 0 	 0 	 NaN 	 NaN 	 NaN 	 NaN 	 35 	 35 	 35 	 0 	  Fib 
8 	 206.283 	 693.245 	 242.887 	 186.507 	 6645 	 112.44 	 76.1893 	 0.735429 	 0.964301 	 332.635 	 2002.77 	 570.856 	 0.285033 	 1152.67 	 2002.77 	 7799 	 0.878761 	 410.718 	 493.137 	 713.158 	 713.158 	 0.449857 	 823 	 676.002 	 225.271 	 0.315879 	 54 	 56 	 169.648 	 169.648 	 1 	 0 	 0 	 NaN 	 NaN 	 NaN 	 NaN 	 54 	 54 	 54 	 0 	 255.881 	 -140.676 	 56.4015 	 0.220421 	 255.881 	 242 	 1875 	 291.545 	 291.545 	 4 	 1641.47 	 0.247024 	 90.951 	 23.0594 	 50.5302 	 24.8976 	 124 	 28 	 60.5 	 43.0852 	  Tumour 
9 	 219.857 	 914.116 	 454.12 	 187.216 	 2560 	 81.6562 	 42.3416 	 0.855057 	 0.883063 	 235.279 	 1124.45 	 207.323 	 0.184378 	 371.251 	 1124.45 	 3574 	 0.834072 	 313.22 	 873.57 	 926.82 	 926.82 	 0.650376 	 901.324 	 929.566 	 218.112 	 0.235334 	 31 	 32 	 173.387 	 173.387 	 1 	 0 	 0 	 NaN 	 NaN 	 NaN 	 NaN 	 31 	 31 	 31 	 0 	 521.052 	 43.4964 	 42.0406 	 0.0806841 	 521.052 	 177 	 550 	 314.887 	 314.887 	 4 	 438.82 	 0.171414 	 35.536 	 12.8139 	 20.5529 	 8.39178 	 59 	 21 	 44.25 	 16.8795 	  Tumour 
10 	 245.356 	 614.031 	 203.961 	 98.4124 	 8460 	 117.533 	 98.6401 	 0.543738 	 0.83096 	 433.245 	 1681.76 	 523.945 	 0.311546 	 909.848 	 1681.76 	 12487 	 0.890212 	 506.014 	 515.481 	 717.332 	 717.332 	 0.21659 	 922.638 	 684.743 	 264.781 	 0.369119 	 211 	 1028 	 161.905 	 161.905 	 4 	 2297.6 	 0.271584 	 40.7503 	 14.6187 	 29.0683 	 9.86671 	 80 	 41 	 52.75 	 18.2643 	 251.861 	 -82.3234 	 41.5512 	 0.164977 	 251.861 	 214 	 2607 	 265.252 	 265.252 	 6 	 1756.36 	 0.207608 	 76.7362 	 11.0357 	 42.1632 	 18.5972 	 71 	 12 	 35.6667 	 21.0871 	  Tumour 
11 	 241.15 	 47.7559 	 211.178 	 102.65 	 6550 	 105.34 	 82.9202 	 0.616737 	 0.92645 	 356.777 	 2068.48 	 923.575 	 0.4465 	 1179.51 	 2068.48 	 8555 	 0.836429 	 511.73 	 883.346 	 972.661 	 972.661 	 0.163636 	 1337.88 	 938.628 	 322.763 	 0.331835 	 0 	 0 	 NaN 	 NaN 	 0 	 0 	 0 	 NaN 	 NaN 	 NaN 	 NaN 	 0 	 0 	 NaN 	 NaN 	 378.576 	 17.6667 	 38.7558 	 0.102373 	 378.576 	 60 	 408 	 291.017 	 291.017 	 2 	 1000.4 	 0.152732 	 57.1838 	 57.1838 	 57.1838 	 0 	 37 	 23 	 30 	 9.89949 	  DCIS 
12 	 254.393 	 359.789 	 169.248 	 164.283 	 5953 	 151.644 	 53.6713 	 0.935272 	 0.844637 	 384.86 	 1564.18 	 408.199 	 0.260966 	 1008.36 	 1564.18 	 8079 	 0.891427 	 467.487 	 545.231 	 798.238 	 798.238 	 0.124051 	 594.612 	 801.306 	 323.326 	 0.40505 	 32 	 34 	 131.844 	 131.844 	 1 	 0 	 0 	 NaN 	 NaN 	 NaN 	 NaN 	 32 	 32 	 32 	 0 	 171.707 	 -47.1874 	 51.5637 	 0.300301 	 171.707 	 56 	 170 	 197.643 	 197.643 	 2 	 1351.65 	 0.227054 	 23.978 	 23.978 	 23.978 	 0 	 32 	 24 	 28 	 5.65685 	  Fib 
13 	 252.279 	 176.025 	 341.299 	 125.24 	 5243 	 125.467 	 57.3256 	 0.889519 	 0.892881 	 351.563 	 1495.35 	 445.569 	 0.297969 	 767.601 	 1495.35 	 8351 	 0.800287 	 511.144 	 808.13 	 1122.16 	 1122.16 	 0.350114 	 1314.3 	 1079.54 	 335.164 	 0.298679 	 96 	 441 	 188.469 	 188.469 	 2 	 966.456 	 0.184333 	 48.1959 	 48.1959 	 48.1959 	 0 	 59 	 37 	 48 	 15.5563 	 349.438 	 -4.83087 	 57.7181 	 0.165174 	 349.438 	 72 	 234 	 263.542 	 263.542 	 2 	 1278.98 	 0.24394 	 29.9127 	 29.9127 	 29.9127 	 0 	 38 	 34 	 36 	 2.82843 	  Tumour 
14 	 275.465 	 768.894 	 343.227 	 148.122 	 4476 	 114.693 	 51.6287 	 0.892955 	 0.957843 	 302.534 	 1531.37 	 377.891 	 0.246767 	 1034.23 	 1531.37 	 5676 	 0.89414 	 373.948 	 621.867 	 817.434 	 817.434 	 0.298462 	 993.691 	 779.403 	 213.747 	 0.261485 	 123 	 671 	 177.073 	 177.073 	 3 	 1576.32 	 0.352172 	 34.3946 	 23.0009 	 28.0741 	 5.1862 	 48 	 30 	 41 	 9.64365 	 353.808 	 -22.6591 	 36.073 	 0.101956 	 353.808 	 285 	 1340 	 342.361 	 342.361 	 6 	 406.017 	 0.0907098 	 64.5592 	 10.164 	 30.2805 	 17.7951 	 102 	 24 	 47.5 	 29.1119 	  Tumour 
15 	 290.16 	 905.764 	 471.161 	 119.407 	 6879 	 115.258 	 78.5741 	 0.731612 	 0.935664 	 360.818 	 1555.88 	 435.764 	 0.280076 	 1016.18 	 1555.88 	 13218 	 0.943604 	 500.902 	 651.353 	 993.166 	 993.166 	 0.367681 	 960.599 	 989.901 	 279.182 	 0.281103 	 67 	 67 	 214.925 	 214.925 	 1 	 0 	 0 	 NaN 	 NaN 	 NaN 	 NaN 	 67 	 67 	 67 	 0 	 469.106 	 100.686 	 101.348 	 0.216044 	 469.106 	 367 	 902 	 422.482 	 422.482 	 5 	 2297.67 	 0.334012 	 43.8364 	 9.37824 	 22.6398 	 10.1235 	 148 	 30 	 73.4 	 48.2628 	  Tumour 
16 	 286.665 	 525.103 	 325.572 	 98.4124 	 4340 	 112.466 	 49.9218 	 0.896085 	 0.96316 	 287.605 	 1058.19 	 220.628 	 0.208495 	 629.222 	 1058.19 	 6404 	 0.849562 	 418.617 	 583.496 	 824.398 	 824.398 	 0.141243 	 1146.38 	 785.552 	 417.876 	 0.506886 	 0 	 0 	 NaN 	 NaN 	 0 	 0 	 0 	 NaN 	 NaN 	 NaN 	 NaN 	 0 	 0 	 NaN 	 NaN 	 161.249 	 -2.01404 	 18.1882 	 0.112796 	 161.249 	 43 	 43 	 256.488 	 256.488 	 1 	 0 	 0 	 NaN 	 NaN 	 NaN 	 NaN 	 43 	 43 	 43 	 0 	  Fib 
17 	 291.279 	 1002.23 	 560.161 	 182.858 	 3101 	 74.7741 	 56.5592 	 0.654109 	 0.922917 	 249.321 	 1089 	 188.807 	 0.173377 	 476.593 	 1089 	 4968 	 0.875264 	 319.907 	 567.68 	 748.815 	 748.815 	 0.365942 	 841.574 	 724.826 	 148.003 	 0.19765 	 0 	 0 	 NaN 	 NaN 	 0 	 0 	 0 	 NaN 	 NaN 	 NaN 	 NaN 	 0 	 0 	 NaN 	 NaN 	 341.726 	 -13.9613 	 25.5609 	 0.0747992 	 341.726 	 45 	 45 	 234.933 	 234.933 	 1 	 0 	 0 	 NaN 	 NaN 	 NaN 	 NaN 	 45 	 45 	 45 	 0 	  Tumour 
18 	 317.982 	 199.353 	 358.422 	 115.434 	 5138 	 127.722 	 52.2929 	 0.912342 	 0.932656 	 332.576 	 1585.16 	 507.626 	 0.320237 	 933.203 	 1585.16 	 8162 	 0.833027 	 515.245 	 792.288 	 1048.35 	 1048.35 	 0.457207 	 1102.4 	 1023.55 	 269.389 	 0.256965 	 118 	 207 	 214.483 	 214.483 	 2 	 822.35 	 0.160053 	 16.6435 	 16.6435 	 16.6435 	 0 	 59 	 59 	 59 	 0 	 330.117 	 -36.0481 	 50.1826 	 0.152015 	 330.117 	 0 	 0 	 NaN 	 NaN 	 0 	 0 	 0 	 NaN 	 NaN 	 NaN 	 NaN 	 0 	 0 	 NaN 	 NaN 	  Tumour 
19 	 324.853 	 106.512 	 437.567 	 60.0333 	 6247 	 125.03 	 64.7423 	 0.855493 	 0.927818 	 344.049 	 1654.3 	 467.532 	 0.282616 	 917.066 	 1654.3 	 7675 	 0.938379 	 381.019 	 880.408 	 1322.85 	 1322.85 	 0.737805 	 1228.73 	 1364.78 	 336.373 	 0.254278 	 63 	 63 	 237.587 	 237.587 	 1 	 0 	 0 	 NaN 	 NaN 	 NaN 	 NaN 	 63 	 63 	 63 	 0 	 511.328 	 30.3547 	 68.6654 	 0.134288 	 511.328 	 691 	 3401 	 358.783 	 358.783 	 12 	 1132.51 	 0.181289 	 109.202 	 9.72907 	 41.0251 	 22.6785 	 155 	 19 	 57.5833 	 34.862 	  Tumour 
20 	 366.398 	 974.091 	 566.167 	 124.908 	 5302 	 94.4472 	 76.4602 	 0.587045 	 0.889597 	 335.22 	 1346.79 	 309.706 	 0.229959 	 715.189 	 1346.79 	 7474 	 0.809839 	 440.919 	 724.123 	 989.146 	 989.146 	 0.674479 	 900.656 	 1023.18 	 320.944 	 0.324465 	 135 	 442 	 178.489 	 178.489 	 3 	 1091.67 	 0.205897 	 34.0147 	 16.9061 	 23.6884 	 8.12878 	 45 	 45 	 45 	 0 	 440.604 	 35.2401 	 57.2462 	 0.129926 	 440.604 	 238 	 494 	 409.651 	 409.651 	 3 	 1634.36 	 0.308253 	 26.5897 	 12.3443 	 19.1548 	 6.38906 	 102 	 62 	 79.3333 	 20.5264 	  Tumour 
21 	 411.912 	 314.702 	 358.232 	 164.283 	 7081 	 108.302 	 84.9526 	 0.620251 	 0.940622 	 343.706 	 1547.82 	 282.806 	 0.182712 	 872.562 	 1547.82 	 8343 	 0.863218 	 425.546 	 694.314 	 966.129 	 966.129 	 0.656593 	 890.778 	 1009.57 	 258.219 	 0.267272 	 107 	 456 	 219.037 	 219.037 	 2 	 1672.24 	 0.236159 	 44.0486 	 44.0486 	 44.0486 	 0 	 58 	 49 	 53.5 	 6.36396 	 324.08 	 -24.4977 	 31.72 	 0.097877 	 324.08 	 403 	 2387 	 429.191 	 429.191 	 6 	 1945.3 	 0.27472 	 61.0057 	 12.856 	 38.7007 	 16.0552 	 183 	 11 	 67.1667 	 66.4241 	  Tumour 
22 	 384.666 	 104.616 	 276.002 	 60.0333 	 4916 	 173.745 	 43.6394 	 0.967943 	 0.776742 	 408.149 	 1466.93 	 342.766 	 0.233662 	 602.822 	 1466.93 	 8096 	 0.743298 	 593.63 	 917.054 	 1166.31 	 1166.31 	 0.470019 	 1036.51 	 1198.39 	 422.939 	 0.36263 	 44 	 45 	 183.705 	 183.705 	 1 	 0 	 0 	 NaN 	 NaN 	 NaN 	 NaN 	 44 	 44 	 44 	 0 	 351.395 	 -76.9928 	 52.2437 	 0.148675 	 351.395 	 35 	 35 	 263.8 	 263.8 	 1 	 0 	 0 	 NaN 	 NaN 	 NaN 	 NaN 	 35 	 35 	 35 	 0 	  Fib 
23 	 397.252 	 852.545 	 669.848 	 86.5332 	 2241 	 95.88 	 30.1631 	 0.949227 	 0.950382 	 223.078 	 1411.94 	 402.153 	 0.284823 	 957.388 	 1411.94 	 3767 	 0.789396 	 335.563 	 717.719 	 867.486 	 867.486 	 0.0517241 	 945.533 	 857.426 	 290.965 	 0.335412 	 0 	 0 	 NaN 	 NaN 	 0 	 0 	 0 	 NaN 	 NaN 	 NaN 	 NaN 	 0 	 0 	 NaN 	 NaN 	 234.341 	 -26.4397 	 31.5075 	 0.134451 	 234.341 	 0 	 0 	 NaN 	 NaN 	 0 	 0 	 0 	 NaN 	 NaN 	 NaN 	 NaN 	 0 	 0 	 NaN 	 NaN 	  Fib 
24 	 412.269 	 221.043 	 409.646 	 119.101 	 6559 	 119.029 	 75.8163 	 0.7709 	 0.900838 	 358.735 	 1709.13 	 416.298 	 0.243573 	 983.275 	 1709.13 	 8147 	 0.880757 	 433.848 	 888.962 	 1201.34 	 1201.34 	 0.686842 	 1193.36 	 1195.87 	 449.198 	 0.373913 	 101 	 382 	 212.822 	 212.822 	 2 	 1110.9 	 0.16937 	 40.5103 	 40.5103 	 40.5103 	 0 	 56 	 45 	 50.5 	 7.77817 	 424.997 	 -40.2781 	 57.6859 	 0.135733 	 424.997 	 357 	 1385 	 572.541 	 572.541 	 5 	 2388.89 	 0.364215 	 78.8854 	 9.09424 	 43.5803 	 25.94 	 205 	 17 	 71.4 	 76.8817 	  Tumour 
25 	 424.015 	 711.14 	 404.784 	 144.544 	 3743 	 94.1073 	 54.6887 	 0.81381 	 0.917852 	 277.706 	 1430.97 	 367.504 	 0.256821 	 861.969 	 1430.97 	 6068 	 0.705171 	 479.487 	 723.994 	 1000.44 	 1000.44 	 0.486486 	 1093.72 	 953.2 	 267.656 	 0.267537 	 52 	 53 	 194.154 	 194.154 	 1 	 0 	 0 	 NaN 	 NaN 	 NaN 	 NaN 	 52 	 52 	 52 	 0 	 458.542 	 85.9392 	 61.2889 	 0.133661 	 458.542 	 190 	 498 	 385.005 	 385.005 	 2 	 988.441 	 0.264077 	 36.1726 	 36.1726 	 36.1726 	 0 	 139 	 51 	 95 	 62.2254 	  Tumour 
26 	 422.403 	 993.246 	 611.119 	 142.215 	 4640 	 117.33 	 54.2122 	 0.886855 	 0.920087 	 303.48 	 1492.37 	 319.035 	 0.213778 	 707.627 	 1492.37 	 6458 	 0.850744 	 388.836 	 843.686 	 1225.18 	 1225.18 	 0.56196 	 1056.48 	 1271.3 	 550.649 	 0.449444 	 57 	 59 	 178.158 	 178.158 	 1 	 0 	 0 	 NaN 	 NaN 	 NaN 	 NaN 	 57 	 57 	 57 	 0 	 424.508 	 128.508 	 47.0094 	 0.110739 	 424.508 	 443 	 2447 	 435.321 	 435.321 	 6 	 1371.86 	 0.295659 	 80.381 	 10.9772 	 39.3293 	 21.0046 	 150 	 34 	 73.8333 	 46.8889 	  Tumour 
27 	 446.833 	 556.779 	 362.708 	 163.169 	 5054 	 81.8612 	 80.2518 	 0.197312 	 0.952327 	 283.037 	 1254.5 	 341.649 	 0.272338 	 715.965 	 1254.5 	 6842 	 0.876505 	 386.434 	 656.898 	 931.315 	 931.315 	 0.3003 	 1320.89 	 866.432 	 343.122 	 0.368427 	 56 	 56 	 173.714 	 173.714 	 1 	 0 	 0 	 NaN 	 NaN 	 NaN 	 NaN 	 56 	 56 	 56 	 0 	 400.412 	 85.8362 	 82.4338 	 0.205872 	 400.412 	 748 	 1974 	 351.241 	 351.241 	 8 	 1659.18 	 0.328291 	 52.9575 	 9.39722 	 27.414 	 11.2903 	 221 	 30 	 93.5 	 66.9989 	  Tumour 
28 	 454.274 	 406.061 	 368.11 	 205.061 	 9676 	 127.407 	 97.5204 	 0.643524 	 0.983233 	 379.179 	 1013.4 	 262.109 	 0.258644 	 267.15 	 1013.4 	 12341 	 0.888865 	 510.902 	 799.796 	 827.281 	 827.281 	 0.200913 	 935.25 	 809.436 	 258.847 	 0.312889 	 177 	 1741 	 198.621 	 198.621 	 3 	 2236.4 	 0.231129 	 55.9508 	 40.2292 	 49.3742 	 7.30694 	 62 	 57 	 59 	 2.64575 	 460.537 	 103.04 	 84.6065 	 0.183713 	 460.537 	 591 	 4116 	 272.545 	 272.545 	 12 	 2244.83 	 0.232 	 84.2251 	 9.2148 	 40.1267 	 19.8225 	 93 	 20 	 45.4615 	 21.9682 	  Tumour 
29 	 468.912 	 695.158 	 434.126 	 173.632 	 2902 	 73.3722 	 51.2979 	 0.714978 	 0.965081 	 217.38 	 1698.42 	 410.599 	 0.241753 	 1171.75 	 1698.42 	 3516 	 0.934858 	 254.309 	 791.982 	 1156.46 	 1156.46 	 0.986486 	 1123.64 	 1148.9 	 345.255 	 0.298545 	 0 	 0 	 NaN 	 NaN 	 0 	 0 	 0 	 NaN 	 NaN 	 NaN 	 NaN 	 0 	 0 	 NaN 	 NaN 	 426.599 	 -4.49069 	 53.5894 	 0.12562 	 426.599 	 607 	 1006 	 379.481 	 379.481 	 2 	 182.824 	 0.0629993 	 27.5506 	 13.7928 	 21.3993 	 6.25511 	 537 	 25 	 202.333 	 290.002 	  Tumour 
30 	 469.017 	 805.211 	 498.302 	 86.5332 	 4835 	 96.5175 	 64.2256 	 0.74646 	 0.975585 	 275.279 	 1351.05 	 354.285 	 0.262228 	 803.009 	 1351.05 	 6455 	 0.908132 	 368.25 	 683.884 	 950.554 	 950.554 	 0.355422 	 1081.14 	 926.116 	 288.237 	 0.303231 	 145 	 881 	 204.207 	 204.207 	 3 	 596.107 	 0.12329 	 57.1489 	 24.506 	 39.9939 	 14.6554 	 54 	 41 	 48.3333 	 6.65833 	 525.575 	 103.696 	 82.4094 	 0.156799 	 525.575 	 262 	 1016 	 370.42 	 370.42 	 6 	 1300.31 	 0.268937 	 39.1159 	 8.66279 	 24.1425 	 10.1691 	 85 	 21 	 43.6667 	 22.295 	  Tumour 
31 	 475.643 	 283.425 	 429.784 	 199.912 	 3406 	 82.6915 	 56.0794 	 0.7349 	 0.923536 	 256.593 	 1410.61 	 252.668 	 0.179119 	 538.737 	 1410.61 	 3769 	 0.894612 	 275.421 	 784.407 	 967.222 	 967.222 	 0.940171 	 983.991 	 961.149 	 282.078 	 0.291637 	 0 	 0 	 NaN 	 NaN 	 0 	 0 	 0 	 NaN 	 NaN 	 NaN 	 NaN 	 0 	 0 	 NaN 	 NaN 	 464.952 	 94.1352 	 49.6854 	 0.106862 	 464.952 	 211 	 791 	 284.555 	 284.555 	 5 	 1029.18 	 0.302167 	 53.7569 	 10.0001 	 29.1923 	 14.2895 	 78 	 5 	 42.2 	 25.975 	  Tumour 
32 	 482.004 	 231.979 	 460.258 	 159.806 	 2522 	 100.009 	 33.2424 	 0.94314 	 0.872966 	 261.765 	 1453.98 	 279.008 	 0.191893 	 773.533 	 1453.98 	 3129 	 0.878193 	 277.765 	 1070.9 	 1218.26 	 1218.26 	 0.987395 	 1192.26 	 1236.13 	 455.539 	 0.373927 	 53 	 55 	 211.226 	 211.226 	 1 	 0 	 0 	 NaN 	 NaN 	 NaN 	 NaN 	 53 	 53 	 53 	 0 	 534.033 	 -7.63186 	 41.1834 	 0.0771178 	 534.033 	 298 	 610 	 373.46 	 373.46 	 3 	 634.576 	 0.251616 	 37.4661 	 13.9796 	 25.0023 	 10.5626 	 142 	 41 	 99.3333 	 52.2909 	  Tumour 
33 	 501.376 	 993.192 	 657.03 	 174.402 	 6564 	 113.267 	 78.1396 	 0.723933 	 0.946367 	 357.605 	 1721.22 	 620.089 	 0.36026 	 1044.08 	 1721.22 	 9113 	 0.941328 	 421.463 	 714.013 	 1139.65 	 1139.65 	 0.16622 	 1439.08 	 1096.22 	 373.71 	 0.327917 	 113 	 588 	 165.168 	 165.168 	 2 	 691.598 	 0.105362 	 57.3406 	 57.3406 	 57.3406 	 0 	 68 	 45 	 56.5 	 16.2635 	 238.885 	 -47.2339 	 66.0737 	 0.276592 	 238.885 	 382 	 1607 	 306.83 	 306.83 	 4 	 1316.31 	 0.200535 	 65.8993 	 15.3964 	 39.075 	 17.8275 	 154 	 37 	 95.5 	 66.4053 	  Tumour 
34 	 509.616 	 175.009 	 515.459 	 143.265 	 7193 	 114.666 	 81.4944 	 0.703481 	 0.960732 	 344.635 	 2198.89 	 686.976 	 0.31242 	 1551 	 2198.89 	 10956 	 0.865471 	 512.073 	 881.928 	 1291.53 	 1291.53 	 0.783599 	 1155.95 	 1371.89 	 433.062 	 0.335308 	 204 	 1793 	 223.897 	 223.897 	 4 	 1332.35 	 0.185229 	 71.868 	 15.0045 	 43.8062 	 22.5546 	 60 	 26 	 51 	 16.6733 	 566.899 	 92.5014 	 66.0896 	 0.116581 	 566.899 	 625 	 1687 	 485.021 	 485.021 	 5 	 1859.5 	 0.258515 	 61.5212 	 9.8934 	 29.0075 	 15.0359 	 319 	 17 	 104.167 	 112.357 	  Tumour 
35 	 494.186 	 629.478 	 428.488 	 231.657 	 2754 	 83.6008 	 42.2826 	 0.862669 	 0.955586 	 220.309 	 1053.88 	 160.167 	 0.151979 	 488.068 	 1053.88 	 5662 	 0.901736 	 344.25 	 840.014 	 1216.77 	 1216.77 	 0.668874 	 1241.98 	 1190.8 	 282.813 	 0.232429 	 0 	 0 	 NaN 	 NaN 	 0 	 0 	 0 	 NaN 	 NaN 	 NaN 	 NaN 	 0 	 0 	 NaN 	 NaN 	 343.576 	 -49.7349 	 28.3857 	 0.0826185 	 343.576 	 200 	 659 	 283.22 	 283.22 	 4 	 469.45 	 0.170461 	 46.5435 	 7.76522 	 25.2102 	 15.2534 	 105 	 20 	 50 	 37.6032 	  Tumour 
36 	 526.972 	 75.0793 	 592.254 	 145.134 	 7634 	 113.906 	 87.2721 	 0.642628 	 0.961098 	 357.563 	 1501.26 	 396.042 	 0.263807 	 957.384 	 1501.26 	 11458 	 0.880234 	 519.245 	 783.687 	 1224.25 	 1224.25 	 0.537946 	 1037.81 	 1282.68 	 357.696 	 0.292175 	 62 	 63 	 228.355 	 228.355 	 1 	 0 	 0 	 NaN 	 NaN 	 NaN 	 NaN 	 62 	 62 	 62 	 0 	 456.122 	 18.9293 	 41.6574 	 0.0913296 	 456.122 	 756 	 4375 	 327.504 	 327.504 	 14 	 1499.91 	 0.196478 	 82.9536 	 8.14914 	 41.5758 	 19.9622 	 108 	 17 	 54 	 31.2607 	  Tumour 
37 	 533.309 	 553.817 	 446.515 	 247.703 	 5537 	 105.636 	 67.1886 	 0.771658 	 0.972256 	 298.392 	 1206.79 	 213.458 	 0.176881 	 706.481 	 1206.79 	 9410 	 0.905156 	 467.588 	 966.182 	 1171.02 	 1171.02 	 0.316583 	 1271.8 	 1132.51 	 268 	 0.228861 	 147 	 330 	 185.238 	 185.238 	 3 	 2713.71 	 0.490104 	 23.0418 	 10.7603 	 16.6274 	 5.50879 	 53 	 46 	 49 	 3.60555 	 436.373 	 29.3094 	 68.9751 	 0.158065 	 436.373 	 514 	 1084 	 500.089 	 500.089 	 7 	 1532.71 	 0.276812 	 52.0051 	 8.5673 	 27.1402 	 13.7575 	 188 	 21 	 73.4286 	 54.6622 	  Tumour 
38 	 541.865 	 308.696 	 479.752 	 257.42 	 6282 	 98.3381 	 85.7012 	 0.490402 	 0.917884 	 336.333 	 2235.72 	 604.354 	 0.270318 	 1028.14 	 2235.72 	 7301 	 0.839003 	 413.446 	 735.668 	 911.023 	 911.023 	 0.775216 	 954.082 	 887.045 	 265.028 	 0.290912 	 136 	 469 	 216.022 	 216.022 	 3 	 720.262 	 0.114655 	 39.5889 	 16.1635 	 26.8843 	 10.5883 	 56 	 35 	 45.3333 	 10.504 	 475.115 	 36.5708 	 49.5839 	 0.104362 	 475.115 	 444 	 2886 	 457.124 	 457.124 	 7 	 2080.22 	 0.33114 	 79.0792 	 10.3483 	 35.5676 	 20.4167 	 249 	 4 	 63.4286 	 87.3229 	  Tumour 
39 	 545.505 	 710.517 	 509.409 	 205.828 	 5285 	 129.03 	 59.0116 	 0.889288 	 0.887788 	 343.463 	 1465.25 	 346.773 	 0.236665 	 885.81 	 1465.25 	 7880 	 0.829561 	 437.019 	 771.43 	 1209.38 	 1209.38 	 0.700521 	 1209.57 	 1200.98 	 334.322 	 0.276441 	 84 	 113 	 193.107 	 193.107 	 2 	 902.548 	 0.170775 	 9.49015 	 9.49015 	 9.49015 	 0 	 49 	 35 	 42 	 9.89949 	 392.76 	 -60.617 	 50.2615 	 0.12797 	 392.76 	 230 	 763 	 349.287 	 349.287 	 4 	 670.393 	 0.126848 	 48.028 	 9.38735 	 30.2137 	 14.9066 	 107 	 35 	 57.5 	 33.5211 	  Tumour 
40 	 544.862 	 796.64 	 553.231 	 158.24 	 3947 	 115.067 	 47.3616 	 0.911365 	 0.885971 	 295.12 	 1335.93 	 340.345 	 0.254762 	 797.318 	 1335.93 	 6486 	 0.845412 	 408.049 	 802.929 	 1103.4 	 1103.4 	 0.408333 	 1279.65 	 1038.5 	 363.232 	 0.329193 	 0 	 0 	 NaN 	 NaN 	 0 	 0 	 0 	 NaN 	 NaN 	 NaN 	 NaN 	 0 	 0 	 NaN 	 NaN 	 373.255 	 -28.0605 	 46.3133 	 0.124079 	 373.255 	 81 	 163 	 313.963 	 313.963 	 2 	 1580.9 	 0.400531 	 16.3104 	 16.3104 	 16.3104 	 0 	 59 	 22 	 40.5 	 26.163 	  Tumour 
41 	 584.775 	 230.838 	 550.521 	 236.381 	 8317 	 108.032 	 103.421 	 0.289048 	 0.93502 	 392.718 	 1807.54 	 483.107 	 0.267273 	 1134.19 	 1807.54 	 12221 	 0.834084 	 524.115 	 744.163 	 1017.43 	 1017.43 	 0.898876 	 1019.4 	 1004.85 	 265.497 	 0.260949 	 130 	 239 	 226.554 	 226.554 	 2 	 2376.7 	 0.285765 	 17.47 	 17.47 	 17.47 	 0 	 76 	 54 	 65 	 15.5563 	 590.181 	 87.4826 	 80.9872 	 0.137224 	 590.181 	 889 	 3648 	 369.69 	 369.69 	 14 	 2591.57 	 0.3116 	 79.2814 	 6.01747 	 38.4844 	 18.1564 	 160 	 6 	 59.2667 	 48.0037 	  Tumour 
42 	 597.631 	 361.402 	 518.376 	 333.024 	 6311 	 107.791 	 76.2375 	 0.706941 	 0.979361 	 311.421 	 1910.93 	 393.989 	 0.206176 	 724.98 	 1910.93 	 7034 	 0.941633 	 353.706 	 858.932 	 1047.76 	 1047.76 	 0.773026 	 1089.87 	 1008.19 	 371.127 	 0.354209 	 71 	 405 	 228.155 	 228.155 	 2 	 357.256 	 0.0566084 	 53.6911 	 53.6911 	 53.6911 	 0 	 57 	 14 	 35.5 	 30.4056 	 667.686 	 168.577 	 119.234 	 0.178578 	 667.686 	 578 	 2529 	 380.22 	 380.22 	 5 	 1165.55 	 0.184685 	 57.9305 	 12.727 	 36.4959 	 15.5072 	 313 	 45 	 115.6 	 112.678 	  Tumour 
43 	 592.566 	 640.041 	 525.589 	 289.456 	 3506 	 93.4004 	 50.662 	 0.840109 	 0.910413 	 268.149 	 1301.63 	 325.278 	 0.2499 	 714.862 	 1301.63 	 6021 	 0.893589 	 352.735 	 819.84 	 1029.22 	 1029.22 	 0.672078 	 967.459 	 1051.68 	 207.356 	 0.201469 	 0 	 0 	 NaN 	 NaN 	 0 	 0 	 0 	 NaN 	 NaN 	 NaN 	 NaN 	 0 	 0 	 NaN 	 NaN 	 479.827 	 32.0845 	 57.0018 	 0.118796 	 479.827 	 171 	 956 	 239.719 	 239.719 	 4 	 532.104 	 0.15177 	 55.7853 	 19.1244 	 33.1971 	 15.3042 	 64 	 29 	 42.75 	 15.7136 	  Tumour 
44 	 608.467 	 417.568 	 518.483 	 338.364 	 4065 	 114.474 	 46.6429 	 0.913225 	 0.925546 	 296.451 	 1616.1 	 402.265 	 0.248912 	 1000.4 	 1616.1 	 5629 	 0.879531 	 367.362 	 998.079 	 1214.33 	 1214.33 	 0.357595 	 970.965 	 1250.24 	 525.372 	 0.432645 	 131 	 545 	 172.87 	 172.87 	 3 	 735.961 	 0.181048 	 47.1474 	 21.2214 	 31.8285 	 12.1553 	 48 	 38 	 43.6667 	 5.1316 	 437.463 	 41.2286 	 77.0651 	 0.176164 	 437.463 	 362 	 1546 	 342.859 	 342.859 	 5 	 687.918 	 0.16923 	 88.6742 	 6.58658 	 47.3911 	 29.909 	 157 	 24 	 72.4 	 58.7733 	  Tumour 
45 	 592.873 	 34.0905 	 668.682 	 219.784 	 3571 	 76.2373 	 62.2425 	 0.577442 	 0.949734 	 246.693 	 1213.13 	 241.851 	 0.199361 	 762.047 	 1213.13 	 4735 	 0.894747 	 328.836 	 818.852 	 960.268 	 960.268 	 0.522648 	 943.32 	 977.492 	 256.438 	 0.267048 	 105 	 342 	 204.086 	 204.086 	 2 	 1154.47 	 0.323291 	 32.4012 	 32.4012 	 32.4012 	 0 	 53 	 52 	 52.5 	 0.707107 	 415.645 	 27.4191 	 54.4267 	 0.130945 	 415.645 	 68 	 106 	 274.162 	 274.162 	 2 	 1896.43 	 0.531065 	 10.079 	 10.079 	 10.079 	 0 	 41 	 27 	 34 	 9.89949 	  Tumour 
46 	 614.515 	 730.693 	 580.08 	 249.816 	 5116 	 100.881 	 68.2597 	 0.736315 	 0.953233 	 298.593 	 1582.11 	 315.144 	 0.199191 	 954.309 	 1582.11 	 5832 	 0.914967 	 340.25 	 625.667 	 1028.31 	 1028.31 	 0.90604 	 1013.87 	 1012.39 	 253.179 	 0.246208 	 119 	 227 	 185.361 	 185.361 	 2 	 1188.94 	 0.232396 	 16.921 	 16.921 	 16.921 	 0 	 63 	 56 	 59.5 	 4.94975 	 434.573 	 -45.08 	 31.6787 	 0.072896 	 434.573 	 626 	 2088 	 443.412 	 443.412 	 7 	 689.814 	 0.134835 	 63.2981 	 10.7363 	 35.8284 	 18.2021 	 239 	 19 	 89.4286 	 76.9261 	  Tumour 
47 	 637.314 	 137.321 	 642.041 	 254.024 	 5783 	 144.457 	 57.8593 	 0.916284 	 0.830652 	 362.777 	 1691.96 	 465.056 	 0.274863 	 1125.28 	 1691.96 	 8085 	 0.653862 	 537.245 	 749.792 	 931.397 	 931.397 	 0.699571 	 906.61 	 948.58 	 196.669 	 0.211155 	 131 	 1241 	 195.412 	 195.412 	 3 	 2138 	 0.369704 	 68.4314 	 23.9816 	 49.4815 	 20.5158 	 60 	 17 	 43.6667 	 23.2881 	 551.17 	 107.063 	 69.014 	 0.125214 	 551.17 	 590 	 2443 	 374.486 	 374.486 	 11 	 1069.9 	 0.185007 	 78.1772 	 10.1387 	 35.1131 	 17.758 	 111 	 17 	 53.6364 	 34.3781 	  Tumour 
48 	 619.703 	 597.128 	 540.268 	 339.507 	 3675 	 78.9536 	 62.4706 	 0.611516 	 0.928265 	 260.451 	 1426.47 	 365.469 	 0.256205 	 889.432 	 1426.47 	 4792 	 0.908436 	 323.22 	 729.163 	 969.587 	 969.587 	 0.550725 	 978 	 954.726 	 234.659 	 0.24202 	 59 	 61 	 183.576 	 183.576 	 1 	 0 	 0 	 NaN 	 NaN 	 NaN 	 NaN 	 59 	 59 	 59 	 0 	 535.294 	 78.4095 	 54.4614 	 0.101741 	 535.294 	 173 	 943 	 299.116 	 299.116 	 3 	 1177.34 	 0.320366 	 36.4242 	 27.0863 	 31.9362 	 4.18546 	 100 	 33 	 57.6667 	 36.8284 	  Tumour 
49 	 638.564 	 82.0466 	 674.486 	 255.039 	 6026 	 115.057 	 68.0262 	 0.806497 	 0.952727 	 317.179 	 1826.82 	 397.825 	 0.217769 	 1142.6 	 1826.82 	 8750 	 0.914125 	 419.948 	 667.762 	 966.425 	 966.425 	 0.720867 	 835.432 	 1023.5 	 217.919 	 0.22549 	 151 	 1093 	 199.219 	 199.219 	 3 	 917.016 	 0.152177 	 68.2742 	 32.8107 	 47.1769 	 16.6948 	 54 	 45 	 50.3333 	 4.72582 	 468.173 	 27.5907 	 74.1151 	 0.158307 	 468.173 	 259 	 419 	 423.583 	 423.583 	 3 	 1742.88 	 0.289226 	 13.9284 	 11.4254 	 12.4761 	 1.16178 	 150 	 35 	 86.3333 	 58.4836 	  Tumour 
50 	 626.165 	 497.594 	 533.375 	 340.074 	 3336 	 76.6701 	 55.7564 	 0.6864 	 0.976295 	 224.451 	 1576.13 	 374.397 	 0.237542 	 1071.24 	 1576.13 	 4611 	 0.885709 	 315.22 	 1027.04 	 1362.57 	 1362.57 	 0.369403 	 982.949 	 1438.95 	 440.874 	 0.32356 	 45 	 45 	 161.311 	 161.311 	 1 	 0 	 0 	 NaN 	 NaN 	 NaN 	 NaN 	 45 	 45 	 45 	 0 	 433.28 	 -35.3567 	 58.0965 	 0.134085 	 433.28 	 81 	 331 	 265.481 	 265.481 	 3 	 290.035 	 0.086941 	 29.4496 	 14.5244 	 21.2792 	 6.76422 	 33 	 23 	 27 	 5.2915 	  Tumour 
51 	 652.009 	 792.113 	 641.153 	 262.195 	 4325 	 96.0026 	 59.6326 	 0.783687 	 0.931109 	 294.777 	 1082.98 	 145.873 	 0.134696 	 436.052 	 1082.98 	 7254 	 0.856333 	 428.09 	 766.328 	 1014.01 	 1014.01 	 0.453083 	 1039.57 	 1005.61 	 227.15 	 0.224012 	 0 	 0 	 NaN 	 NaN 	 0 	 0 	 0 	 NaN 	 NaN 	 NaN 	 NaN 	 0 	 0 	 NaN 	 NaN 	 411.252 	 23.45 	 42.5685 	 0.103509 	 411.252 	 37 	 69 	 280.27 	 280.27 	 2 	 992.665 	 0.229518 	 9.36649 	 9.36649 	 9.36649 	 0 	 26 	 11 	 18.5 	 10.6066 	  Tumour 
52 	 652.252 	 546.856 	 563.242 	 365.662 	 2655 	 63.5455 	 54.9238 	 0.502937 	 0.935848 	 208.894 	 1385.33 	 329.132 	 0.237583 	 812.576 	 1385.33 	 4279 	 0.884091 	 299.563 	 811.006 	 1193.74 	 1193.74 	 0.590551 	 991.553 	 1252.68 	 405.627 	 0.339794 	 34 	 34 	 187.353 	 187.353 	 1 	 0 	 0 	 NaN 	 NaN 	 NaN 	 NaN 	 34 	 34 	 34 	 0 	 478.686 	 -35.5656 	 33.0082 	 0.0689559 	 478.686 	 51 	 96 	 262.49 	 262.49 	 2 	 740.756 	 0.279004 	 11.1701 	 11.1701 	 11.1701 	 0 	 27 	 24 	 25.5 	 2.12132 	  Tumour 
53 	 667.726 	 276.059 	 609.45 	 330.651 	 3221 	 82.5522 	 50.951 	 0.786808 	 0.947074 	 235.037 	 1517.17 	 336.047 	 0.221496 	 939.523 	 1517.17 	 4351 	 0.890686 	 314.635 	 1010.29 	 1246.89 	 1246.89 	 0.82397 	 1205.82 	 1267.63 	 345.817 	 0.277343 	 45 	 45 	 190.556 	 190.556 	 1 	 0 	 0 	 NaN 	 NaN 	 NaN 	 NaN 	 45 	 45 	 45 	 0 	 483.912 	 -36.9453 	 63.3322 	 0.130876 	 483.912 	 309 	 715 	 363.693 	 363.693 	 3 	 518.925 	 0.161107 	 31.3706 	 17.9826 	 22.4739 	 6.89149 	 157 	 67 	 103 	 47.6235 	  Tumour 
54 	 679.959 	 723.721 	 636.463 	 311.014 	 4032 	 127.67 	 42.5309 	 0.94288 	 0.833747 	 320.635 	 1653.27 	 391.013 	 0.23651 	 984.786 	 1653.27 	 4751 	 0.82454 	 350.291 	 709.507 	 921.794 	 921.794 	 0.923588 	 904.025 	 921.745 	 246.296 	 0.267192 	 43 	 44 	 187.465 	 187.465 	 1 	 0 	 0 	 NaN 	 NaN 	 NaN 	 NaN 	 43 	 43 	 43 	 0 	 477.391 	 -9.62968 	 53.7106 	 0.112509 	 477.391 	 220 	 287 	 492.473 	 492.473 	 2 	 2281.68 	 0.565893 	 17.577 	 17.577 	 17.577 	 0 	 194 	 26 	 110 	 118.794 	  Tumour 
55 	 678.881 	 373.355 	 595.333 	 362.724 	 2547 	 68.7527 	 48.8712 	 0.703368 	 0.937776 	 212.51 	 1569.4 	 457.102 	 0.291259 	 901.74 	 1569.4 	 3958 	 0.906966 	 279.279 	 998.866 	 1297.6 	 1297.6 	 0.652893 	 1170.38 	 1327.54 	 456.12 	 0.351509 	 104 	 153 	 224.26 	 224.26 	 2 	 257.894 	 0.101254 	 11.6935 	 11.6935 	 11.6935 	 0 	 60 	 44 	 52 	 11.3137 	 487.868 	 25.0744 	 63.8044 	 0.130782 	 487.868 	 63 	 81 	 274.317 	 274.317 	 2 	 1277.91 	 0.501732 	 7.91194 	 7.91194 	 7.91194 	 0 	 45 	 18 	 31.5 	 19.0919 	  Tumour 
56 	 726.592 	 307.301 	 656.656 	 289.581 	 9138 	 163.025 	 79.6123 	 0.872652 	 0.911976 	 466.517 	 1618.4 	 434.813 	 0.268668 	 1067.44 	 1618.4 	 13387 	 0.877663 	 588.156 	 870.654 	 1336.67 	 1336.67 	 0.701195 	 1279.76 	 1349.9 	 353.311 	 0.264322 	 93 	 463 	 218.194 	 218.194 	 2 	 4876.77 	 0.53368 	 47.2682 	 47.2682 	 47.2682 	 0 	 52 	 41 	 46.5 	 7.77817 	 487.239 	 -13.3848 	 48.493 	 0.0995261 	 487.239 	 564 	 3252 	 514.837 	 514.837 	 6 	 2032.21 	 0.222391 	 95.1047 	 13.1871 	 52.822 	 26.7901 	 220 	 20 	 94 	 95.9479 	  Tumour 
57 	 711.38 	 217.679 	 670.466 	 273.585 	 5806 	 95.3716 	 78.3215 	 0.570604 	 0.95698 	 314.291 	 1311.11 	 408.719 	 0.311735 	 734.109 	 1311.11 	 21769 	 0.938036 	 656.441 	 841.877 	 1298.82 	 1298.82 	 0.540925 	 1104.33 	 1347.27 	 476.647 	 0.366985 	 79 	 81 	 245.456 	 245.456 	 1 	 0 	 0 	 NaN 	 NaN 	 NaN 	 NaN 	 79 	 79 	 79 	 0 	 475.001 	 69.247 	 52.8525 	 0.111268 	 475.001 	 595 	 2107 	 314.605 	 314.605 	 6 	 1091.52 	 0.187999 	 60.4442 	 12.0318 	 31.2593 	 14.1882 	 204 	 19 	 85 	 64.7148 	  Tumour 
58 	 699.831 	 674.267 	 637.86 	 351.923 	 4177 	 116.898 	 47.1249 	 0.915143 	 0.946093 	 300.392 	 1532.33 	 418.368 	 0.273028 	 949.816 	 1532.33 	 6504 	 0.868822 	 415.404 	 883.895 	 1153.55 	 1153.55 	 0.652661 	 1078.41 	 1173.84 	 336.71 	 0.29189 	 0 	 0 	 NaN 	 NaN 	 0 	 0 	 0 	 NaN 	 NaN 	 NaN 	 NaN 	 0 	 0 	 NaN 	 NaN 	 564.683 	 51.5539 	 66.9303 	 0.118527 	 564.683 	 386 	 1181 	 401.881 	 401.881 	 5 	 1449.43 	 0.347002 	 68.885 	 13.8605 	 35.4332 	 17.9009 	 155 	 31 	 77.2 	 54.9199 	  Tumour 
59 	 722.799 	 506.607 	 630.667 	 408.755 	 3876 	 92.9296 	 54.9139 	 0.806731 	 0.953506 	 258.794 	 1493.41 	 357.352 	 0.239286 	 1037.89 	 1493.41 	 8114 	 0.891844 	 413.747 	 1043.4 	 1419.41 	 1419.41 	 0.0588235 	 1226.24 	 1407.39 	 454.973 	 0.320536 	 151 	 407 	 201.907 	 201.907 	 3 	 672.445 	 0.173489 	 34.1791 	 14.8453 	 23.0217 	 8.94939 	 76 	 31 	 50.3333 	 23.1589 	 600.348 	 73.6316 	 81.1669 	 0.1352 	 600.348 	 322 	 1042 	 360.54 	 360.54 	 5 	 1005.03 	 0.259296 	 59.0516 	 8.29216 	 30.1909 	 17.077 	 114 	 26 	 64.4 	 36.9161 	  Tumour 
60 	 772.325 	 812.946 	 757.143 	 369.5 	 6624 	 149.361 	 65.9277 	 0.897312 	 0.838269 	 397.546 	 1669.35 	 452.664 	 0.271162 	 1147.91 	 1669.35 	 11598 	 0.857777 	 514.558 	 771.588 	 1007.81 	 1007.81 	 0.481818 	 1018.86 	 999.985 	 375.13 	 0.372222 	 108 	 268 	 221.333 	 221.333 	 2 	 1669.74 	 0.252074 	 27.3369 	 27.3369 	 27.3369 	 0 	 62 	 46 	 54 	 11.3137 	 391.862 	 89.8939 	 60.1376 	 0.153466 	 391.862 	 609 	 2186 	 373.223 	 373.223 	 6 	 1572.99 	 0.237468 	 73.8025 	 16.9245 	 36.6396 	 15.9873 	 292 	 35 	 101.5 	 97.9546 	  Tumour 
61 	 760.314 	 654.2 	 689.83 	 413.969 	 4574 	 92.3349 	 64.9609 	 0.71066 	 0.948569 	 284.693 	 1464.56 	 330.439 	 0.225624 	 859.45 	 1464.56 	 6681 	 0.734176 	 459.161 	 771.894 	 1063.13 	 1063.13 	 0.639303 	 1115.03 	 1033.5 	 227.483 	 0.213975 	 100 	 332 	 226.96 	 226.96 	 2 	 1338.95 	 0.29273 	 32.9965 	 32.9965 	 32.9965 	 0 	 54 	 46 	 50 	 5.65685 	 548.503 	 24.8004 	 64.2392 	 0.117117 	 548.503 	 244 	 686 	 374.012 	 374.012 	 3 	 1413.32 	 0.30899 	 48.6469 	 23.8642 	 32.7948 	 12.3118 	 161 	 36 	 81.3333 	 69.2122 	  Tumour 
62 	 769.543 	 744.678 	 727.749 	 388.321 	 5052 	 124.355 	 53.7562 	 0.901739 	 0.894634 	 342.049 	 1989.46 	 606.679 	 0.304947 	 1163.46 	 1989.46 	 5621 	 0.907491 	 360.191 	 896.682 	 1147.3 	 1147.3 	 1.01299 	 1139.04 	 1141.02 	 331.727 	 0.289137 	 122 	 435 	 214.934 	 214.934 	 2 	 2057.6 	 0.407284 	 34.6791 	 34.6791 	 34.6791 	 0 	 87 	 35 	 61 	 36.7696 	 595.046 	 12.9826 	 46.4429 	 0.0780492 	 595.046 	 343 	 829 	 478.318 	 478.318 	 5 	 1637.94 	 0.324215 	 53.9082 	 11.1357 	 27.1599 	 13.6474 	 151 	 23 	 68.6 	 48.952 	  Tumour 
63 	 821.148 	 671.924 	 753.406 	 439.42 	 5074 	 106.815 	 66.3601 	 0.783603 	 0.91177 	 316.007 	 1563.06 	 351.459 	 0.224853 	 928.408 	 1563.06 	 6139 	 0.885348 	 364.392 	 887.519 	 1177.49 	 1177.49 	 1.00943 	 1186.26 	 1165.98 	 304.71 	 0.25878 	 141 	 197 	 203.312 	 203.312 	 2 	 1024.66 	 0.201943 	 11.5377 	 11.5377 	 11.5377 	 0 	 76 	 65 	 70.5 	 7.77817 	 569.909 	 80.8611 	 61.4773 	 0.107872 	 569.909 	 492 	 1080 	 483.837 	 483.837 	 6 	 1596.93 	 0.314727 	 47.4048 	 8.45405 	 21.6689 	 12.3746 	 186 	 19 	 82 	 75.9895 	  Tumour 
64 	 835.423 	 319.392 	 758.845 	 203.708 	 3820 	 94.8757 	 57.2278 	 0.797599 	 0.86036 	 280.593 	 1568.99 	 549.383 	 0.35015 	 1065.64 	 1568.99 	 6004 	 0.79 	 400.09 	 879.732 	 1289.02 	 1289.02 	 0.547826 	 1287.76 	 1276.77 	 448.281 	 0.347769 	 0 	 0 	 NaN 	 NaN 	 0 	 0 	 0 	 NaN 	 NaN 	 NaN 	 NaN 	 0 	 0 	 NaN 	 NaN 	 486.166 	 12.0825 	 50.2127 	 0.103283 	 486.166 	 178 	 531 	 358.562 	 358.562 	 4 	 1833.55 	 0.479987 	 37.6099 	 13.1931 	 22.7253 	 8.81425 	 119 	 17 	 44.5 	 49.7628 	  Tumour 
65 	 841.919 	 757.789 	 799.626 	 373.664 	 6529 	 104.427 	 82.8172 	 0.609139 	 0.942544 	 332.007 	 2191.85 	 646.338 	 0.294882 	 1523.69 	 2191.85 	 7225 	 0.945433 	 353.421 	 933.277 	 1366.86 	 1366.86 	 0.945513 	 1283.17 	 1410.65 	 356.201 	 0.260598 	 133 	 276 	 230.195 	 230.195 	 3 	 1194.48 	 0.182949 	 29.324 	 8.18188 	 19.5523 	 9.53579 	 63 	 34 	 44.3333 	 16.1967 	 538.396 	 12.5406 	 77.795 	 0.144494 	 538.396 	 1119 	 3790 	 420.095 	 420.095 	 15 	 992.622 	 0.152033 	 73.9458 	 8.8655 	 35.3602 	 16.1312 	 141 	 22 	 74.6 	 40.8216 	  Tumour 
66 	 849.342 	 368.002 	 763.961 	 229.268 	 3269 	 71.8304 	 59.3862 	 0.56256 	 0.964876 	 227.037 	 1546.3 	 362.863 	 0.234665 	 1079.29 	 1546.3 	 4550 	 0.922547 	 294.593 	 1075.01 	 1367.17 	 1367.17 	 0.38189 	 1019.97 	 1439.21 	 413.842 	 0.302701 	 112 	 293 	 218.402 	 218.402 	 2 	 247.89 	 0.0758306 	 26.6664 	 26.6664 	 26.6664 	 0 	 65 	 47 	 56 	 12.7279 	 496.247 	 -24.3737 	 46.3399 	 0.0933809 	 496.247 	 429 	 1146 	 385.916 	 385.916 	 4 	 844.295 	 0.258273 	 41.0197 	 14.8927 	 27.7183 	 9.73896 	 158 	 15 	 107.25 	 65.393 	  Tumour 
67 	 883.926 	 986.893 	 940.618 	 169.027 	 7250 	 131.53 	 72.2047 	 0.835848 	 0.977221 	 347.421 	 658.97 	 268.251 	 0.407077 	 357.771 	 658.97 	 8534 	 0.934926 	 401.12 	 904.217 	 837.584 	 837.584 	 0 	 0 	 0 	 446.896 	 0.533554 	 101 	 786 	 150.386 	 150.386 	 2 	 171.448 	 0.023648 	 88.2688 	 88.2688 	 88.2688 	 0 	 53 	 48 	 50.5 	 3.53553 	 247.784 	 49.4069 	 39.995 	 0.161411 	 247.784 	 433 	 2873 	 181.871 	 181.871 	 8 	 1786.11 	 0.24636 	 103.55 	 8 	 47.037 	 28.1359 	 130 	 12 	 54.125 	 38.2228 	  Tumour 
68 	 856.252 	 634.521 	 778.985 	 388.803 	 1104 	 52.9085 	 27.6414 	 0.852677 	 0.934801 	 146.267 	 1291.08 	 326.279 	 0.252719 	 775.662 	 1291.08 	 3568 	 0.888446 	 283.765 	 1068.94 	 1262.64 	 1262.64 	 0.67623 	 1301.27 	 1241.42 	 266.325 	 0.210926 	 0 	 0 	 NaN 	 NaN 	 0 	 0 	 0 	 NaN 	 NaN 	 NaN 	 NaN 	 0 	 0 	 NaN 	 NaN 	 501.953 	 44.6889 	 63.5246 	 0.126555 	 501.953 	 0 	 0 	 NaN 	 NaN 	 0 	 0 	 0 	 NaN 	 NaN 	 NaN 	 NaN 	 0 	 0 	 NaN 	 NaN 	  Tumour 
69 	 900.424 	 697.704 	 836.45 	 379.381 	 6618 	 126.642 	 70.4191 	 0.831149 	 0.896505 	 371.889 	 2319.08 	 699.018 	 0.301421 	 1685.97 	 2319.08 	 8333 	 0.863702 	 448.032 	 945.335 	 1289.25 	 1289.25 	 0.91623 	 1261.55 	 1300.24 	 337.259 	 0.261594 	 163 	 1037 	 218.018 	 218.018 	 3 	 638.686 	 0.0965074 	 40.1995 	 32.5576 	 35.3479 	 3.77213 	 73 	 45 	 54.3333 	 16.1658 	 531.329 	 86.1313 	 76.3959 	 0.143783 	 531.329 	 527 	 1821 	 496.186 	 496.186 	 7 	 2162.8 	 0.326805 	 49.9887 	 11.7223 	 29.7804 	 12.405 	 135 	 22 	 75.2857 	 44.6308 	  Tumour 
70 	 913.81 	 782.398 	 875.475 	 308.561 	 3984 	 104.228 	 50.6193 	 0.874149 	 0.94812 	 276.291 	 1891.42 	 564.835 	 0.29863 	 1380.4 	 1891.42 	 5909 	 0.915131 	 362.333 	 1018.31 	 1451.68 	 1451.68 	 0.346405 	 1141.77 	 1493.16 	 485.979 	 0.334769 	 53 	 54 	 186.208 	 186.208 	 1 	 0 	 0 	 NaN 	 NaN 	 NaN 	 NaN 	 53 	 53 	 53 	 0 	 435.472 	 62.657 	 67.9458 	 0.156028 	 435.472 	 388 	 1942 	 394.709 	 394.709 	 5 	 980.311 	 0.246062 	 80.2284 	 18.3257 	 40.2819 	 18.6249 	 122 	 43 	 77.6 	 29.5178 	  Tumour 
71 	 926.59 	 421.587 	 835.878 	 189.003 	 3604 	 80.598 	 57.6384 	 0.698987 	 0.956476 	 250.492 	 1338.9 	 321.771 	 0.240325 	 757.456 	 1338.9 	 5845 	 0.876969 	 355.362 	 829.977 	 1417.23 	 1417.23 	 0.519737 	 1545.51 	 1362.46 	 424.251 	 0.299353 	 60 	 62 	 204.183 	 204.183 	 1 	 0 	 0 	 NaN 	 NaN 	 NaN 	 NaN 	 60 	 60 	 60 	 0 	 337.539 	 -52.1028 	 31.9508 	 0.0946581 	 337.539 	 475 	 1424 	 302.899 	 302.899 	 1 	 0 	 0 	 NaN 	 NaN 	 NaN 	 15.2651 	 229 	 41 	 158.333 	 102.32 	  Tumour 
72 	 932.452 	 604.603 	 848.558 	 322.273 	 2147 	 78.7168 	 36.1473 	 0.888329 	 0.940429 	 213.137 	 1193.34 	 277.824 	 0.232812 	 748.569 	 1193.34 	 4396 	 0.726972 	 396.919 	 834.986 	 943.76 	 943.76 	 0.40176 	 1154.84 	 886.831 	 401.454 	 0.425378 	 0 	 0 	 NaN 	 NaN 	 0 	 0 	 0 	 NaN 	 NaN 	 NaN 	 NaN 	 0 	 0 	 NaN 	 NaN 	 231.776 	 -14.3025 	 64.3425 	 0.277606 	 231.776 	 42 	 42 	 241.762 	 241.762 	 1 	 0 	 0 	 NaN 	 NaN 	 NaN 	 NaN 	 42 	 42 	 42 	 0 	  Tumour 
73 	 977.706 	 476.341 	 885.002 	 188.438 	 6206 	 139.814 	 65.901 	 0.881948 	 0.782795 	 412.919 	 1360.7 	 343.286 	 0.252286 	 864.97 	 1360.7 	 9547 	 0.816681 	 521.688 	 779.72 	 1078.72 	 1078.72 	 0.480176 	 1331.95 	 979.282 	 625.477 	 0.579834 	 191 	 1655 	 198.272 	 198.272 	 4 	 1335.18 	 0.215143 	 66.7163 	 8.86915 	 42.7537 	 21.4858 	 52 	 45 	 47.75 	 3.0957 	 323.222 	 18.7241 	 98.5892 	 0.30502 	 323.222 	 833 	 2247 	 307.669 	 307.669 	 7 	 2038.42 	 0.32846 	 96.2893 	 16.1633 	 41.3989 	 22.248 	 230 	 26 	 119 	 82.0569 	  Tumour 
74 	 971.236 	 348.286 	 887.572 	 119.641 	 7250 	 116.565 	 80.239 	 0.725366 	 0.979465 	 338.635 	 1461.8 	 381.65 	 0.261083 	 982.116 	 1461.8 	 14486 	 0.924737 	 527.002 	 794.52 	 1364.09 	 1364.09 	 0.282276 	 1810.29 	 1262.4 	 525.824 	 0.385477 	 161 	 1055 	 210.776 	 210.776 	 3 	 747.412 	 0.103091 	 55.9745 	 23.77 	 41.0928 	 14.5259 	 61 	 44 	 53.6667 	 8.73689 	 395.547 	 34.6948 	 54.5332 	 0.137868 	 395.547 	 814 	 2602 	 358.988 	 358.988 	 9 	 1132.72 	 0.156237 	 69.0361 	 9.21954 	 29.4051 	 15.172 	 235 	 21 	 90.4444 	 68.0241 	  Tumour 
75 	 976.438 	 150.444 	 839.215 	 198.063 	 2542 	 94.2753 	 35.847 	 0.924889 	 0.885097 	 240.225 	 1499.96 	 469.725 	 0.313158 	 1028.81 	 1499.96 	 3009 	 0.882664 	 256.61 	 374.051 	 418.438 	 418.438 	 0.416309 	 370.928 	 432.077 	 163.285 	 0.390226 	 42 	 43 	 181.476 	 181.476 	 1 	 0 	 0 	 NaN 	 NaN 	 NaN 	 NaN 	 42 	 42 	 42 	 0 	 131.264 	 3.97895 	 12.1229 	 0.0923547 	 131.264 	 0 	 0 	 NaN 	 NaN 	 0 	 0 	 0 	 NaN 	 NaN 	 NaN 	 NaN 	 0 	 0 	 NaN 	 NaN 	  DCIS 
76 	 991.363 	 187.973 	 851.244 	 161.245 	 2265 	 63.1822 	 47.2426 	 0.664013 	 0.977557 	 186.953 	 1743.64 	 417.817 	 0.239623 	 1094.96 	 1743.64 	 2765 	 0.961405 	 209.924 	 374.846 	 352.765 	 352.765 	 0.36612 	 343.254 	 357 	 71.0156 	 0.201311 	 56 	 58 	 200.143 	 200.143 	 1 	 0 	 0 	 NaN 	 NaN 	 NaN 	 NaN 	 56 	 56 	 56 	 0 	 144.454 	 25.3902 	 16.8868 	 0.116901 	 144.454 	 23 	 23 	 245.913 	 245.913 	 1 	 0 	 0 	 NaN 	 NaN 	 NaN 	 NaN 	 23 	 23 	 23 	 0 	  DCIS 
77 	 1018.96 	 538.143 	 927.942 	 225.801 	 5870 	 95.5061 	 79.4143 	 0.555509 	 0.959621 	 304.735 	 1389.56 	 365.849 	 0.263284 	 944.683 	 1389.56 	 6721 	 0.968583 	 321.765 	 455.29 	 521.596 	 521.596 	 0.216312 	 565.639 	 515.952 	 193.955 	 0.371849 	 104 	 488 	 179.019 	 179.019 	 2 	 1369.26 	 0.233264 	 50.8245 	 50.8245 	 50.8245 	 0 	 59 	 45 	 52 	 9.89949 	 166.496 	 22.6481 	 18.844 	 0.11318 	 166.496 	 58 	 181 	 244.155 	 244.155 	 2 	 946.091 	 0.161174 	 21.4502 	 21.4502 	 21.4502 	 0 	 35 	 23 	 29 	 8.48528 	  Tumour 
78 	 1039.05 	 118.451 	 905.461 	 239.842 	 4228 	 85.9895 	 63.9111 	 0.669021 	 0.942278 	 266.392 	 1662.83 	 547.332 	 0.329157 	 1156.66 	 1662.83 	 5165 	 0.915131 	 319.321 	 371.066 	 424.375 	 424.375 	 0.105455 	 426.69 	 428.369 	 212.245 	 0.500135 	 0 	 0 	 NaN 	 NaN 	 0 	 0 	 0 	 NaN 	 NaN 	 NaN 	 NaN 	 0 	 0 	 NaN 	 NaN 	 100.663 	 -5.1196 	 20.4111 	 0.202767 	 100.663 	 0 	 0 	 NaN 	 NaN 	 0 	 0 	 0 	 NaN 	 NaN 	 NaN 	 NaN 	 0 	 0 	 NaN 	 NaN 	  DCIS 
79 	 1043.05 	 977.658 	 1073.55 	 98.8585 	 6061 	 117.116 	 66.6731 	 0.822137 	 0.975849 	 322.392 	 1122.16 	 271.653 	 0.242081 	 709.207 	 1122.16 	 6995 	 0.970854 	 341.765 	 354.743 	 424.666 	 424.666 	 0 	 0 	 425.505 	 173.981 	 0.409688 	 81 	 127 	 157.815 	 157.815 	 2 	 271.433 	 0.0447835 	 11.6741 	 11.6741 	 11.6741 	 0 	 45 	 36 	 40.5 	 6.36396 	 132.805 	 4.24206 	 21.3894 	 0.161059 	 132.805 	 32 	 33 	 242.156 	 242.156 	 1 	 0 	 0 	 NaN 	 NaN 	 NaN 	 NaN 	 32 	 32 	 32 	 0 	  Tumour 
80 	 1095.8 	 854.557 	 1071.51 	 143.252 	 6738 	 117.177 	 74.8109 	 0.76967 	 0.963397 	 333.806 	 1476.66 	 387.318 	 0.262294 	 985.356 	 1476.66 	 12917 	 0.917596 	 509.245 	 830.949 	 1157.77 	 1157.77 	 0.488584 	 1281.78 	 1110.09 	 372.774 	 0.321976 	 110 	 317 	 184.145 	 184.145 	 2 	 2078.74 	 0.30851 	 31.1296 	 31.1296 	 31.1296 	 0 	 61 	 49 	 55 	 8.48528 	 328.203 	 72.7 	 52.0266 	 0.15852 	 328.203 	 603 	 1174 	 460.542 	 460.542 	 3 	 2444.64 	 0.362814 	 51.6695 	 16.377 	 28.5803 	 13.3281 	 384 	 46 	 150.75 	 159.79 	  Tumour 
81 	 1100.69 	 726.702 	 1038.3 	 267.013 	 7644 	 109.711 	 90.2512 	 0.568583 	 0.949683 	 360.233 	 1987.02 	 730.287 	 0.367529 	 1513.5 	 1987.02 	 12686 	 0.798464 	 657.955 	 715.191 	 969.435 	 969.435 	 0.166078 	 1202.12 	 938.918 	 427.781 	 0.441269 	 135 	 1440 	 196.526 	 196.526 	 3 	 681.008 	 0.0890905 	 77.6992 	 40.9733 	 54.5672 	 18.0095 	 48 	 42 	 45 	 3 	 180.356 	 16.9957 	 29.0457 	 0.161047 	 180.356 	 416 	 3579 	 326.748 	 326.748 	 10 	 1777.74 	 0.232567 	 93.355 	 7.42687 	 44.8568 	 21.6014 	 101 	 16 	 41.6 	 24.373 	  Tumour 
82 	 1088.49 	 322.517 	 951.173 	 119.641 	 4053 	 120.549 	 45.8615 	 0.924806 	 0.88243 	 331.806 	 1433.13 	 555.9 	 0.387893 	 959.248 	 1433.13 	 4968 	 0.927039 	 329.622 	 256.87 	 235.803 	 235.803 	 0 	 0 	 0 	 47.1224 	 0.199838 	 0 	 0 	 NaN 	 NaN 	 0 	 0 	 0 	 NaN 	 NaN 	 NaN 	 NaN 	 0 	 0 	 NaN 	 NaN 	 102.989 	 8.6955 	 16.3038 	 0.158307 	 102.989 	 0 	 0 	 NaN 	 NaN 	 0 	 0 	 0 	 NaN 	 NaN 	 NaN 	 NaN 	 0 	 0 	 NaN 	 NaN 	  Fib 
83 	 1140.57 	 991.016 	 1254.21 	 57.2014 	 2745 	 137.17 	 29.7883 	 0.976135 	 0.776521 	 338.617 	 1064.3 	 191.34 	 0.17978 	 545.613 	 1064.3 	 3421 	 0.731452 	 379.889 	 644.104 	 651.176 	 651.176 	 0.510972 	 848.834 	 575.62 	 294.414 	 0.452128 	 0 	 0 	 NaN 	 NaN 	 0 	 0 	 0 	 NaN 	 NaN 	 NaN 	 NaN 	 0 	 0 	 NaN 	 NaN 	 194.231 	 39.9577 	 64.6087 	 0.332638 	 194.231 	 0 	 0 	 NaN 	 NaN 	 0 	 0 	 0 	 NaN 	 NaN 	 NaN 	 NaN 	 0 	 0 	 NaN 	 NaN 	  Fib 
84 	 1113.17 	 917.54 	 1110.86 	 78.1857 	 1902 	 66.3412 	 40.0546 	 0.797161 	 0.929619 	 189.782 	 1297.82 	 312.784 	 0.241007 	 771.946 	 1297.82 	 3267 	 0.740481 	 294.451 	 803.577 	 1120.97 	 1120.97 	 0.837209 	 1057.28 	 1130.89 	 371.815 	 0.33169 	 0 	 0 	 NaN 	 NaN 	 0 	 0 	 0 	 NaN 	 NaN 	 NaN 	 NaN 	 0 	 0 	 NaN 	 NaN 	 230.402 	 -24.5362 	 44.3774 	 0.192609 	 230.402 	 0 	 0 	 NaN 	 NaN 	 0 	 0 	 0 	 NaN 	 NaN 	 NaN 	 NaN 	 0 	 0 	 NaN 	 NaN 	  Tumour 
85 	 1186.58 	 956.86 	 1194.27 	 57.2014 	 5125 	 95.6392 	 71.7069 	 0.661705 	 0.915996 	 303.22 	 1450.15 	 324.891 	 0.224039 	 865.955 	 1450.15 	 7175 	 0.920816 	 360.534 	 613.83 	 1034.98 	 1034.98 	 1.0129 	 1058.2 	 1004.91 	 211.572 	 0.20442 	 0 	 0 	 NaN 	 NaN 	 0 	 0 	 0 	 NaN 	 NaN 	 NaN 	 NaN 	 0 	 0 	 NaN 	 NaN 	 345.196 	 55.2953 	 58.4975 	 0.169462 	 345.196 	 459 	 1098 	 372.312 	 372.312 	 4 	 2272.2 	 0.443357 	 36.9195 	 13.7908 	 25.1571 	 8.81528 	 250 	 45 	 114.75 	 96.6795 	  Tumour 
86 	 1214.33 	 884.52 	 1192.6 	 128.705 	 5474 	 93.578 	 75.5877 	 0.589524 	 0.952331 	 301.12 	 1480.56 	 310.472 	 0.2097 	 919.172 	 1480.56 	 7171 	 0.925888 	 366.777 	 736.345 	 1258.19 	 1258.19 	 0.565079 	 1233.17 	 1253.05 	 290.356 	 0.230773 	 131 	 512 	 179.031 	 179.031 	 3 	 2094.49 	 0.382625 	 27.8535 	 17.2873 	 22.934 	 4.75882 	 51 	 30 	 43.6667 	 11.8462 	 396.903 	 1.15036 	 41.8212 	 0.105369 	 396.903 	 438 	 1399 	 430.005 	 430.005 	 4 	 1470.67 	 0.268664 	 46.3684 	 11.2518 	 29.1693 	 11.4865 	 193 	 37 	 109.5 	 76.3566 	  Tumour 
87 	 1235.11 	 1013.02 	 1261.11 	 96.5401 	 3585 	 105.938 	 46.2209 	 0.899801 	 0.8729 	 286.836 	 1223.35 	 293.753 	 0.240123 	 610.945 	 1223.35 	 4936 	 0.856498 	 373.948 	 609.087 	 841.746 	 841.746 	 0.408669 	 971.629 	 786.329 	 289.781 	 0.344262 	 59 	 61 	 208.153 	 208.153 	 1 	 0 	 0 	 NaN 	 NaN 	 NaN 	 NaN 	 59 	 59 	 59 	 0 	 191.183 	 -9.29404 	 36.1696 	 0.189188 	 191.183 	 270 	 722 	 344.17 	 344.17 	 5 	 971.625 	 0.271025 	 59.2774 	 9.61756 	 30.2675 	 16.0908 	 105 	 23 	 54 	 34.4746 	  Tumour 
88 	 1255.48 	 944.862 	 1252.33 	 122.931 	 3595 	 82.322 	 57.8078 	 0.711964 	 0.913364 	 261.037 	 1215.73 	 273.365 	 0.224857 	 685.524 	 1215.73 	 5596 	 0.910215 	 329.907 	 856.764 	 1112.42 	 1112.42 	 0.713287 	 1037.03 	 1131.91 	 223.878 	 0.201253 	 50 	 53 	 188.62 	 188.62 	 1 	 0 	 0 	 NaN 	 NaN 	 NaN 	 NaN 	 50 	 50 	 50 	 0 	 281.35 	 -6.44858 	 67.0978 	 0.238485 	 281.35 	 163 	 344 	 358.448 	 358.448 	 2 	 1394.29 	 0.387841 	 27.1336 	 27.1336 	 27.1336 	 0 	 132 	 31 	 81.5 	 71.4178 	  Tumour 
89 	 1275 	 689.855 	 1200.86 	 329.48 	 3315 	 74.1858 	 58.5385 	 0.614292 	 0.972141 	 226.451 	 1335.21 	 305.81 	 0.229035 	 862.422 	 1335.21 	 9660 	 0.752512 	 640.825 	 765.401 	 1005.25 	 1005.25 	 0.160813 	 1101.71 	 993.728 	 293.469 	 0.291938 	 142 	 335 	 204.817 	 204.817 	 3 	 886.02 	 0.267276 	 17.7244 	 13.8603 	 15.754 	 1.7291 	 59 	 30 	 47.3333 	 15.308 	 358.866 	 62.4934 	 55.812 	 0.155523 	 358.866 	 379 	 645 	 592.718 	 592.718 	 2 	 334.606 	 0.100937 	 22.0057 	 22.0057 	 22.0057 	 0 	 227 	 152 	 189.5 	 53.033 	  Tumour 
90 	 1273.99 	 618.426 	 1189.27 	 337.153 	 2190 	 71.549 	 39.5895 	 0.832969 	 0.95675 	 192.551 	 1200.03 	 239.442 	 0.199529 	 769.078 	 1200.03 	 2892 	 0.941713 	 239.037 	 590.782 	 758.562 	 758.562 	 0.167488 	 1086.35 	 726.452 	 275.886 	 0.363696 	 124 	 237 	 208.468 	 208.468 	 2 	 123.667 	 0.0564691 	 20.5824 	 20.5824 	 20.5824 	 0 	 67 	 57 	 62 	 7.07107 	 207.926 	 -17.0189 	 36.7283 	 0.176641 	 207.926 	 43 	 43 	 284.814 	 284.814 	 1 	 0 	 0 	 NaN 	 NaN 	 NaN 	 NaN 	 43 	 43 	 43 	 0 	  Tumour 
91 	 1314.82 	 494.02 	 1222.1 	 206.952 	 9323 	 134.924 	 91.2757 	 0.736447 	 0.953564 	 409.487 	 1512.43 	 398.628 	 0.263568 	 998.408 	 1512.43 	 12824 	 0.879199 	 579.085 	 625.297 	 906.285 	 906.285 	 0 	 0 	 902.666 	 376.9 	 0.415874 	 43 	 44 	 203.442 	 203.442 	 1 	 0 	 0 	 NaN 	 NaN 	 NaN 	 NaN 	 43 	 43 	 43 	 0 	 141.492 	 -40.0364 	 29.8546 	 0.210999 	 141.492 	 759 	 5347 	 312.066 	 312.066 	 13 	 2219.04 	 0.238018 	 107.423 	 12.5673 	 53.5765 	 29.8293 	 119 	 22 	 58.3846 	 28.6518 	  Tumour 
92 	 1312.43 	 812.73 	 1264.19 	 246.83 	 6086 	 97.4115 	 79.7509 	 0.57422 	 0.982881 	 299.12 	 1248.31 	 252.525 	 0.202293 	 761.754 	 1248.31 	 14073 	 0.92288 	 545.973 	 670.738 	 984.953 	 984.953 	 0.286624 	 1041.68 	 986.283 	 260.125 	 0.264099 	 106 	 359 	 211.189 	 211.189 	 2 	 448.089 	 0.0736262 	 35.4481 	 35.4481 	 35.4481 	 0 	 69 	 37 	 53 	 22.6274 	 277.426 	 -9.86413 	 25.6323 	 0.0923934 	 277.426 	 805 	 1803 	 351.514 	 351.514 	 4 	 1902.47 	 0.312598 	 53.9253 	 25.2549 	 33.6162 	 10.5969 	 599 	 30 	 201.25 	 266.578 	  Tumour 
93 	 1345.27 	 211.834 	 1204.2 	 187.843 	 2713 	 78.0788 	 51.1376 	 0.755673 	 0.820629 	 241.765 	 1479.33 	 480.594 	 0.324873 	 944.971 	 1479.33 	 3379 	 0.871101 	 251.48 	 425.626 	 527.891 	 527.891 	 0 	 0 	 0 	 240.326 	 0.455258 	 0 	 0 	 NaN 	 NaN 	 0 	 0 	 0 	 NaN 	 NaN 	 NaN 	 NaN 	 0 	 0 	 NaN 	 NaN 	 163.506 	 -18.2172 	 19.7075 	 0.120531 	 163.506 	 0 	 0 	 NaN 	 NaN 	 0 	 0 	 0 	 NaN 	 NaN 	 NaN 	 NaN 	 0 	 0 	 NaN 	 NaN 	  Other 
94 	 1359.62 	 292.382 	 1220.38 	 173.401 	 4740 	 93.0128 	 68.4674 	 0.676865 	 0.948949 	 289.338 	 1657.3 	 473.753 	 0.285858 	 870.815 	 1657.3 	 5661 	 0.936631 	 335.238 	 673.263 	 701.82 	 701.82 	 0 	 0 	 0 	 260.915 	 0.371769 	 161 	 481 	 241.95 	 241.95 	 3 	 1443.11 	 0.304453 	 38.1701 	 19.5946 	 26.2279 	 9.26936 	 64 	 33 	 53.6667 	 17.8979 	 341.862 	 44.9608 	 55.173 	 0.16139 	 341.862 	 305 	 604 	 498.531 	 498.531 	 4 	 1376.93 	 0.290492 	 28.2766 	 11.6075 	 18.6145 	 5.71223 	 115 	 31 	 76.25 	 35.1888 	  Other 
95 	 1355.84 	 914.689 	 1336.46 	 228.037 	 5726 	 114.595 	 64.838 	 0.824541 	 0.954492 	 331.563 	 1125.13 	 224.877 	 0.199867 	 479.497 	 1125.13 	 10000 	 0.907359 	 445.605 	 561.969 	 808.911 	 808.911 	 0.333333 	 1011.99 	 771.127 	 347.915 	 0.430104 	 61 	 61 	 203.721 	 203.721 	 1 	 0 	 0 	 NaN 	 NaN 	 NaN 	 NaN 	 61 	 61 	 61 	 0 	 245.07 	 9.35527 	 39.616 	 0.161652 	 245.07 	 692 	 2690 	 399.803 	 399.803 	 11 	 2050.89 	 0.358171 	 83.2549 	 8.29786 	 38.2564 	 20.3023 	 163 	 17 	 62.9091 	 57.2686 	  Tumour 
96 	 1443.57 	 448.857 	 1351.31 	 178.059 	 7573 	 123.401 	 79.7085 	 0.763394 	 0.944029 	 364.191 	 1498.37 	 503.167 	 0.335809 	 877.23 	 1498.37 	 11006 	 0.865524 	 529.179 	 640.27 	 869.112 	 869.112 	 0.435583 	 897.211 	 862.736 	 253.657 	 0.291857 	 166 	 615 	 229.922 	 229.922 	 3 	 1014.65 	 0.133982 	 48.4931 	 11.6382 	 32.8948 	 17.0548 	 67 	 48 	 55.3333 	 10.2144 	 301.387 	 10.4131 	 50.9607 	 0.169087 	 301.387 	 592 	 1781 	 536.916 	 536.916 	 4 	 3497.76 	 0.461873 	 54.4115 	 17.5279 	 34.9344 	 12.9334 	 408 	 45 	 148 	 174.866 	  Tumour 
97 	 1474.46 	 522.981 	 1381.73 	 257.599 	 7078 	 169.968 	 62.3015 	 0.930399 	 0.781754 	 438.475 	 1284.29 	 396.213 	 0.308507 	 726.159 	 1284.29 	 9472 	 0.687273 	 621.22 	 857.088 	 987.503 	 987.503 	 0.620209 	 989.407 	 980.771 	 247.906 	 0.251044 	 75 	 215 	 268.973 	 268.973 	 2 	 1575.28 	 0.222561 	 24.7853 	 24.7853 	 24.7853 	 0 	 57 	 18 	 37.5 	 27.5772 	 355.899 	 32.5472 	 45.0472 	 0.126573 	 355.899 	 689 	 1523 	 457.019 	 457.019 	 5 	 1216.27 	 0.171838 	 39.3874 	 8.70219 	 24.4967 	 10.2919 	 364 	 26 	 137.8 	 132.439 	  Tumour 
98 	 1502.1 	 656.462 	 1420.2 	 390.717 	 4918 	 111.95 	 63.506 	 0.823532 	 0.880415 	 334.233 	 1195.52 	 446.27 	 0.373285 	 868.789 	 1195.52 	 12210 	 0.92381 	 504.108 	 542.089 	 694.152 	 694.152 	 0.208155 	 888.918 	 666.951 	 314.919 	 0.453674 	 106 	 267 	 203.689 	 203.689 	 2 	 1297 	 0.263725 	 23.5058 	 23.5058 	 23.5058 	 0 	 61 	 45 	 53 	 11.3137 	 170.262 	 -33.497 	 40.9614 	 0.240578 	 170.262 	 0 	 0 	 NaN 	 NaN 	 0 	 0 	 0 	 NaN 	 NaN 	 NaN 	 NaN 	 0 	 0 	 NaN 	 NaN 	  Tumour 
99 	 1503 	 569.084 	 1412.93 	 311.734 	 4562 	 96.6531 	 61.9867 	 0.767263 	 0.9451 	 280.35 	 1455.12 	 545.988 	 0.375219 	 1094.98 	 1455.12 	 6206 	 0.937746 	 347.196 	 945.615 	 1095.16 	 1095.16 	 0.756173 	 1005.56 	 1145.22 	 251.9 	 0.230012 	 53 	 54 	 229 	 229 	 1 	 0 	 0 	 NaN 	 NaN 	 NaN 	 NaN 	 53 	 53 	 53 	 0 	 358.171 	 -22.1079 	 40.1896 	 0.112208 	 358.171 	 111 	 478 	 351.739 	 351.739 	 3 	 996.038 	 0.218334 	 30.9751 	 12.5678 	 23.5463 	 8.67906 	 52 	 25 	 37 	 13.7477 	  Tumour 
100 	 1514.1 	 130.18 	 1462.99 	 187.843 	 5920 	 124.693 	 61.7402 	 0.868815 	 0.965112 	 327.889 	 1681.27 	 625.068 	 0.371785 	 1366.69 	 1681.27 	 6861 	 0.912731 	 407.037 	 722.631 	 893.456 	 893.456 	 0.3531 	 1027.37 	 856.659 	 297.544 	 0.333026 	 110 	 543 	 204.4 	 204.4 	 2 	 1356.53 	 0.229143 	 56.9841 	 56.9841 	 56.9841 	 0 	 64 	 46 	 55 	 12.7279 	 383.445 	 121.556 	 75.1698 	 0.196038 	 383.445 	 819 	 2684 	 358.969 	 358.969 	 8 	 1359.99 	 0.229729 	 86.6058 	 11.5563 	 42.7628 	 21.7675 	 252 	 25 	 102.375 	 87.2237 	  Tumour 
101 	 1531.9 	 270.328 	 1453.95 	 173.401 	 4928 	 96.1524 	 65.7401 	 0.729757 	 0.972376 	 278.149 	 889.047 	 223.915 	 0.25186 	 575.773 	 889.047 	 8436 	 0.894971 	 442.451 	 730.238 	 847.256 	 847.256 	 0.130542 	 989.623 	 837.127 	 204.719 	 0.241626 	 42 	 43 	 190.595 	 190.595 	 1 	 0 	 0 	 NaN 	 NaN 	 NaN 	 NaN 	 42 	 42 	 42 	 0 	 340.485 	 40.4872 	 37.303 	 0.109558 	 340.485 	 747 	 1558 	 372.731 	 372.731 	 2 	 858.665 	 0.174242 	 40.133 	 8.83505 	 26.763 	 14.4353 	 656 	 28 	 249 	 352.907 	  Tumour 
102 	 1534.66 	 449.586 	 1442.27 	 235.773 	 6240 	 104.033 	 77.1155 	 0.671216 	 0.985626 	 303.865 	 2019.1 	 365.912 	 0.181226 	 1123.35 	 2019.1 	 9635 	 0.933443 	 446.309 	 625.974 	 930.754 	 930.754 	 0.533816 	 908.701 	 927.633 	 237.134 	 0.254776 	 151 	 568 	 210.967 	 210.967 	 3 	 573.972 	 0.0919827 	 47.3327 	 19.3355 	 31.894 	 12.718 	 58 	 40 	 50.3333 	 9.29157 	 389.896 	 17.4643 	 48.1976 	 0.123616 	 389.896 	 568 	 2237 	 444.794 	 444.794 	 7 	 1734.67 	 0.277991 	 58.5758 	 10.7208 	 32.8891 	 12.7131 	 179 	 13 	 81.1429 	 67.021 	  Tumour 
103 	 1550.82 	 172.347 	 1489.77 	 209.848 	 5159 	 111.702 	 60.8039 	 0.838865 	 0.968099 	 301.706 	 1403.72 	 499.178 	 0.355611 	 1028.93 	 1403.72 	 7661 	 0.920351 	 408.652 	 666.875 	 913.735 	 913.735 	 0.489418 	 1005.98 	 874.788 	 223.736 	 0.244859 	 129 	 370 	 219.047 	 219.047 	 3 	 2196.94 	 0.425845 	 23.5175 	 14.8353 	 18.1586 	 4.19072 	 50 	 35 	 43 	 7.54983 	 357.746 	 65.0731 	 47.379 	 0.132438 	 357.746 	 774 	 1798 	 420.137 	 420.137 	 9 	 1235.73 	 0.239529 	 60.2058 	 9.30433 	 28.9305 	 14.3731 	 292 	 24 	 86 	 81.477 	  Tumour 
104 	 1633.58 	 303.316 	 1550.9 	 274.221 	 2419 	 87.6009 	 35.6438 	 0.913478 	 0.964898 	 212.409 	 1074.4 	 358.994 	 0.334135 	 708.928 	 1074.4 	 7942 	 0.763214 	 481.238 	 519.71 	 606.47 	 606.47 	 0.403548 	 700.478 	 583.148 	 272.692 	 0.449637 	 0 	 0 	 NaN 	 NaN 	 0 	 0 	 0 	 NaN 	 NaN 	 NaN 	 NaN 	 0 	 0 	 NaN 	 NaN 	 197.135 	 30.1113 	 26.2476 	 0.133145 	 197.135 	 0 	 0 	 NaN 	 NaN 	 0 	 0 	 0 	 NaN 	 NaN 	 NaN 	 NaN 	 0 	 0 	 NaN 	 NaN 	  Tumour 
105 	 1695.2 	 517.928 	 1602.5 	 404.105 	 6090 	 101.188 	 78.2159 	 0.634433 	 0.970673 	 306.108 	 1347.35 	 358.425 	 0.266023 	 812.479 	 1347.35 	 8816 	 0.925953 	 424.652 	 701.247 	 1083.21 	 1083.21 	 0.28934 	 1130.86 	 1058.02 	 269.079 	 0.248408 	 119 	 295 	 240.866 	 240.866 	 2 	 656.251 	 0.107759 	 25.8715 	 25.8715 	 25.8715 	 0 	 65 	 54 	 59.5 	 7.77817 	 189.124 	 -128.908 	 65.2403 	 0.34496 	 189.124 	 720 	 1867 	 365.214 	 365.214 	 8 	 1299.09 	 0.213315 	 62.8969 	 11.4308 	 28.0509 	 13.2851 	 199 	 25 	 90 	 58.5735 	  Tumour 
106 	 1700.32 	 360.689 	 1611.25 	 346.931 	 3301 	 81.793 	 53.4128 	 0.757337 	 0.924132 	 244.593 	 1127.31 	 363.253 	 0.322231 	 775.28 	 1127.31 	 5656 	 0.871495 	 374.995 	 494.919 	 583.618 	 583.618 	 0.693642 	 619.337 	 550.55 	 274.43 	 0.470221 	 0 	 0 	 NaN 	 NaN 	 0 	 0 	 0 	 NaN 	 NaN 	 NaN 	 NaN 	 0 	 0 	 NaN 	 NaN 	 212.102 	 63.6651 	 47.7943 	 0.225336 	 212.102 	 41 	 42 	 268.902 	 268.902 	 1 	 0 	 0 	 NaN 	 NaN 	 NaN 	 NaN 	 41 	 41 	 41 	 0 	  Tumour 
107 	 1754.68 	 187.392 	 1687.28 	 408.718 	 15601 	 169.386 	 121.244 	 0.69832 	 0.914425 	 567.713 	 1572.87 	 610.466 	 0.388123 	 1030.27 	 1572.87 	 20029 	 0.875585 	 689.362 	 802.23 	 1040.69 	 1040.69 	 0.667712 	 1005.04 	 1052.03 	 275.407 	 0.26464 	 283 	 1002 	 283.049 	 283.049 	 3 	 3169.33 	 0.203149 	 52.8792 	 13.9779 	 36.4751 	 18.0261 	 127 	 77 	 94.3333 	 28.3078 	 295.508 	 -37.6417 	 59.0734 	 0.199905 	 295.508 	 538 	 5680 	 306.595 	 306.595 	 11 	 5649.01 	 0.362093 	 108.915 	 4.9479 	 51.5241 	 25.6348 	 127 	 3 	 48.9091 	 36.8414 	  Tumour 
108 	 1725.67 	 67.5714 	 1683.68 	 407.305 	 5247 	 114.307 	 59.6562 	 0.853009 	 0.96612 	 299.966 	 2098.99 	 560.937 	 0.267242 	 1138.25 	 2098.99 	 7891 	 0.892142 	 430.853 	 748.346 	 862.101 	 862.101 	 0.165025 	 1123.94 	 837.74 	 260.277 	 0.301911 	 0 	 0 	 NaN 	 NaN 	 0 	 0 	 0 	 NaN 	 NaN 	 NaN 	 NaN 	 0 	 0 	 NaN 	 NaN 	 258.16 	 -17.8929 	 67.8599 	 0.26286 	 258.16 	 137 	 320 	 384.555 	 384.555 	 3 	 1216.64 	 0.231874 	 33.7387 	 15.9652 	 22.5417 	 8.7172 	 71 	 21 	 45.6667 	 25.0067 	  Tumour 
109 	 1711.7 	 291.432 	 1629.76 	 352.001 	 1640 	 70.1996 	 34.2991 	 0.872511 	 0.836308 	 199.681 	 1057.74 	 410.42 	 0.388017 	 605.308 	 1057.74 	 1784 	 0.796073 	 222.326 	 761.58 	 838.43 	 838.43 	 1.01932 	 836.237 	 829.706 	 337.792 	 0.402886 	 0 	 0 	 NaN 	 NaN 	 0 	 0 	 0 	 NaN 	 NaN 	 NaN 	 NaN 	 0 	 0 	 NaN 	 NaN 	 283.27 	 33.9892 	 55.064 	 0.194387 	 283.27 	 0 	 0 	 NaN 	 NaN 	 0 	 0 	 0 	 NaN 	 NaN 	 NaN 	 NaN 	 0 	 0 	 NaN 	 NaN 	  Tumour 
110 	 1759.3 	 408.791 	 1667.43 	 415.8 	 7681 	 115.605 	 87.6519 	 0.652019 	 0.945936 	 363.161 	 1523.33 	 368.959 	 0.242206 	 976.734 	 1523.33 	 9599 	 0.933573 	 444.451 	 697.053 	 973.542 	 973.542 	 0.571078 	 1089.69 	 903.52 	 321.659 	 0.330401 	 168 	 494 	 261.173 	 261.173 	 3 	 2957.77 	 0.385076 	 25.8085 	 12.8183 	 21.4036 	 6.65086 	 75 	 39 	 56 	 18.0831 	 235.581 	 14.8953 	 68.5744 	 0.291086 	 235.581 	 772 	 3847 	 414.556 	 414.556 	 11 	 1003.64 	 0.130665 	 82.4174 	 8.34462 	 42.8898 	 21.4727 	 122 	 26 	 70.1818 	 31.8899 	  Tumour 
111 	 1759.72 	 567.032 	 1669.37 	 485.412 	 5127 	 87.4498 	 74.8889 	 0.516371 	 0.981996 	 276.25 	 1309.33 	 446.04 	 0.340662 	 970.872 	 1309.33 	 6207 	 0.954042 	 332.368 	 850.283 	 1038.47 	 1038.47 	 0.190323 	 1060.95 	 1036.76 	 460.653 	 0.443589 	 190 	 714 	 222.837 	 222.837 	 2 	 1367.61 	 0.266746 	 49.112 	 49.112 	 49.112 	 0 	 148 	 42 	 95 	 74.9533 	 225.186 	 -38.0033 	 77.0014 	 0.341946 	 225.186 	 463 	 1279 	 461.542 	 461.542 	 5 	 997.827 	 0.194622 	 42.0432 	 15.434 	 26.397 	 8.06053 	 128 	 48 	 92.6 	 32.807 	  Tumour 
112 	 1757.26 	 287.866 	 1674.81 	 397.02 	 4531 	 117.917 	 50.1826 	 0.904922 	 0.919627 	 313.664 	 1436.05 	 421.022 	 0.293181 	 916.298 	 1436.05 	 7068 	 0.882838 	 433.137 	 755.992 	 942.44 	 942.44 	 0.93 	 920.731 	 943.313 	 256.311 	 0.271965 	 90 	 381 	 239.978 	 239.978 	 2 	 1341 	 0.295961 	 41.6773 	 41.6773 	 41.6773 	 0 	 45 	 45 	 45 	 0 	 236.713 	 -104.441 	 55.7696 	 0.2356 	 236.713 	 62 	 65 	 323.742 	 323.742 	 1 	 0 	 0 	 NaN 	 NaN 	 NaN 	 NaN 	 62 	 62 	 62 	 0 	  Tumour 
113 	 1814.81 	 347.614 	 1726.9 	 458.433 	 5738 	 96.149 	 77.7376 	 0.58848 	 0.941891 	 307.262 	 1638.78 	 428.467 	 0.261455 	 1011.09 	 1638.78 	 7019 	 0.901721 	 403.723 	 733.891 	 979.404 	 979.404 	 0.843666 	 1048.06 	 913.111 	 240.273 	 0.245326 	 43 	 45 	 270.651 	 270.651 	 1 	 0 	 0 	 NaN 	 NaN 	 NaN 	 NaN 	 43 	 43 	 43 	 0 	 292.694 	 -34.1023 	 70.4694 	 0.240762 	 292.694 	 56 	 59 	 412.036 	 412.036 	 1 	 0 	 0 	 NaN 	 NaN 	 NaN 	 NaN 	 56 	 56 	 56 	 0 	  Tumour 
114 	 1842.18 	 88.702 	 1791.74 	 511.994 	 4849 	 101.516 	 62.4327 	 0.788522 	 0.969606 	 280.066 	 2198.55 	 412.55 	 0.187646 	 1269.08 	 2198.55 	 7160 	 0.93217 	 376.61 	 701.914 	 972.074 	 972.074 	 0.609065 	 993.567 	 959.23 	 148.241 	 0.152499 	 63 	 64 	 289.651 	 289.651 	 1 	 0 	 0 	 NaN 	 NaN 	 NaN 	 NaN 	 63 	 63 	 63 	 0 	 374.959 	 -64.5691 	 47.6925 	 0.127194 	 374.959 	 476 	 1119 	 515.582 	 515.582 	 4 	 1451.94 	 0.29943 	 30.4733 	 13.7238 	 23.6801 	 6.5846 	 224 	 23 	 119 	 88.3214 	  Tumour 
115 	 1862.58 	 626.457 	 1776.18 	 603.792 	 4327 	 81.9925 	 67.5367 	 0.567035 	 0.97236 	 254.936 	 751.577 	 172.062 	 0.228934 	 501.302 	 751.577 	 7137 	 0.894585 	 404.995 	 628.775 	 691.545 	 691.545 	 0.130319 	 628.429 	 696.414 	 457.628 	 0.661747 	 38 	 39 	 186.053 	 186.053 	 1 	 0 	 0 	 NaN 	 NaN 	 NaN 	 NaN 	 38 	 38 	 38 	 0 	 125.174 	 -9.69762 	 29.8448 	 0.238427 	 125.174 	 49 	 49 	 218.918 	 218.918 	 1 	 0 	 0 	 NaN 	 NaN 	 NaN 	 NaN 	 49 	 49 	 49 	 0 	  Tumour 
116 	 1874.06 	 332.515 	 1786.89 	 515.633 	 3658 	 96.9707 	 54.7564 	 0.825317 	 0.852482 	 293.765 	 1755.38 	 340.417 	 0.193928 	 973.212 	 1755.38 	 5487 	 0.775657 	 411.137 	 795.882 	 1087.85 	 1087.85 	 0.785714 	 1069 	 1094.13 	 288.35 	 0.265063 	 159 	 445 	 297.157 	 297.157 	 3 	 952.682 	 0.260438 	 25.4901 	 15.5302 	 19.872 	 4.56258 	 62 	 37 	 53 	 13.8924 	 369.009 	 -54.7121 	 38.7063 	 0.104892 	 369.009 	 223 	 563 	 518.126 	 518.126 	 2 	 1047 	 0.286221 	 32.1615 	 32.1615 	 32.1615 	 0 	 181 	 42 	 111.5 	 98.2878 	  Tumour 
117 	 1879.96 	 266.71 	 1799.41 	 520.601 	 5135 	 95.2871 	 69.3377 	 0.685925 	 0.974383 	 281.723 	 1897.9 	 396.019 	 0.208662 	 1082.07 	 1897.9 	 6448 	 0.930045 	 358.368 	 756.363 	 1094.6 	 1094.6 	 0.845238 	 1148.65 	 1039.52 	 263.675 	 0.240888 	 67 	 363 	 269.94 	 269.94 	 2 	 1248.68 	 0.24317 	 48.4614 	 48.4614 	 48.4614 	 0 	 58 	 9 	 33.5 	 34.6482 	 371.419 	 -108.216 	 64.4691 	 0.173575 	 371.419 	 304 	 682 	 513.75 	 513.75 	 4 	 1854.14 	 0.361078 	 20.3284 	 9.42223 	 16.1152 	 4.08242 	 184 	 23 	 76 	 75.9078 	  Tumour 
118 	 1881.53 	 549.491 	 1790.41 	 581.836 	 2888 	 78.7823 	 49.333 	 0.779668 	 0.93675 	 224.894 	 812.453 	 249.361 	 0.306924 	 498.17 	 812.453 	 6245 	 0.924227 	 354.794 	 528.445 	 525.231 	 525.231 	 0.3875 	 668.347 	 486.694 	 244.684 	 0.46586 	 0 	 0 	 NaN 	 NaN 	 0 	 0 	 0 	 NaN 	 NaN 	 NaN 	 NaN 	 0 	 0 	 NaN 	 NaN 	 178.424 	 30.7282 	 34.0731 	 0.190967 	 178.424 	 211 	 820 	 279.782 	 279.782 	 4 	 557.354 	 0.19299 	 30.7934 	 12.8185 	 24.1509 	 7.02989 	 106 	 22 	 52.75 	 36.9448 	  Tumour 
119 	 1898.12 	 178.709 	 1829.6 	 549.739 	 3475 	 77.7946 	 58.0875 	 0.665186 	 0.976947 	 228.024 	 1556.11 	 311.303 	 0.200053 	 747.093 	 1556.11 	 6712 	 0.904826 	 372.024 	 812.114 	 1103.27 	 1103.27 	 0.979885 	 1127.35 	 1065.82 	 201.777 	 0.18289 	 0 	 0 	 NaN 	 NaN 	 0 	 0 	 0 	 NaN 	 NaN 	 NaN 	 NaN 	 0 	 0 	 NaN 	 NaN 	 377.909 	 -4.6666 	 32.1994 	 0.0852041 	 377.909 	 144 	 164 	 501.472 	 501.472 	 1 	 0 	 0 	 NaN 	 NaN 	 NaN 	 NaN 	 144 	 144 	 144 	 0 	  Tumour 
120 	 1911.24 	 96.7081 	 1857.49 	 577.565 	 7445 	 118.836 	 81.7884 	 0.725477 	 0.934832 	 372.434 	 2292.98 	 336.911 	 0.146932 	 1130.1 	 2292.98 	 9738 	 0.897181 	 442.953 	 761.648 	 1210.59 	 1210.59 	 0.719715 	 1154.83 	 1236.8 	 287.785 	 0.237722 	 103 	 108 	 362.466 	 362.466 	 1 	 0 	 0 	 NaN 	 NaN 	 NaN 	 NaN 	 103 	 103 	 103 	 0 	 282.874 	 -132.404 	 75.4307 	 0.266658 	 282.874 	 556 	 2757 	 531.462 	 531.462 	 7 	 898.069 	 0.120627 	 66.4703 	 13.2369 	 34.9185 	 16.3852 	 190 	 24 	 79.4286 	 55.7191 	  Tumour 
121 	 1925.85 	 491.376 	 1833.05 	 599.964 	 4238 	 78.6989 	 69.0077 	 0.480751 	 0.977624 	 249.38 	 889.818 	 216.213 	 0.242986 	 590.018 	 889.818 	 8636 	 0.89132 	 437.522 	 565.463 	 482.073 	 482.073 	 0.18797 	 699.587 	 461.032 	 298.028 	 0.618223 	 39 	 40 	 180 	 180 	 1 	 0 	 0 	 NaN 	 NaN 	 NaN 	 NaN 	 39 	 39 	 39 	 0 	 159.089 	 18.13 	 37.6822 	 0.236862 	 159.089 	 746 	 1574 	 524.491 	 524.491 	 4 	 224.684 	 0.0530164 	 32.9319 	 13.689 	 24.9033 	 6.97096 	 273 	 106 	 186.5 	 70.9107 	  Tumour 
122 	 1963.96 	 302.591 	 1879.17 	 604.1 	 5835 	 107.892 	 70.277 	 0.758767 	 0.9667 	 321.664 	 2013.42 	 523.052 	 0.259783 	 1264.83 	 2013.42 	 6907 	 0.89678 	 391.924 	 863.928 	 1238.25 	 1238.25 	 0.775342 	 1338.9 	 1147.95 	 290.025 	 0.234222 	 136 	 358 	 320.956 	 320.956 	 2 	 686.17 	 0.117596 	 30.2209 	 30.2209 	 30.2209 	 0 	 69 	 67 	 68 	 1.41421 	 313.105 	 -88.2843 	 84.5365 	 0.269994 	 313.105 	 511 	 2037 	 532.728 	 532.728 	 7 	 921.63 	 0.157949 	 72.3657 	 10.3769 	 35.5771 	 19.6315 	 151 	 23 	 73 	 54.6474 	  Tumour 
123 	 1960.15 	 226.643 	 1883.8 	 603.511 	 4435 	 89.5748 	 65.1018 	 0.686863 	 0.934078 	 279.279 	 1135.35 	 317.495 	 0.279646 	 504.757 	 1135.35 	 6891 	 0.848854 	 406.066 	 984.281 	 1196.84 	 1196.84 	 0.776 	 1269.09 	 1141.08 	 279.963 	 0.233918 	 0 	 0 	 NaN 	 NaN 	 0 	 0 	 0 	 NaN 	 NaN 	 NaN 	 NaN 	 0 	 0 	 NaN 	 NaN 	 439.799 	 29.2868 	 48.5561 	 0.110405 	 439.799 	 0 	 0 	 NaN 	 NaN 	 0 	 0 	 0 	 NaN 	 NaN 	 NaN 	 NaN 	 0 	 0 	 NaN 	 NaN 	  Tumour 
124 	 1979.01 	 128.517 	 1918.02 	 639.41 	 5775 	 107.84 	 69.3502 	 0.765797 	 0.960899 	 308.25 	 1564.69 	 561.144 	 0.35863 	 1077.93 	 1564.69 	 7753 	 0.945257 	 390.711 	 923.871 	 1011.85 	 1011.85 	 0.486486 	 1236.39 	 933.895 	 451.156 	 0.445872 	 136 	 2669 	 310.088 	 310.088 	 3 	 517.599 	 0.0896275 	 88.7292 	 58.3913 	 68.9913 	 15.3028 	 54 	 35 	 45.3333 	 9.60902 	 377.225 	 80.4623 	 72.7018 	 0.192728 	 377.225 	 265 	 467 	 574.808 	 574.808 	 3 	 1659.4 	 0.287342 	 36.3326 	 14.4677 	 24.3565 	 9.91105 	 192 	 31 	 88.3333 	 89.9463 	  Tumour 
125 	 1991.44 	 359.847 	 1901.66 	 634.653 	 4031 	 87.2706 	 59.7494 	 0.728876 	 0.965278 	 252.309 	 1665.17 	 430.098 	 0.258291 	 1113.56 	 1665.17 	 9013 	 0.939735 	 431.22 	 740.16 	 849.073 	 849.073 	 0.315104 	 1195.97 	 783.065 	 365.82 	 0.430846 	 197 	 552 	 299.782 	 299.782 	 3 	 273.275 	 0.0677932 	 47.1697 	 13.3804 	 31.5993 	 15.2496 	 73 	 59 	 65.6667 	 7.02377 	 272.964 	 -22.2402 	 49.9732 	 0.183076 	 272.964 	 338 	 1146 	 489.559 	 489.559 	 5 	 704.615 	 0.174799 	 39.4878 	 14.0798 	 23.7052 	 7.3746 	 116 	 34 	 67.6 	 33.2911 	  Tumour 
126 	 1431.27 	 1281.08 	 1560.47 	 229.369 	 6700 	 111.085 	 77.14 	 0.719565 	 0.981973 	 319.463 	 980.369 	 457.063 	 0.466216 	 618.117 	 980.369 	 11289 	 0.92548 	 470.711 	 737.348 	 734.167 	 734.167 	 0 	 0 	 0 	 352.183 	 0.479705 	 122 	 293 	 239.443 	 239.443 	 2 	 1207.37 	 0.180204 	 26.98 	 26.98 	 26.98 	 0 	 71 	 51 	 61 	 14.1421 	 178.618 	 -4.50778 	 63.4836 	 0.355416 	 178.618 	 648 	 1727 	 393.034 	 393.034 	 3 	 4873.45 	 0.72738 	 43.2612 	 30.0555 	 35.7932 	 6.05596 	 427 	 50 	 216 	 192.486 	  Tumour 
127 	 77.8553 	 1261.98 	 784.143 	 245 	 4975 	 99.4172 	 65.6311 	 0.751127 	 0.979909 	 279.622 	 1549.96 	 293.258 	 0.189203 	 932.279 	 1549.96 	 10502 	 0.915367 	 477.522 	 560.39 	 771.583 	 771.583 	 0.154897 	 1018.96 	 743.401 	 284.106 	 0.368212 	 235 	 899 	 172.026 	 172.026 	 4 	 392.44 	 0.0788825 	 32.236 	 15.5736 	 24.9295 	 6.94904 	 73 	 44 	 58.75 	 13.1498 	 47.2092 	 0.571125 	 3.41821 	 0.0724056 	 47.2092 	 566 	 1959 	 304.859 	 304.859 	 4 	 755.067 	 0.151772 	 53.0898 	 21.2031 	 36.4878 	 10.3926 	 186 	 63 	 141.5 	 54.0401 	  Tumour 
128 	 77.538 	 1506.8 	 1274.56 	 143.224 	 2199 	 64.6638 	 45.5408 	 0.709932 	 0.924338 	 190.409 	 696.47 	 144.034 	 0.206805 	 483.411 	 696.47 	 7845 	 0.874387 	 419.907 	 484.696 	 549.481 	 549.481 	 0 	 0 	 546.949 	 307.827 	 0.560214 	 0 	 0 	 NaN 	 NaN 	 0 	 0 	 0 	 NaN 	 NaN 	 NaN 	 NaN 	 0 	 0 	 NaN 	 NaN 	 45.4447 	 -0.413301 	 3.14576 	 0.0692217 	 45.4447 	 0 	 0 	 NaN 	 NaN 	 0 	 0 	 0 	 NaN 	 NaN 	 NaN 	 NaN 	 0 	 0 	 NaN 	 NaN 	  Other 
129 	 104.595 	 1132.35 	 654.11 	 375.971 	 7923 	 143.414 	 76.2973 	 0.846739 	 0.920316 	 393.747 	 1593.09 	 525.13 	 0.329629 	 939.37 	 1593.09 	 18520 	 0.842584 	 723.747 	 818.686 	 1037.25 	 1037.25 	 0 	 0 	 0 	 265.932 	 0.256382 	 158 	 1241 	 188.671 	 188.671 	 3 	 952.037 	 0.120161 	 65.4516 	 18.7845 	 48.8075 	 23.3015 	 59 	 41 	 52.6667 	 10.116 	 47.7154 	 0.87057 	 3.37501 	 0.0707322 	 47.7154 	 440 	 2613 	 249.014 	 249.014 	 6 	 1960.6 	 0.247457 	 89.5038 	 8.46789 	 48.8138 	 33.3416 	 129 	 37 	 73.3333 	 42.9216 	  Tumour 
130 	 158.919 	 1341.23 	 865.52 	 184.708 	 6474 	 124.832 	 66.7642 	 0.844958 	 0.964829 	 330.693 	 1117.15 	 355.17 	 0.317926 	 754.785 	 1117.15 	 12297 	 0.651014 	 670.007 	 728.49 	 960.11 	 960.11 	 0.500795 	 964.267 	 961.684 	 265.643 	 0.27668 	 0 	 0 	 NaN 	 NaN 	 0 	 0 	 0 	 NaN 	 NaN 	 NaN 	 NaN 	 0 	 0 	 NaN 	 NaN 	 46.0076 	 -0.0286766 	 2.89474 	 0.0629188 	 46.0076 	 390 	 1028 	 229.072 	 229.072 	 6 	 3523.58 	 0.544266 	 36.5775 	 10.236 	 22.2066 	 8.48508 	 117 	 34 	 65 	 34.094 	  Tumour 
131 	 191.165 	 1418.64 	 946.089 	 143.224 	 7450 	 113.346 	 86.2752 	 0.648555 	 0.97322 	 342.291 	 1200.76 	 354.112 	 0.294906 	 784.796 	 1200.76 	 13890 	 0.930466 	 525.137 	 677.72 	 952.671 	 952.671 	 0.382114 	 809.112 	 974.531 	 264.458 	 0.277596 	 177 	 1421 	 173.068 	 173.068 	 3 	 329.725 	 0.0442584 	 63.3443 	 36.9608 	 47.1996 	 12.6548 	 62 	 54 	 59 	 4.3589 	 45.9906 	 -0.235797 	 2.86004 	 0.0621874 	 45.9906 	 327 	 988 	 265.55 	 265.55 	 3 	 3874.68 	 0.520091 	 33.384 	 16.902 	 27.5894 	 8.28824 	 239 	 33 	 109 	 113.119 	  Tumour 
132 	 211.891 	 1600.38 	 1367.84 	 182.214 	 2446 	 124.034 	 30.3298 	 0.969642 	 0.744144 	 291.865 	 840.281 	 254.384 	 0.302737 	 597.706 	 840.281 	 4094 	 0.784592 	 353.882 	 293.758 	 322.527 	 322.527 	 0.284431 	 322.274 	 325.355 	 172.111 	 0.533632 	 0 	 0 	 NaN 	 NaN 	 0 	 0 	 0 	 NaN 	 NaN 	 NaN 	 NaN 	 0 	 0 	 NaN 	 NaN 	 45.4975 	 0.201957 	 2.78511 	 0.0612145 	 45.4975 	 0 	 0 	 NaN 	 NaN 	 0 	 0 	 0 	 NaN 	 NaN 	 NaN 	 NaN 	 0 	 0 	 NaN 	 NaN 	  DCIS 
133 	 245.797 	 1957.04 	 1486.89 	 300.541 	 7564 	 121.147 	 81.3331 	 0.741132 	 0.955533 	 358.818 	 1306.61 	 586.681 	 0.449009 	 970.08 	 1306.61 	 10900 	 0.897415 	 510.108 	 723.847 	 693.085 	 693.085 	 0 	 0 	 0 	 350.547 	 0.505778 	 102 	 440 	 237.069 	 237.069 	 2 	 742.673 	 0.0981852 	 45.955 	 45.955 	 45.955 	 0 	 64 	 38 	 51 	 18.3848 	 47.1933 	 1.03871 	 3.34363 	 0.0708498 	 47.1933 	 530 	 1852 	 286.245 	 286.245 	 5 	 977.092 	 0.129177 	 78.8917 	 18.2824 	 40.7041 	 19.5685 	 177 	 60 	 106 	 44.379 	  Tumour 
134 	 279.648 	 1299.4 	 842.027 	 289.945 	 5969 	 116.946 	 65.6992 	 0.82728 	 0.967423 	 320.291 	 1065.61 	 293.787 	 0.275699 	 722.193 	 1065.61 	 11110 	 0.883288 	 511.966 	 775.146 	 974.678 	 974.678 	 0.303347 	 990.352 	 974.945 	 266.467 	 0.27339 	 67 	 68 	 171.209 	 171.209 	 1 	 0 	 0 	 NaN 	 NaN 	 NaN 	 NaN 	 67 	 67 	 67 	 0 	 46.967 	 0.62771 	 3.06603 	 0.0652806 	 46.967 	 571 	 3256 	 242.412 	 242.412 	 7 	 1894.28 	 0.317352 	 88.7515 	 11.8526 	 47.3965 	 23.3167 	 196 	 40 	 81.5714 	 56.4944 	  Tumour 
135 	 241.643 	 1609.53 	 1379.7 	 197.692 	 1574 	 67.2392 	 30.2414 	 0.89315 	 0.957421 	 170.368 	 874.717 	 255.711 	 0.292336 	 482.16 	 874.717 	 2415 	 0.929204 	 223.497 	 312.601 	 340.933 	 340.933 	 0.61244 	 343.234 	 339.304 	 154.601 	 0.453465 	 43 	 45 	 147.651 	 147.651 	 1 	 0 	 0 	 NaN 	 NaN 	 NaN 	 NaN 	 43 	 43 	 43 	 0 	 45.2967 	 -0.117505 	 2.81451 	 0.0621349 	 45.2967 	 40 	 44 	 121.9 	 121.9 	 1 	 0 	 0 	 NaN 	 NaN 	 NaN 	 NaN 	 40 	 40 	 40 	 0 	  Other 
136 	 284.847 	 1658.51 	 1432.26 	 169.853 	 2024 	 74.1864 	 36.4067 	 0.871303 	 0.906404 	 201.581 	 790.815 	 257.036 	 0.325026 	 546.878 	 790.815 	 3595 	 0.921322 	 266.811 	 219.854 	 280.454 	 280.454 	 0.148594 	 406.324 	 268.187 	 298.813 	 1.06546 	 82 	 141 	 108.756 	 108.756 	 2 	 358.113 	 0.176933 	 13.6785 	 13.6785 	 13.6785 	 0 	 46 	 36 	 41 	 7.07107 	 46.4012 	 0.628233 	 3.41468 	 0.0735903 	 46.4012 	 53 	 53 	 136.151 	 136.151 	 1 	 0 	 0 	 NaN 	 NaN 	 NaN 	 NaN 	 53 	 53 	 53 	 0 	  DCIS 
137 	 278.738 	 1120.08 	 668.401 	 291.913 	 2979 	 67.9309 	 56.2213 	 0.561281 	 0.96564 	 217.48 	 858.751 	 274.253 	 0.319362 	 502.127 	 858.751 	 5120 	 0.894948 	 329.196 	 957.215 	 1265.95 	 1265.95 	 0.22549 	 1468.19 	 1223.55 	 414.64 	 0.327531 	 0 	 0 	 NaN 	 NaN 	 0 	 0 	 0 	 NaN 	 NaN 	 NaN 	 NaN 	 0 	 0 	 NaN 	 NaN 	 45.9554 	 0.194221 	 2.90729 	 0.0632634 	 45.9554 	 105 	 110 	 279.381 	 279.381 	 1 	 0 	 0 	 NaN 	 NaN 	 NaN 	 NaN 	 105 	 105 	 105 	 0 	  Tumour 
138 	 343.688 	 1071.82 	 644.854 	 225.322 	 3685 	 85.0958 	 55.7853 	 0.755144 	 0.972809 	 245.137 	 1155.66 	 409.901 	 0.35469 	 671.061 	 1155.66 	 6468 	 0.82332 	 431.48 	 1261.56 	 1344.1 	 1344.1 	 0.25 	 1435.6 	 1296.09 	 278.476 	 0.207184 	 63 	 64 	 199.492 	 199.492 	 1 	 0 	 0 	 NaN 	 NaN 	 NaN 	 NaN 	 63 	 63 	 63 	 0 	 47.0822 	 -88.7825 	 3.24397 	 0.0689002 	 47.0822 	 129 	 137 	 239.519 	 239.519 	 1 	 0 	 0 	 NaN 	 NaN 	 NaN 	 NaN 	 129 	 129 	 129 	 0 	  Tumour 
139 	 387.557 	 1296.6 	 870.509 	 292.659 	 7976 	 138.34 	 74.676 	 0.841792 	 0.946032 	 389.605 	 1141.93 	 325.864 	 0.285364 	 704.274 	 1141.93 	 12332 	 0.803807 	 585.421 	 929.559 	 1306.87 	 1306.87 	 0.641544 	 1455.33 	 1207.26 	 504.671 	 0.386169 	 79 	 82 	 242.051 	 242.051 	 1 	 0 	 0 	 NaN 	 NaN 	 NaN 	 NaN 	 79 	 79 	 79 	 0 	 47.1499 	 0.470075 	 3.05241 	 0.0647383 	 47.1499 	 376 	 2921 	 238.037 	 238.037 	 5 	 1694.08 	 0.212397 	 90.4897 	 21.8987 	 50.3219 	 24.1394 	 129 	 39 	 75.2 	 36.5951 	  Tumour 
140 	 368.768 	 1674.32 	 1457.94 	 84.5281 	 2413 	 63.9846 	 48.3371 	 0.655208 	 0.974162 	 191.966 	 974.658 	 305.018 	 0.312949 	 718.764 	 974.658 	 4256 	 0.855821 	 320.267 	 436.367 	 490.414 	 490.414 	 0.159322 	 1013.32 	 443.243 	 370.981 	 0.756465 	 0 	 0 	 NaN 	 NaN 	 0 	 0 	 0 	 NaN 	 NaN 	 NaN 	 NaN 	 0 	 0 	 NaN 	 NaN 	 45.1131 	 0.0233248 	 2.86557 	 0.0635196 	 45.1131 	 0 	 0 	 NaN 	 NaN 	 0 	 0 	 0 	 NaN 	 NaN 	 NaN 	 NaN 	 0 	 0 	 NaN 	 NaN 	  DCIS 
141 	 429.591 	 1164.99 	 765.205 	 313.74 	 6101 	 181.364 	 47.4173 	 0.965217 	 0.831539 	 423.747 	 1281.04 	 404.535 	 0.315786 	 698.924 	 1281.04 	 10815 	 0.813586 	 602.35 	 754.413 	 972.465 	 972.465 	 0.442274 	 862.972 	 992.336 	 417.113 	 0.428923 	 54 	 55 	 163.981 	 163.981 	 1 	 0 	 0 	 NaN 	 NaN 	 NaN 	 NaN 	 54 	 54 	 54 	 0 	 46.9674 	 0.454488 	 3.30589 	 0.070387 	 46.9674 	 502 	 2862 	 187.032 	 187.032 	 6 	 1955.33 	 0.320494 	 95.8556 	 11.3736 	 43.4229 	 28.8092 	 108 	 59 	 83.6667 	 19.2111 	  Tumour 
142 	 438.116 	 1215.33 	 813.753 	 323.303 	 6947 	 128.524 	 71.3782 	 0.831604 	 0.964325 	 349.037 	 1787.21 	 448.55 	 0.250977 	 1072.72 	 1787.21 	 8759 	 0.927664 	 438.024 	 732.66 	 1146.99 	 1146.99 	 0.917874 	 1066.47 	 1205.52 	 474.733 	 0.413893 	 141 	 507 	 195.05 	 195.05 	 2 	 1265.87 	 0.182219 	 38.043 	 38.043 	 38.043 	 0 	 96 	 45 	 70.5 	 36.0624 	 47.5168 	 -0.0100324 	 3.22505 	 0.0678717 	 47.5168 	 501 	 1875 	 282.058 	 282.058 	 5 	 1304.79 	 0.18782 	 55.2766 	 12.6149 	 31.0865 	 16.0798 	 163 	 33 	 100.2 	 50.6132 	  Tumour 
143 	 432.934 	 1380.02 	 963.952 	 206.7 	 5086 	 86.4975 	 76.9764 	 0.456105 	 0.957455 	 288.35 	 878.122 	 237.79 	 0.270794 	 565.724 	 878.122 	 7880 	 0.910667 	 387.037 	 962.963 	 1165.21 	 1165.21 	 0.45584 	 1217.24 	 1145.53 	 537.124 	 0.460968 	 145 	 781 	 162.703 	 162.703 	 3 	 1313.37 	 0.258232 	 60.8311 	 15.3475 	 41.5658 	 21.0418 	 74 	 30 	 48.3333 	 22.8983 	 46.3211 	 -0.910516 	 2.90345 	 0.062681 	 46.3211 	 220 	 613 	 206.941 	 206.941 	 4 	 1896.06 	 0.372801 	 42.8746 	 10.807 	 24.7756 	 12.704 	 102 	 34 	 55 	 31.6544 	  Tumour 
144 	 452.282 	 1690.13 	 1264.05 	 84.5281 	 5482 	 106.798 	 66.7966 	 0.780264 	 0.940309 	 333.647 	 706.356 	 168.84 	 0.23903 	 445.642 	 706.356 	 9317 	 0.836957 	 487.38 	 703.391 	 790.45 	 790.45 	 0.346578 	 954.459 	 748.891 	 320.455 	 0.405408 	 108 	 204 	 162.148 	 162.148 	 2 	 1748.54 	 0.31896 	 17.6792 	 17.6792 	 17.6792 	 0 	 62 	 46 	 54 	 11.3137 	 46.3391 	 -1.17083 	 3.24009 	 0.0699213 	 46.3391 	 314 	 546 	 266.93 	 266.93 	 3 	 1925.08 	 0.351163 	 28.7614 	 13.7977 	 20.132 	 6.92408 	 133 	 75 	 104.667 	 29.023 	  Tumour 
145 	 502.984 	 1308.89 	 926.64 	 209.251 	 7099 	 138.904 	 69.0036 	 0.867882 	 0.887153 	 383.747 	 1488.84 	 498.941 	 0.335121 	 1026.23 	 1488.84 	 7930 	 0.891612 	 420.693 	 756.259 	 1078.38 	 1078.38 	 0.913838 	 1092.73 	 1051.81 	 464.287 	 0.430539 	 97 	 604 	 177.113 	 177.113 	 2 	 1149.69 	 0.161951 	 61.2395 	 61.2395 	 61.2395 	 0 	 54 	 43 	 48.5 	 7.77817 	 47.245 	 0.556134 	 3.23171 	 0.0684032 	 47.245 	 333 	 1747 	 211.79 	 211.79 	 4 	 1395.23 	 0.196539 	 64.5402 	 16.754 	 39.8975 	 17.2611 	 110 	 57 	 83.25 	 29.1933 	  Tumour 
146 	 507.703 	 1760.75 	 1348.45 	 144.25 	 4883 	 92.823 	 67.8692 	 0.682198 	 0.978361 	 272.735 	 843.087 	 241.411 	 0.286342 	 603.421 	 843.087 	 7081 	 0.942876 	 373.338 	 637.739 	 610.714 	 610.714 	 0.33815 	 924.436 	 547.341 	 289.681 	 0.474331 	 0 	 0 	 NaN 	 NaN 	 0 	 0 	 0 	 NaN 	 NaN 	 NaN 	 NaN 	 0 	 0 	 NaN 	 NaN 	 46.4348 	 -0.125117 	 3.09749 	 0.0667062 	 46.4348 	 112 	 454 	 212.384 	 212.384 	 2 	 1227.81 	 0.251445 	 38.5043 	 38.5043 	 38.5043 	 0 	 61 	 51 	 56 	 7.07107 	  Tumour 
147 	 508.704 	 1361.44 	 976.087 	 162.61 	 3591 	 98.7504 	 51.3094 	 0.854418 	 0.882093 	 279.037 	 1076.47 	 250.688 	 0.23288 	 603.108 	 1076.47 	 4182 	 0.895311 	 342.309 	 645.042 	 762.022 	 762.022 	 0.802548 	 740.016 	 767.727 	 198.012 	 0.259851 	 55 	 57 	 173.564 	 173.564 	 1 	 0 	 0 	 NaN 	 NaN 	 NaN 	 NaN 	 55 	 55 	 55 	 0 	 46.7778 	 0.956122 	 3.07359 	 0.0657063 	 46.7778 	 139 	 333 	 221.856 	 221.856 	 2 	 284.3 	 0.0791702 	 28.5742 	 28.5742 	 28.5742 	 0 	 105 	 34 	 69.5 	 50.2046 	  Tumour 
148 	 527.175 	 1221.66 	 861.332 	 279.973 	 4972 	 109.626 	 60.1468 	 0.836048 	 0.916667 	 312.191 	 1004.38 	 331.623 	 0.330177 	 577.665 	 1004.38 	 10185 	 0.931924 	 476.35 	 746.937 	 985.05 	 985.05 	 0.743707 	 986.982 	 979.292 	 245.744 	 0.249474 	 0 	 0 	 NaN 	 NaN 	 0 	 0 	 0 	 NaN 	 NaN 	 NaN 	 NaN 	 0 	 0 	 NaN 	 NaN 	 46.7896 	 0.464301 	 3.0266 	 0.0646853 	 46.7896 	 90 	 730 	 207.222 	 207.222 	 2 	 1333.03 	 0.268107 	 71.1931 	 71.1931 	 71.1931 	 0 	 66 	 24 	 45 	 29.6985 	  Tumour 
149 	 539.933 	 1400.7 	 1025.54 	 112.004 	 3383 	 87.7544 	 55.3099 	 0.776367 	 0.801849 	 291.563 	 1155.24 	 327.868 	 0.28381 	 618.298 	 1155.24 	 5145 	 0.812925 	 375.48 	 819.277 	 969.631 	 969.631 	 0.619186 	 928.718 	 987.6 	 323.161 	 0.333282 	 0 	 0 	 NaN 	 NaN 	 0 	 0 	 0 	 NaN 	 NaN 	 NaN 	 NaN 	 0 	 0 	 NaN 	 NaN 	 47.2368 	 0.781241 	 3.33695 	 0.070643 	 47.2368 	 50 	 130 	 159.22 	 159.22 	 2 	 1950.42 	 0.576537 	 22.0311 	 22.0311 	 22.0311 	 0 	 32 	 18 	 25 	 9.89949 	  Tumour 
150 	 597.015 	 1260.17 	 930.344 	 230.263 	 8519 	 111.111 	 98.0812 	 0.469877 	 0.961079 	 376.718 	 1409.4 	 411.391 	 0.291892 	 948.342 	 1409.4 	 8569 	 0.917747 	 448.007 	 721.705 	 1111.26 	 1111.26 	 0.842752 	 1093.19 	 1113.34 	 321.26 	 0.289095 	 196 	 713 	 193.852 	 193.852 	 4 	 1655.91 	 0.194378 	 40.5909 	 11.3175 	 24.125 	 10.5941 	 54 	 37 	 49 	 8.04156 	 46.8563 	 -0.320482 	 2.98525 	 0.0637108 	 46.8563 	 374 	 2282 	 242.281 	 242.281 	 6 	 3452.6 	 0.405282 	 56.8896 	 11.3894 	 35.7556 	 16.3042 	 85 	 33 	 62.3333 	 22.9579 	  Tumour 
151 	 582.445 	 1444.29 	 1082.72 	 52.8394 	 3346 	 80.1166 	 53.7161 	 0.741934 	 0.955727 	 232.066 	 1388.1 	 521.552 	 0.37573 	 998.073 	 1388.1 	 3879 	 0.910777 	 288.468 	 858.625 	 934.565 	 934.565 	 0.546468 	 822.129 	 980.736 	 327.458 	 0.350385 	 44 	 45 	 179.75 	 179.75 	 1 	 0 	 0 	 NaN 	 NaN 	 NaN 	 NaN 	 44 	 44 	 44 	 0 	 47.3051 	 0.922847 	 3.24889 	 0.0686794 	 47.3051 	 99 	 144 	 219.162 	 219.162 	 2 	 494.824 	 0.147885 	 9.66877 	 9.66877 	 9.66877 	 0 	 70 	 29 	 49.5 	 28.9914 	  Tumour 
152 	 609.664 	 1658.62 	 1500.2 	 144.25 	 2782 	 87.066 	 41.9981 	 0.875967 	 0.947225 	 228.794 	 882.315 	 220.795 	 0.250246 	 574.532 	 882.315 	 4161 	 0.922412 	 307.397 	 422.401 	 469.817 	 469.817 	 0.37931 	 396.655 	 484.604 	 290.562 	 0.618457 	 0 	 0 	 NaN 	 NaN 	 0 	 0 	 0 	 NaN 	 NaN 	 NaN 	 NaN 	 0 	 0 	 NaN 	 NaN 	 46.0158 	 0.371719 	 2.83359 	 0.0615786 	 46.0158 	 0 	 0 	 NaN 	 NaN 	 0 	 0 	 0 	 NaN 	 NaN 	 NaN 	 NaN 	 0 	 0 	 NaN 	 NaN 	  DCIS 
153 	 616.913 	 1379.1 	 1042.29 	 111.364 	 4260 	 95.8435 	 57.8693 	 0.797144 	 0.972381 	 263.581 	 1507.09 	 317.404 	 0.210608 	 748.295 	 1507.09 	 7543 	 0.982673 	 333.99 	 721.101 	 1101.76 	 1101.76 	 0.282609 	 917.782 	 1124.05 	 379.461 	 0.344414 	 99 	 422 	 178.141 	 178.141 	 2 	 1511.07 	 0.354711 	 42.7601 	 42.7601 	 42.7601 	 0 	 59 	 40 	 49.5 	 13.435 	 46.3812 	 -0.473551 	 2.98902 	 0.0644446 	 46.3812 	 53 	 56 	 166.698 	 166.698 	 1 	 0 	 0 	 NaN 	 NaN 	 NaN 	 NaN 	 53 	 53 	 53 	 0 	  Tumour 
154 	 607.909 	 1490.47 	 1340.01 	 52.8394 	 1789 	 65.6101 	 35.384 	 0.842109 	 0.971754 	 172.167 	 968.683 	 370.791 	 0.382779 	 643.106 	 968.683 	 3551 	 0.952521 	 253.74 	 450.418 	 501.895 	 501.895 	 0.264706 	 803.206 	 455.366 	 272.013 	 0.541971 	 0 	 0 	 NaN 	 NaN 	 0 	 0 	 0 	 NaN 	 NaN 	 NaN 	 NaN 	 0 	 0 	 NaN 	 NaN 	 45.7563 	 -0.401151 	 2.92043 	 0.0638259 	 45.7563 	 0 	 0 	 NaN 	 NaN 	 0 	 0 	 0 	 NaN 	 NaN 	 NaN 	 NaN 	 0 	 0 	 NaN 	 NaN 	  DCIS 
155 	 626.986 	 1617.96 	 1466.85 	 179.725 	 3562 	 94.6915 	 50.4859 	 0.846013 	 0.836543 	 277.966 	 1067.21 	 285.781 	 0.267785 	 467.364 	 1067.21 	 5429 	 0.905588 	 355.882 	 347.782 	 411.545 	 411.545 	 0.502976 	 343.988 	 431.048 	 265.587 	 0.645341 	 0 	 0 	 NaN 	 NaN 	 0 	 0 	 0 	 NaN 	 NaN 	 NaN 	 NaN 	 0 	 0 	 NaN 	 NaN 	 46.1224 	 0.00850353 	 2.82697 	 0.0612927 	 46.1224 	 112 	 160 	 183.866 	 183.866 	 2 	 1140.77 	 0.32026 	 10.965 	 10.965 	 10.965 	 0 	 59 	 53 	 56 	 4.24264 	  DCIS 
156 	 666.468 	 1220.34 	 937.493 	 276.159 	 2553 	 80.9706 	 42.2809 	 0.852838 	 0.925671 	 229.522 	 1134.48 	 356.6 	 0.314328 	 625.595 	 1134.48 	 2952 	 0.784272 	 282.711 	 923.645 	 945.615 	 945.615 	 0.812977 	 982.038 	 910.4 	 191.918 	 0.202956 	 48 	 48 	 172.146 	 172.146 	 1 	 0 	 0 	 NaN 	 NaN 	 NaN 	 NaN 	 48 	 48 	 48 	 0 	 47.2769 	 -0.250258 	 2.94564 	 0.0623061 	 47.2769 	 42 	 42 	 141.929 	 141.929 	 1 	 0 	 0 	 NaN 	 NaN 	 NaN 	 NaN 	 42 	 42 	 42 	 0 	  Tumour 
157 	 692.469 	 1369.58 	 1074.46 	 146.479 	 4903 	 107.164 	 65.4478 	 0.79184 	 0.893892 	 378.233 	 1073.96 	 345.564 	 0.321764 	 721.42 	 1073.96 	 8317 	 0.784549 	 479.907 	 997.279 	 1263 	 1263 	 0.360092 	 1180.46 	 1263.51 	 447.401 	 0.354236 	 0 	 0 	 NaN 	 NaN 	 0 	 0 	 0 	 NaN 	 NaN 	 NaN 	 NaN 	 0 	 0 	 NaN 	 NaN 	 48.6945 	 0.775023 	 3.41417 	 0.070114 	 48.6945 	 159 	 464 	 198.252 	 198.252 	 2 	 719.728 	 0.146793 	 31.448 	 31.448 	 31.448 	 0 	 109 	 50 	 79.5 	 41.7193 	  Tumour 
158 	 687.698 	 1635.29 	 1504 	 218.442 	 2870 	 83.4905 	 45.8373 	 0.835815 	 0.930006 	 233.664 	 876.328 	 253.103 	 0.288822 	 635.807 	 876.328 	 4461 	 0.899758 	 295.74 	 277.271 	 221.421 	 221.421 	 0.203571 	 234.246 	 221.098 	 75.763 	 0.342166 	 65 	 68 	 171.969 	 171.969 	 1 	 0 	 0 	 NaN 	 NaN 	 NaN 	 NaN 	 65 	 65 	 65 	 0 	 46.5296 	 0.328522 	 3.25103 	 0.0698701 	 46.5296 	 0 	 0 	 NaN 	 NaN 	 0 	 0 	 0 	 NaN 	 NaN 	 NaN 	 NaN 	 0 	 0 	 NaN 	 NaN 	  DCIS 
159 	 698.136 	 1283.48 	 1007 	 208.214 	 3477 	 75.6184 	 58.8274 	 0.628325 	 0.984707 	 222.853 	 1453.82 	 247.73 	 0.170399 	 665.062 	 1453.82 	 9930 	 0.912768 	 451.48 	 742.936 	 1200.84 	 1200.84 	 0.607143 	 1273.96 	 1158.66 	 508.392 	 0.423366 	 65 	 69 	 193.046 	 193.046 	 1 	 0 	 0 	 NaN 	 NaN 	 NaN 	 NaN 	 65 	 65 	 65 	 0 	 47.545 	 0.454205 	 3.21516 	 0.0676234 	 47.545 	 58 	 61 	 273.138 	 273.138 	 1 	 0 	 0 	 NaN 	 NaN 	 NaN 	 NaN 	 58 	 58 	 58 	 0 	  Tumour 
160 	 704.648 	 1206.2 	 951.067 	 271.074 	 2316 	 75.4217 	 40.14 	 0.846614 	 0.962594 	 201.765 	 1311.63 	 471.953 	 0.359821 	 980.74 	 1311.63 	 4336 	 0.905976 	 303.681 	 944.909 	 1132.66 	 1132.66 	 0.482014 	 1059.47 	 1163.18 	 348.354 	 0.307554 	 57 	 59 	 183.123 	 183.123 	 1 	 0 	 0 	 NaN 	 NaN 	 NaN 	 NaN 	 57 	 57 	 57 	 0 	 46.766 	 0.325391 	 2.94875 	 0.0630532 	 46.766 	 64 	 315 	 155.406 	 155.406 	 2 	 157.696 	 0.0680897 	 40.6092 	 40.6092 	 40.6092 	 0 	 33 	 31 	 32 	 1.41421 	  Tumour 
161 	 789.549 	 1100.06 	 934.18 	 231.424 	 6129 	 119.448 	 66.2779 	 0.831937 	 0.971777 	 318.434 	 966.306 	 313.485 	 0.324416 	 683.067 	 966.306 	 7930 	 0.928898 	 408.167 	 690.115 	 850.218 	 850.218 	 0.168421 	 677.172 	 870.643 	 412.123 	 0.484726 	 0 	 0 	 NaN 	 NaN 	 0 	 0 	 0 	 NaN 	 NaN 	 NaN 	 NaN 	 0 	 0 	 NaN 	 NaN 	 45.9029 	 0.58449 	 3.19343 	 0.0695692 	 45.9029 	 53 	 55 	 164.226 	 164.226 	 1 	 0 	 0 	 NaN 	 NaN 	 NaN 	 NaN 	 53 	 53 	 53 	 0 	  Tumour 
162 	 821.499 	 1451.06 	 1394.09 	 152.322 	 4673 	 136.233 	 49.5668 	 0.931462 	 0.881366 	 340.475 	 1041.76 	 399.473 	 0.383462 	 758.995 	 1041.76 	 7264 	 0.885638 	 412.167 	 395.566 	 359.786 	 359.786 	 0 	 0 	 360.128 	 120.018 	 0.33358 	 89 	 94 	 199.337 	 199.337 	 1 	 0 	 0 	 NaN 	 NaN 	 NaN 	 NaN 	 89 	 89 	 89 	 0 	 47.2241 	 0.833076 	 3.19019 	 0.0675544 	 47.2241 	 39 	 45 	 161.051 	 161.051 	 1 	 0 	 0 	 NaN 	 NaN 	 NaN 	 NaN 	 39 	 39 	 39 	 0 	  Fib 
163 	 855.648 	 1161.85 	 1024.71 	 181.662 	 3945 	 118.135 	 47.2642 	 0.916478 	 0.859664 	 296.693 	 1033.25 	 432.875 	 0.418945 	 745.201 	 1033.25 	 15225 	 0.908684 	 607.931 	 487.7 	 711.513 	 711.513 	 0.12037 	 679.062 	 708.28 	 402.49 	 0.565682 	 73 	 77 	 157.11 	 157.11 	 1 	 0 	 0 	 NaN 	 NaN 	 NaN 	 NaN 	 73 	 73 	 73 	 0 	 46.7042 	 0.358454 	 3.30121 	 0.0706835 	 46.7042 	 0 	 0 	 NaN 	 NaN 	 0 	 0 	 0 	 NaN 	 NaN 	 NaN 	 NaN 	 0 	 0 	 NaN 	 NaN 	  Tumour 
164 	 904.535 	 1795.85 	 1738.83 	 398.54 	 2559 	 75.0384 	 44.2222 	 0.807894 	 0.956636 	 206.167 	 922.691 	 353.273 	 0.382873 	 643.755 	 922.691 	 4050 	 0.935119 	 278.569 	 306.236 	 302.046 	 302.046 	 0.0725191 	 303.526 	 304.695 	 77.3827 	 0.256195 	 51 	 54 	 163.216 	 163.216 	 1 	 0 	 0 	 NaN 	 NaN 	 NaN 	 NaN 	 51 	 51 	 51 	 0 	 45.1551 	 -0.135502 	 2.84135 	 0.0629242 	 45.1551 	 0 	 0 	 NaN 	 NaN 	 0 	 0 	 0 	 NaN 	 NaN 	 NaN 	 NaN 	 0 	 0 	 NaN 	 NaN 	  DCIS 
165 	 922.655 	 1483.15 	 1473.61 	 257.158 	 6177 	 112.824 	 74.0631 	 0.75437 	 0.890828 	 350.676 	 789.378 	 223.845 	 0.283571 	 536.934 	 789.378 	 9061 	 0.928667 	 414.167 	 389.639 	 404.58 	 404.58 	 0 	 0 	 403.117 	 206.055 	 0.509305 	 0 	 0 	 NaN 	 NaN 	 0 	 0 	 0 	 NaN 	 NaN 	 NaN 	 NaN 	 0 	 0 	 NaN 	 NaN 	 45.869 	 -0.053351 	 2.9309 	 0.0638972 	 45.869 	 113 	 159 	 159.912 	 159.912 	 2 	 1589.09 	 0.257259 	 12.6933 	 12.6933 	 12.6933 	 0 	 59 	 54 	 56.5 	 3.53553 	  DCIS 
166 	 912.522 	 1713.97 	 1669.25 	 407.718 	 3002 	 88.1654 	 44.2853 	 0.864695 	 0.946705 	 239.137 	 877.295 	 328.911 	 0.374916 	 591.022 	 877.295 	 4749 	 0.952849 	 299.397 	 264.803 	 274.401 	 274.401 	 0.070922 	 305.8 	 274.812 	 93.0162 	 0.338979 	 52 	 53 	 179.442 	 179.442 	 1 	 0 	 0 	 NaN 	 NaN 	 NaN 	 NaN 	 52 	 52 	 52 	 0 	 45.1286 	 -0.630416 	 2.69994 	 0.0598278 	 45.1286 	 0 	 0 	 NaN 	 NaN 	 0 	 0 	 0 	 NaN 	 NaN 	 NaN 	 NaN 	 0 	 0 	 NaN 	 NaN 	  DCIS 
167 	 943.318 	 1922.27 	 1868.84 	 463.838 	 2038 	 57.371 	 45.7493 	 0.603412 	 0.972792 	 176.794 	 988.127 	 376.005 	 0.380523 	 708.521 	 988.127 	 2814 	 0.899042 	 244.225 	 390.12 	 358.81 	 358.81 	 0.340708 	 472.935 	 330.523 	 127.029 	 0.35403 	 0 	 0 	 NaN 	 NaN 	 0 	 0 	 0 	 NaN 	 NaN 	 NaN 	 NaN 	 0 	 0 	 NaN 	 NaN 	 47.0839 	 2.22764 	 3.33372 	 0.0708039 	 47.0839 	 0 	 0 	 NaN 	 NaN 	 0 	 0 	 0 	 NaN 	 NaN 	 NaN 	 NaN 	 0 	 0 	 NaN 	 NaN 	  DCIS 
168 	 976.769 	 1894.98 	 1859.52 	 487.767 	 2503 	 67.1122 	 49.6636 	 0.672597 	 0.915843 	 202.551 	 1032.74 	 395.846 	 0.383296 	 755.376 	 1032.74 	 3673 	 0.956012 	 262.711 	 419.209 	 412.459 	 412.459 	 0.322314 	 468.551 	 402.719 	 146.833 	 0.355994 	 44 	 46 	 255.25 	 255.25 	 1 	 0 	 0 	 NaN 	 NaN 	 NaN 	 NaN 	 44 	 44 	 44 	 0 	 46.7515 	 0.456119 	 2.88145 	 0.0616332 	 46.7515 	 58 	 58 	 224.431 	 224.431 	 1 	 0 	 0 	 NaN 	 NaN 	 NaN 	 NaN 	 58 	 58 	 58 	 0 	  DCIS 
169 	 1021.01 	 1085.52 	 1224.87 	 110.218 	 2370 	 79.1255 	 38.3239 	 0.874878 	 0.972108 	 202.309 	 1071.81 	 548.102 	 0.511378 	 784.538 	 1071.81 	 3830 	 0.975548 	 260.569 	 353.912 	 310.68 	 310.68 	 0 	 0 	 0 	 125.876 	 0.405162 	 97 	 99 	 175.371 	 175.371 	 1 	 0 	 0 	 NaN 	 NaN 	 NaN 	 NaN 	 97 	 97 	 97 	 0 	 45.1654 	 0.473835 	 2.98972 	 0.066195 	 45.1654 	 0 	 0 	 NaN 	 NaN 	 0 	 0 	 0 	 NaN 	 NaN 	 NaN 	 NaN 	 0 	 0 	 NaN 	 NaN 	  Fib 
170 	 1142 	 1305.74 	 1466.69 	 290.079 	 5358 	 98.9211 	 69.3435 	 0.713163 	 0.97863 	 288.593 	 600.065 	 194.838 	 0.324694 	 411.182 	 600.065 	 9067 	 0.938419 	 422.309 	 557.016 	 541.087 	 541.087 	 0 	 0 	 0 	 278.742 	 0.515151 	 77 	 80 	 238.948 	 238.948 	 1 	 0 	 0 	 NaN 	 NaN 	 NaN 	 NaN 	 77 	 77 	 77 	 0 	 45.7103 	 0.0406888 	 2.99338 	 0.0654858 	 45.7103 	 213 	 388 	 226.427 	 226.427 	 2 	 2723.31 	 0.508269 	 21.7412 	 21.7412 	 21.7412 	 0 	 136 	 77 	 106.5 	 41.7193 	  DCIS 
171 	 1240.25 	 1407.59 	 1608.13 	 229.369 	 2617 	 64.368 	 53.1292 	 0.564552 	 0.975037 	 198.409 	 768.509 	 129.861 	 0.168977 	 451.686 	 768.509 	 4169 	 0.9646 	 264.083 	 321.97 	 252.992 	 252.992 	 0 	 0 	 0 	 154.099 	 0.609107 	 0 	 0 	 0 	 0 	 0 	 0 	 0 	 NaN 	 NaN 	 NaN 	 NaN 	 0 	 0 	 NaN 	 NaN 	 45.4853 	 0.374994 	 3.1193 	 0.0685781 	 45.4853 	 0 	 0 	 0 	 0 	 0 	 0 	 0 	 NaN 	 NaN 	 NaN 	 NaN 	 0 	 0 	 NaN 	 NaN 	  DCIS 
