rownames 	XLoc 	YLoc 	NNDistSame 	NNDistOpp 	dapi_Area 	dapi_MajorAxisLength 	dapi_MinorAxisLength 	dapi_Eccentricity 	dapi_Solidity 	dapi_Perimeter 	dapi_MeanIntensity 	dapi_PixelSD 	dapi_PixelCV 	dapi_NucAdjustedInt 	dapi_BackAdjustedInt 	memb_Area 	memb_Solidity 	memb_Perimeter 	memb_MeanIntensity 	memb_MembraneIntensity 	memb_temp 	memb_pcTouch 	memb_OverLapIntensity 	memb_nonLapIntensity 	memb_PixelSD 	memb_PixelCV 	cent_Area 	cent_ConvexArea 	cent_MeanIntensity 	cent_BackAdjustedInt 	cent_CN 	cent_AreaSD 	cent_CoeffVar 	cent_MaxSpotDist 	cent_MinSpotDist 	cent_MeanSpotDist 	cent_SDSpotDist 	cent_SpotAreaMax 	cent_SpotAreaMin 	cent_SpotAreaMean 	cent_SpotAreaSD 	nucl_BackgroundAdjust 	nucl_NuclearAdjustedInt 	nucl_PixelSD 	nucl_PixelCV 	nucl_MeanIntensity 	Her2_Area 	Her2_ConvexArea 	Her2_MeanIntensity 	Her2_BackAdjustedInt 	Her2_CN 	Her2_AreaSD 	Her2_CoeffVar 	Her2_MaxSpotDist 	Her2_MinSpotDist 	Her2_MeanSpotDist 	Her2_SDSpotDist 	Her2_SpotAreaMax 	Her2_SpotAreaMin 	Her2_SpotAreaMean 	Her2_SpotAreaSD 	CellLabels 	
1 	 76.7554 	 639.841 	 146.711 	 416.491 	 3091 	 67.0691 	 59.2105 	 0.469696 	 0.962628 	 218.066 	 932.266 	 292.256 	 0.31349 	 652.172 	 826.264 	 7026 	 0.907283 	 382.51 	 1077.75 	 1420.59 	 1298.45 	 0 	 0 	 0 	 560.806 	 0.394771 	 0 	 0 	 NaN 	 NaN 	 0 	 0 	 0 	 NaN 	 NaN 	 NaN 	 NaN 	 0 	 0 	 NaN 	 NaN 	 113.355 	 -5.66553 	 17.1834 	 0.10277 	 167.202 	 90 	 149 	 179.2 	 26.7 	 2 	 249.492 	 0.0807158 	 13 	 13 	 13 	 0 	 45 	 45 	 45 	 0 	  Tumour 
2 	 144.79 	 769.863 	 139.176 	 280.273 	 4965 	 83.5811 	 75.7812 	 0.421823 	 0.981031 	 269.078 	 1208.96 	 362.094 	 0.299509 	 875.566 	 1102.96 	 9901 	 0.935469 	 432.309 	 813.013 	 1220.42 	 1098.28 	 0.0725 	 1294.45 	 1210.69 	 306.783 	 0.251376 	 0 	 0 	 NaN 	 NaN 	 0 	 0 	 0 	 NaN 	 NaN 	 NaN 	 NaN 	 0 	 0 	 NaN 	 NaN 	 83.7187 	 -17.2229 	 12.6215 	 0.0917487 	 137.566 	 511 	 1345 	 215.188 	 62.6879 	 5 	 1094.82 	 0.220508 	 53.0999 	 11.0666 	 29.6512 	 14.6576 	 215 	 20 	 102.2 	 95.9385 	  Tumour 
3 	 205.293 	 478.783 	 205.682 	 484.087 	 7066 	 104.817 	 86.3503 	 0.566854 	 0.983301 	 321.563 	 1424.9 	 582.194 	 0.408586 	 1014.29 	 1318.9 	 11543 	 0.960636 	 450.995 	 940.442 	 1795.41 	 1673.27 	 0 	 0 	 0 	 544.953 	 0.303526 	 0 	 0 	 NaN 	 NaN 	 0 	 0 	 0 	 NaN 	 NaN 	 NaN 	 NaN 	 0 	 0 	 NaN 	 NaN 	 113.819 	 -28.2222 	 33.2635 	 0.198392 	 167.665 	 303 	 1061 	 218.356 	 65.8564 	 5 	 1629.86 	 0.230662 	 40.6819 	 10.871 	 25.4132 	 9.63223 	 84 	 23 	 60.6 	 23.8181 	  Tumour 
4 	 283.577 	 776.683 	 248.23 	 179.602 	 6634 	 96.0787 	 88.251 	 0.395356 	 0.984127 	 312.434 	 1108.92 	 324.936 	 0.293021 	 804.396 	 1002.92 	 14528 	 0.876924 	 580.25 	 667.683 	 1183.13 	 1060.99 	 0.379182 	 1370.17 	 1124.51 	 329.409 	 0.278422 	 45 	 45 	 183.667 	 -11.0433 	 1 	 0 	 0 	 NaN 	 NaN 	 NaN 	 NaN 	 45 	 45 	 45 	 0 	 70.5615 	 -4.41767 	 18.1579 	 0.145954 	 124.408 	 657 	 1081 	 213.531 	 61.0312 	 3 	 1746.06 	 0.263199 	 25.382 	 13.4842 	 21.2777 	 6.03966 	 485 	 24 	 219 	 238.56 	  Tumour 
5 	 273.304 	 651.278 	 196.308 	 299.206 	 1960 	 59.977 	 42.4928 	 0.705725 	 0.958435 	 177.581 	 740.13 	 166.051 	 0.224354 	 429.91 	 634.128 	 7127 	 0.911148 	 377.095 	 785.082 	 1214.15 	 1092 	 0.438746 	 1283.18 	 1172.57 	 282.845 	 0.232958 	 0 	 0 	 NaN 	 NaN 	 0 	 0 	 0 	 NaN 	 NaN 	 NaN 	 NaN 	 0 	 0 	 NaN 	 NaN 	 105.491 	 2.96827 	 27.5004 	 0.172591 	 159.338 	 41 	 42 	 184.756 	 32.2561 	 1 	 0 	 0 	 NaN 	 NaN 	 NaN 	 NaN 	 41 	 41 	 41 	 0 	  Tumour 
6 	 292.772 	 594.06 	 220.844 	 348.312 	 3847 	 81.8384 	 60.3346 	 0.67563 	 0.976148 	 239.037 	 1281.93 	 448.301 	 0.349708 	 959.285 	 1175.93 	 5570 	 0.938975 	 319.882 	 804.275 	 977.763 	 855.622 	 0.153333 	 1281.54 	 938.912 	 393.367 	 0.402313 	 0 	 0 	 NaN 	 NaN 	 0 	 0 	 0 	 NaN 	 NaN 	 NaN 	 NaN 	 0 	 0 	 NaN 	 NaN 	 135.882 	 11.8465 	 17.3434 	 0.0914119 	 189.728 	 0 	 0 	 NaN 	 NaN 	 0 	 0 	 0 	 NaN 	 NaN 	 NaN 	 NaN 	 0 	 0 	 NaN 	 NaN 	  Tumour 
7 	 309.869 	 934.479 	 375.133 	 63.0079 	 3566 	 82.0783 	 58.7898 	 0.697828 	 0.927921 	 253.765 	 1019.66 	 392.564 	 0.384994 	 710.303 	 913.659 	 7938 	 0.895532 	 419.581 	 878.604 	 1198.84 	 1076.7 	 0.225064 	 886.977 	 1226.52 	 461.477 	 0.384935 	 0 	 0 	 NaN 	 NaN 	 0 	 0 	 0 	 NaN 	 NaN 	 NaN 	 NaN 	 0 	 0 	 NaN 	 NaN 	 125.299 	 5.54444 	 18.8923 	 0.105457 	 179.146 	 72 	 74 	 236.736 	 84.2361 	 1 	 0 	 0 	 NaN 	 NaN 	 NaN 	 NaN 	 72 	 72 	 72 	 0 	  Tumour 
8 	 366.275 	 721.714 	 300.408 	 211.116 	 4972 	 99.4157 	 65.8422 	 0.749246 	 0.918021 	 293.706 	 875.859 	 246.731 	 0.281702 	 577.63 	 769.857 	 11333 	 0.923033 	 494.35 	 758.718 	 1269.18 	 1147.04 	 0.863736 	 1282.88 	 1242.44 	 333.62 	 0.262862 	 45 	 45 	 209.867 	 15.1567 	 1 	 0 	 0 	 NaN 	 NaN 	 NaN 	 NaN 	 45 	 45 	 45 	 0 	 82.1785 	 8.37713 	 18.0407 	 0.132627 	 136.025 	 135 	 159 	 189.185 	 36.6852 	 1 	 0 	 0 	 NaN 	 NaN 	 NaN 	 NaN 	 135 	 135 	 135 	 0 	  Tumour 
9 	 372.929 	 933.182 	 1055.8 	 62.514 	 1659 	 50.2266 	 42.9974 	 0.516864 	 0.932022 	 179.681 	 677.058 	 123.958 	 0.183083 	 346.727 	 571.057 	 3442 	 0.8878 	 266.669 	 668.882 	 847.81 	 725.669 	 0.648221 	 902.933 	 810.314 	 241.724 	 0.285116 	 0 	 0 	 NaN 	 NaN 	 0 	 0 	 0 	 NaN 	 NaN 	 NaN 	 NaN 	 0 	 0 	 NaN 	 NaN 	 123.826 	 1.76468 	 14.5083 	 0.0816571 	 177.673 	 0 	 0 	 NaN 	 NaN 	 0 	 0 	 0 	 NaN 	 NaN 	 NaN 	 NaN 	 0 	 0 	 NaN 	 NaN 	  Other 
10 	 380.797 	 995.241 	 467.377 	 62.514 	 2493 	 62.5715 	 50.9207 	 0.581147 	 0.977264 	 191.581 	 1295.62 	 419.997 	 0.324168 	 1005.92 	 1189.62 	 4534 	 0.954125 	 276.569 	 881.614 	 1040.57 	 918.424 	 0.123077 	 941.656 	 1036.52 	 291.268 	 0.279913 	 0 	 0 	 NaN 	 NaN 	 0 	 0 	 0 	 NaN 	 NaN 	 NaN 	 NaN 	 0 	 0 	 NaN 	 NaN 	 117.732 	 10.8076 	 28.2616 	 0.164714 	 171.579 	 165 	 201 	 265.57 	 113.07 	 1 	 0 	 0 	 NaN 	 NaN 	 NaN 	 NaN 	 165 	 165 	 165 	 0 	  Tumour 
11 	 424.303 	 478.117 	 382.953 	 457.849 	 3274 	 75.7574 	 55.354 	 0.682726 	 0.970074 	 222.894 	 1120.57 	 461.596 	 0.41193 	 820.358 	 1014.57 	 9015 	 0.89178 	 450.409 	 784.2 	 1141.6 	 1019.46 	 0.109264 	 1295.39 	 1125.07 	 313.853 	 0.274923 	 0 	 0 	 NaN 	 NaN 	 0 	 0 	 0 	 NaN 	 NaN 	 NaN 	 NaN 	 0 	 0 	 NaN 	 NaN 	 105.18 	 -0.957479 	 20.3027 	 0.127668 	 159.027 	 76 	 76 	 220.592 	 68.0921 	 1 	 0 	 0 	 NaN 	 NaN 	 NaN 	 NaN 	 76 	 76 	 76 	 0 	  Tumour 
12 	 420.891 	 833.569 	 394.933 	 110.023 	 2816 	 64.8393 	 55.6751 	 0.512542 	 0.962735 	 207.723 	 810.141 	 219.357 	 0.270765 	 522.388 	 704.139 	 10002 	 0.888909 	 477.137 	 925.925 	 1215.34 	 1093.2 	 0.382883 	 1060.47 	 1247.37 	 411.543 	 0.338622 	 0 	 0 	 NaN 	 NaN 	 0 	 0 	 0 	 NaN 	 NaN 	 NaN 	 NaN 	 0 	 0 	 NaN 	 NaN 	 102.824 	 17.8128 	 22.3975 	 0.142959 	 156.671 	 0 	 0 	 NaN 	 NaN 	 0 	 0 	 0 	 NaN 	 NaN 	 NaN 	 NaN 	 0 	 0 	 NaN 	 NaN 	  Tumour 
13 	 435.323 	 678.298 	 360.011 	 262.429 	 1975 	 53.1584 	 47.4485 	 0.450878 	 0.973866 	 169.782 	 699.532 	 134.334 	 0.192034 	 437.028 	 593.531 	 11507 	 0.85643 	 542.593 	 828.21 	 1223.45 	 1101.31 	 0.320717 	 1360.5 	 1191.76 	 358.263 	 0.292829 	 0 	 0 	 NaN 	 NaN 	 0 	 0 	 0 	 NaN 	 NaN 	 NaN 	 NaN 	 0 	 0 	 NaN 	 NaN 	 66.8777 	 3.59883 	 9.58992 	 0.0794364 	 120.725 	 0 	 0 	 NaN 	 NaN 	 0 	 0 	 0 	 NaN 	 NaN 	 NaN 	 NaN 	 0 	 0 	 NaN 	 NaN 	  Tumour 
14 	 481.614 	 554.619 	 413.824 	 393.402 	 4296 	 84.7031 	 65.5242 	 0.633704 	 0.975698 	 258.593 	 1361.07 	 481.544 	 0.353798 	 1033.22 	 1255.07 	 8247 	 0.889356 	 437.966 	 913.254 	 1224.97 	 1102.83 	 0.50495 	 1299.81 	 1200.73 	 335.074 	 0.273536 	 45 	 45 	 244.089 	 49.3789 	 1 	 0 	 0 	 NaN 	 NaN 	 NaN 	 NaN 	 45 	 45 	 45 	 0 	 138.059 	 -18.2046 	 20.5304 	 0.106982 	 191.906 	 314 	 710 	 235.376 	 82.8758 	 4 	 598.788 	 0.139383 	 40.5896 	 8.98349 	 21.8015 	 10.4884 	 139 	 18 	 78.5 	 64.8717 	  Tumour 
15 	 495.962 	 905.818 	 496.303 	 125.929 	 4374 	 85.8375 	 65.3123 	 0.648889 	 0.979839 	 257.179 	 1357.4 	 523.484 	 0.385651 	 1002.86 	 1251.4 	 8007 	 0.93387 	 392.167 	 697.723 	 1056.09 	 933.946 	 0.291209 	 1189.68 	 1019.47 	 352.93 	 0.334186 	 0 	 0 	 NaN 	 NaN 	 0 	 0 	 0 	 NaN 	 NaN 	 NaN 	 NaN 	 0 	 0 	 NaN 	 NaN 	 67.2584 	 3.12044 	 14.8637 	 0.122733 	 121.105 	 218 	 307 	 258.564 	 106.064 	 2 	 1536.24 	 0.351221 	 17.6222 	 17.6222 	 17.6222 	 0 	 190 	 28 	 109 	 114.551 	  Tumour 
16 	 532.817 	 134.363 	 681.155 	 599.216 	 5026 	 89.5961 	 71.7624 	 0.598724 	 0.979154 	 272.593 	 1305.62 	 488.425 	 0.374094 	 1043.47 	 1199.62 	 8717 	 0.928922 	 424.652 	 1127.59 	 1861.31 	 1739.17 	 0 	 0 	 0 	 713.458 	 0.38331 	 33 	 33 	 203.485 	 8.77485 	 1 	 0 	 0 	 NaN 	 NaN 	 NaN 	 NaN 	 33 	 33 	 33 	 0 	 71.1852 	 5.93073 	 21.2367 	 0.16985 	 125.032 	 331 	 845 	 227.508 	 75.0076 	 3 	 765.338 	 0.152276 	 37.0066 	 9.40556 	 24.6763 	 12.5519 	 158 	 31 	 110.333 	 69.1689 	  Tumour 
17 	 540.928 	 521.948 	 478.769 	 444.01 	 2171 	 62.6781 	 45.3926 	 0.689572 	 0.96147 	 183.924 	 812.188 	 204.61 	 0.251924 	 509.474 	 706.187 	 5035 	 0.883954 	 343.681 	 945.585 	 1147.11 	 1024.97 	 0.358491 	 1148.9 	 1146.16 	 285.882 	 0.24922 	 0 	 0 	 NaN 	 NaN 	 0 	 0 	 0 	 NaN 	 NaN 	 NaN 	 NaN 	 0 	 0 	 NaN 	 NaN 	 134.444 	 -6.2917 	 14.9906 	 0.0796139 	 188.291 	 50 	 51 	 214.7 	 62.2 	 1 	 0 	 0 	 NaN 	 NaN 	 NaN 	 NaN 	 50 	 50 	 50 	 0 	  Tumour 
18 	 580.045 	 876.413 	 555.612 	 214.704 	 5892 	 91.8055 	 81.9401 	 0.450967 	 0.983475 	 291.078 	 1481.46 	 582.566 	 0.393238 	 1103.02 	 1375.46 	 9311 	 0.900658 	 438.309 	 650.933 	 1136.16 	 1014.02 	 0.495074 	 1248.81 	 1092.09 	 300.261 	 0.264278 	 90 	 133 	 195.544 	 0.834444 	 2 	 681.173 	 0.11561 	 12.0416 	 12.0416 	 12.0416 	 0 	 45 	 45 	 45 	 0 	 62.782 	 -7.94095 	 14.8204 	 0.127073 	 116.629 	 414 	 877 	 211.377 	 58.8768 	 3 	 1251.46 	 0.212401 	 32.8488 	 11.1953 	 21.963 	 9.68417 	 237 	 32 	 138 	 102.679 	  Tumour 
19 	 585.378 	 966.633 	 604.147 	 214.709 	 5728 	 89.77 	 81.3933 	 0.421803 	 0.98099 	 291.948 	 1494.54 	 548.774 	 0.367186 	 1136.96 	 1388.54 	 10478 	 0.945497 	 443.196 	 801.594 	 1248.06 	 1125.92 	 0.3 	 1250.4 	 1235.49 	 384.042 	 0.30771 	 45 	 45 	 193.733 	 -0.976667 	 1 	 0 	 0 	 NaN 	 NaN 	 NaN 	 NaN 	 45 	 45 	 45 	 0 	 97.1415 	 -5.10375 	 21.1174 	 0.139861 	 150.988 	 469 	 1079 	 218.015 	 65.5149 	 8 	 2125.25 	 0.371028 	 42.5517 	 8.67934 	 22.4832 	 9.31626 	 126 	 28 	 58.625 	 34.8504 	  Tumour 
20 	 633.312 	 797.357 	 577.741 	 293.421 	 2919 	 63.3975 	 59.0785 	 0.362784 	 0.953922 	 212.309 	 844.869 	 201.969 	 0.239053 	 563.056 	 738.868 	 7036 	 0.947737 	 360.853 	 867.417 	 1188 	 1065.86 	 0.208333 	 1317.67 	 1167.26 	 274.998 	 0.231479 	 45 	 45 	 206.711 	 12.0011 	 1 	 0 	 0 	 NaN 	 NaN 	 NaN 	 NaN 	 45 	 45 	 45 	 0 	 104.818 	 1.61404 	 18.4464 	 0.11626 	 158.665 	 0 	 0 	 NaN 	 NaN 	 0 	 0 	 0 	 NaN 	 NaN 	 NaN 	 NaN 	 0 	 0 	 NaN 	 NaN 	  Tumour 
21 	 773.195 	 413.465 	 732.083 	 416.923 	 3140 	 66.6872 	 60.5359 	 0.419491 	 0.972136 	 217.137 	 848.572 	 190.253 	 0.224204 	 541.19 	 742.57 	 5505 	 0.894686 	 345.681 	 1193.39 	 1408.72 	 1286.58 	 0.278125 	 1459.64 	 1406.66 	 485.838 	 0.344879 	 0 	 0 	 NaN 	 NaN 	 0 	 0 	 0 	 NaN 	 NaN 	 NaN 	 NaN 	 0 	 0 	 NaN 	 NaN 	 144.285 	 7.16633 	 28.7535 	 0.145123 	 198.132 	 31 	 32 	 176.774 	 24.2742 	 1 	 0 	 0 	 NaN 	 NaN 	 NaN 	 NaN 	 31 	 31 	 31 	 0 	  Tumour 
22 	 797.646 	 995.258 	 803.658 	 429.499 	 2378 	 58.6961 	 51.9517 	 0.465408 	 0.954637 	 195.48 	 641.166 	 207.4 	 0.323474 	 428.443 	 535.165 	 7181 	 0.889839 	 424.368 	 912.861 	 1163.37 	 1041.23 	 0 	 0 	 0 	 534.705 	 0.459616 	 0 	 0 	 NaN 	 NaN 	 0 	 0 	 0 	 NaN 	 NaN 	 NaN 	 NaN 	 0 	 0 	 NaN 	 NaN 	 60.9989 	 8.67837 	 13.1033 	 0.114095 	 114.846 	 0 	 0 	 NaN 	 NaN 	 0 	 0 	 0 	 NaN 	 NaN 	 NaN 	 NaN 	 0 	 0 	 NaN 	 NaN 	  Tumour 
23 	 844.874 	 529.255 	 775.98 	 437.659 	 6859 	 98.531 	 88.8106 	 0.433097 	 0.979577 	 318.877 	 1715.1 	 760.14 	 0.443203 	 1312.24 	 1609.1 	 11274 	 0.933201 	 454.995 	 881.955 	 1580.94 	 1458.8 	 0.258216 	 1932.56 	 1492.29 	 469.025 	 0.296675 	 38 	 38 	 225.474 	 30.7637 	 1 	 0 	 0 	 NaN 	 NaN 	 NaN 	 NaN 	 38 	 38 	 38 	 0 	 112.821 	 -4.24267 	 30.2094 	 0.181255 	 166.668 	 433 	 839 	 282.037 	 129.537 	 3 	 3295.49 	 0.480463 	 48.4201 	 20.8916 	 33.2074 	 12.5139 	 334 	 41 	 144.333 	 164.476 	  Tumour 
24 	 842.011 	 408.809 	 799.116 	 357.405 	 4927 	 85.0465 	 74.1512 	 0.489703 	 0.976417 	 269.078 	 1191.21 	 432.299 	 0.362908 	 819.202 	 1085.21 	 8150 	 0.899757 	 409.581 	 861.554 	 1330.16 	 1208.02 	 0.51706 	 1414.95 	 1294.91 	 501.751 	 0.37721 	 0 	 0 	 NaN 	 NaN 	 0 	 0 	 0 	 NaN 	 NaN 	 NaN 	 NaN 	 0 	 0 	 NaN 	 NaN 	 98.906 	 -1.09115 	 18.0016 	 0.117848 	 152.753 	 133 	 263 	 189.406 	 36.906 	 3 	 2310 	 0.468845 	 13.7081 	 10.2695 	 11.9369 	 1.53987 	 56 	 25 	 44.3333 	 16.8622 	  Tumour 
25 	 845.436 	 654.844 	 768.146 	 539.756 	 2272 	 54.9952 	 53.2834 	 0.247557 	 0.971355 	 183.439 	 919.191 	 277.65 	 0.302059 	 609.354 	 813.189 	 5285 	 0.914202 	 323.782 	 1060.66 	 1744.93 	 1622.79 	 0.239203 	 1666.68 	 1743.83 	 588.948 	 0.337519 	 0 	 0 	 NaN 	 NaN 	 0 	 0 	 0 	 NaN 	 NaN 	 NaN 	 NaN 	 0 	 0 	 NaN 	 NaN 	 98.1004 	 3.45662 	 13.5671 	 0.089288 	 151.947 	 0 	 0 	 NaN 	 NaN 	 0 	 0 	 0 	 NaN 	 NaN 	 NaN 	 NaN 	 0 	 0 	 NaN 	 NaN 	  Tumour 
26 	 909.842 	 958.505 	 891.992 	 537.629 	 2804 	 77.0889 	 46.6172 	 0.796438 	 0.962251 	 215.48 	 692.571 	 129.023 	 0.186296 	 440.376 	 586.569 	 5936 	 0.866822 	 380.167 	 800.561 	 1027.36 	 905.222 	 0 	 0 	 0 	 434.687 	 0.423109 	 0 	 0 	 NaN 	 NaN 	 0 	 0 	 0 	 NaN 	 NaN 	 NaN 	 NaN 	 0 	 0 	 NaN 	 NaN 	 54.3023 	 2.81303 	 19.1591 	 0.177154 	 108.149 	 69 	 157 	 141.377 	 -11.1232 	 2 	 314.675 	 0.112224 	 17.2859 	 17.2859 	 17.2859 	 0 	 40 	 29 	 34.5 	 7.77817 	  Tumour 
27 	 918.19 	 617.23 	 841.314 	 470.916 	 5368 	 87.4508 	 78.5243 	 0.440149 	 0.978848 	 283.179 	 1508.6 	 556.757 	 0.369055 	 1086.46 	 1402.6 	 8888 	 0.954058 	 389.539 	 1060.93 	 1884.4 	 1762.26 	 0.331522 	 1775.81 	 1880.35 	 423.467 	 0.224723 	 0 	 0 	 NaN 	 NaN 	 0 	 0 	 0 	 NaN 	 NaN 	 NaN 	 NaN 	 0 	 0 	 NaN 	 NaN 	 108.779 	 -37.3766 	 39.9095 	 0.245406 	 162.626 	 365 	 477 	 309.964 	 157.464 	 1 	 0 	 0 	 NaN 	 NaN 	 NaN 	 NaN 	 365 	 365 	 365 	 0 	  Tumour 
28 	 912.354 	 458.335 	 854.605 	 340.196 	 2812 	 65.7983 	 55.036 	 0.548066 	 0.963674 	 209.279 	 946.886 	 265.928 	 0.280845 	 588.383 	 840.885 	 5742 	 0.918867 	 336.267 	 923.584 	 1344.1 	 1221.96 	 0.643087 	 1533.69 	 1237.12 	 490.884 	 0.365214 	 0 	 0 	 NaN 	 NaN 	 0 	 0 	 0 	 NaN 	 NaN 	 NaN 	 NaN 	 0 	 0 	 NaN 	 NaN 	 86.118 	 -5.73474 	 20.6715 	 0.147691 	 139.965 	 0 	 0 	 NaN 	 NaN 	 0 	 0 	 0 	 NaN 	 NaN 	 NaN 	 NaN 	 0 	 0 	 NaN 	 NaN 	  Tumour 
29 	 926.936 	 259.308 	 931.483 	 211.596 	 4627 	 89.1062 	 67.0725 	 0.658334 	 0.972876 	 267.321 	 1153.84 	 325.177 	 0.281821 	 805.841 	 1047.84 	 7911 	 0.930596 	 387.196 	 1275.14 	 1796.45 	 1674.31 	 0.403846 	 1749.86 	 1784.82 	 475.911 	 0.264917 	 0 	 0 	 NaN 	 NaN 	 0 	 0 	 0 	 NaN 	 NaN 	 NaN 	 NaN 	 0 	 0 	 NaN 	 NaN 	 163.355 	 9.18741 	 23.6031 	 0.108669 	 217.202 	 151 	 215 	 225.715 	 73.2152 	 2 	 1066.66 	 0.230528 	 13.8676 	 13.8676 	 13.8676 	 0 	 95 	 56 	 75.5 	 27.5772 	  Tumour 
30 	 930.079 	 178.383 	 970.079 	 199.812 	 4482 	 85.852 	 66.7726 	 0.628556 	 0.975196 	 260.693 	 1392.04 	 640.575 	 0.46017 	 1003.7 	 1286.04 	 8605 	 0.946957 	 392.711 	 1071.96 	 1718.1 	 1595.96 	 0.424731 	 1499.63 	 1790.2 	 630.305 	 0.366862 	 56 	 59 	 271.339 	 76.6293 	 1 	 0 	 0 	 NaN 	 NaN 	 NaN 	 NaN 	 56 	 56 	 56 	 0 	 129.182 	 -16.2026 	 29.6466 	 0.161978 	 183.029 	 206 	 336 	 225.607 	 73.1068 	 3 	 1641.33 	 0.366206 	 15.9551 	 7.61794 	 12.8303 	 4.06403 	 142 	 26 	 68.6667 	 63.7913 	  Tumour 
31 	 953.853 	 377.735 	 915.299 	 252.486 	 5718 	 92.1277 	 79.2699 	 0.509559 	 0.977603 	 297.12 	 1530.09 	 533.496 	 0.348669 	 1136.26 	 1424.09 	 14048 	 0.914286 	 530.049 	 784.5 	 1264.15 	 1142.01 	 0.56341 	 1455.62 	 1172.24 	 559.401 	 0.442512 	 0 	 0 	 NaN 	 NaN 	 0 	 0 	 0 	 NaN 	 NaN 	 NaN 	 NaN 	 0 	 0 	 NaN 	 NaN 	 102.063 	 18.3049 	 29.1675 	 0.187079 	 155.91 	 137 	 313 	 181.766 	 29.2664 	 3 	 1245.19 	 0.217767 	 32.1282 	 10.6976 	 21.4243 	 9.5841 	 47 	 44 	 45.6667 	 1.52753 	  Tumour 
32 	 983.271 	 739.627 	 911.502 	 563.251 	 2517 	 65.9617 	 49.2785 	 0.664738 	 0.96659 	 197.723 	 934.33 	 283.197 	 0.303102 	 667.683 	 828.328 	 5497 	 0.946453 	 310.711 	 709.069 	 959.9 	 837.758 	 0 	 0 	 0 	 343.113 	 0.357446 	 0 	 0 	 NaN 	 NaN 	 0 	 0 	 0 	 NaN 	 NaN 	 NaN 	 NaN 	 0 	 0 	 NaN 	 NaN 	 95.7555 	 11.4707 	 15.03 	 0.100466 	 149.602 	 0 	 0 	 NaN 	 NaN 	 0 	 0 	 0 	 NaN 	 NaN 	 NaN 	 NaN 	 0 	 0 	 NaN 	 NaN 	  Tumour 
33 	 1022.56 	 32.8319 	 1124 	 194.435 	 5628 	 97.6315 	 74.7395 	 0.643405 	 0.987542 	 288.409 	 1665.39 	 644.186 	 0.386808 	 1266.02 	 1559.39 	 10029 	 0.937377 	 448.61 	 791.885 	 1205.27 	 1083.13 	 0.183529 	 1522.28 	 1229.59 	 417.447 	 0.346352 	 34 	 35 	 256.294 	 61.5841 	 1 	 0 	 0 	 NaN 	 NaN 	 NaN 	 NaN 	 34 	 34 	 34 	 0 	 136.129 	 -11.1909 	 29.5089 	 0.15533 	 189.976 	 298 	 710 	 254.534 	 102.034 	 3 	 2567.83 	 0.456259 	 39.6644 	 11.0596 	 28.5695 	 13.7237 	 254 	 19 	 99.3333 	 133.979 	  Tumour 
34 	 1034.67 	 190.731 	 1058 	 94.1329 	 4615 	 81.343 	 72.4452 	 0.45476 	 0.978169 	 260.693 	 1203.24 	 385.726 	 0.320573 	 873.977 	 1097.24 	 10285 	 0.904892 	 456.652 	 905.775 	 1300.44 	 1178.3 	 0.253521 	 1434.64 	 1279.61 	 345.743 	 0.265867 	 48 	 50 	 219.812 	 25.1025 	 1 	 0 	 0 	 NaN 	 NaN 	 NaN 	 NaN 	 48 	 48 	 48 	 0 	 80.1686 	 12.44 	 13.7963 	 0.102945 	 134.015 	 0 	 0 	 NaN 	 NaN 	 0 	 0 	 0 	 NaN 	 NaN 	 NaN 	 NaN 	 0 	 0 	 NaN 	 NaN 	  Tumour 
35 	 1031.63 	 417.11 	 980.691 	 241.35 	 4007 	 84.8263 	 60.5651 	 0.700156 	 0.976127 	 246.551 	 2319.26 	 875.422 	 0.377457 	 1666.15 	 2213.26 	 7139 	 0.921518 	 388.995 	 966.411 	 1505.45 	 1383.31 	 0.705556 	 1530.46 	 1453.74 	 595.25 	 0.395396 	 0 	 0 	 NaN 	 NaN 	 0 	 0 	 0 	 NaN 	 NaN 	 NaN 	 NaN 	 0 	 0 	 NaN 	 NaN 	 119.787 	 1.1875 	 24.9196 	 0.143519 	 173.633 	 302 	 495 	 257.457 	 104.957 	 3 	 608.251 	 0.151797 	 20.6514 	 13.1873 	 16.3509 	 3.45227 	 172 	 44 	 100.667 	 65.2482 	  Tumour 
36 	 1033.96 	 977.35 	 1014.6 	 662.463 	 1865 	 51.8647 	 46.0426 	 0.460336 	 0.973382 	 164.61 	 804.224 	 223.155 	 0.277479 	 559.271 	 698.223 	 7434 	 0.890086 	 390.51 	 997.277 	 1730.65 	 1608.51 	 0 	 0 	 0 	 628.068 	 0.362909 	 0 	 0 	 NaN 	 NaN 	 0 	 0 	 0 	 NaN 	 NaN 	 NaN 	 NaN 	 0 	 0 	 NaN 	 NaN 	 77.5194 	 9.45726 	 12.3058 	 0.0936756 	 131.366 	 0 	 0 	 NaN 	 NaN 	 0 	 0 	 0 	 NaN 	 NaN 	 NaN 	 NaN 	 0 	 0 	 NaN 	 NaN 	  Tumour 
37 	 1053.56 	 552.487 	 980.955 	 363.815 	 4669 	 85.016 	 70.7074 	 0.555234 	 0.970888 	 271.321 	 1318.93 	 500.064 	 0.379144 	 1005.9 	 1212.93 	 7299 	 0.944488 	 367.681 	 978.838 	 1246 	 1123.86 	 0 	 0 	 0 	 515.894 	 0.414041 	 90 	 378 	 211.167 	 16.4567 	 2 	 672.554 	 0.144047 	 41.3401 	 41.3401 	 41.3401 	 0 	 45 	 45 	 45 	 0 	 111.06 	 16.0269 	 20.6358 	 0.125136 	 164.906 	 0 	 0 	 NaN 	 NaN 	 0 	 0 	 0 	 NaN 	 NaN 	 NaN 	 NaN 	 0 	 0 	 NaN 	 NaN 	  Tumour 
38 	 1082.87 	 438.682 	 1025.88 	 247.316 	 2278 	 60.5573 	 48.424 	 0.600482 	 0.966073 	 190.267 	 1442.87 	 530.643 	 0.367768 	 1011.51 	 1336.87 	 2969 	 0.94045 	 254.225 	 1324.45 	 1632.08 	 1509.94 	 0.470339 	 1680.49 	 1609.44 	 725.825 	 0.444724 	 0 	 0 	 NaN 	 NaN 	 0 	 0 	 0 	 NaN 	 NaN 	 NaN 	 NaN 	 0 	 0 	 NaN 	 NaN 	 121.617 	 11.7162 	 39.0659 	 0.222643 	 175.464 	 259 	 292 	 276.618 	 124.118 	 1 	 0 	 0 	 NaN 	 NaN 	 NaN 	 NaN 	 259 	 259 	 259 	 0 	  Tumour 
39 	 1114.99 	 91.2976 	 1174.24 	 105.929 	 4530 	 81.2305 	 71.3389 	 0.478243 	 0.97819 	 256.35 	 1222.22 	 434.02 	 0.355108 	 887.785 	 1116.22 	 9078 	 0.909619 	 433.823 	 870.365 	 1166.21 	 1044.06 	 0.195545 	 1450.78 	 1134.52 	 361.806 	 0.310242 	 57 	 60 	 253.842 	 59.1321 	 1 	 0 	 0 	 NaN 	 NaN 	 NaN 	 NaN 	 57 	 57 	 57 	 0 	 102.54 	 18.007 	 25.4197 	 0.162543 	 156.387 	 326 	 636 	 207.264 	 54.7638 	 3 	 1683.41 	 0.371614 	 26.8623 	 16.0225 	 20.6061 	 5.01788 	 240 	 41 	 108.667 	 113.756 	  Tumour 
40 	 1141.8 	 342.719 	 1105.64 	 147.574 	 4551 	 85.8139 	 67.8037 	 0.612945 	 0.971605 	 261.907 	 1356.64 	 513.5 	 0.378509 	 962.589 	 1250.64 	 14080 	 0.937292 	 524.451 	 1130.12 	 2151.41 	 2029.26 	 0.372951 	 2175.05 	 2120.17 	 679.506 	 0.315843 	 80 	 84 	 240.162 	 45.4525 	 1 	 0 	 0 	 NaN 	 NaN 	 NaN 	 NaN 	 80 	 80 	 80 	 0 	 143.295 	 -1.2104 	 31.4653 	 0.159607 	 197.142 	 190 	 300 	 257.547 	 105.047 	 2 	 164.792 	 0.0362101 	 16.8746 	 16.8746 	 16.8746 	 0 	 115 	 75 	 95 	 28.2843 	  Tumour 
41 	 1129.22 	 195.909 	 1055.8 	 94.1329 	 950 	 42.1679 	 29.6005 	 0.712208 	 0.956697 	 122.326 	 1012.34 	 368.42 	 0.363928 	 729.254 	 906.342 	 3115 	 0.916716 	 249.054 	 1056.35 	 1223.57 	 1101.42 	 0 	 0 	 1219.25 	 291.345 	 0.238111 	 0 	 0 	 NaN 	 NaN 	 0 	 0 	 0 	 NaN 	 NaN 	 NaN 	 NaN 	 0 	 0 	 NaN 	 NaN 	 71.3563 	 4.59405 	 17.4233 	 0.13916 	 125.203 	 0 	 0 	 NaN 	 NaN 	 0 	 0 	 0 	 NaN 	 NaN 	 NaN 	 NaN 	 0 	 0 	 NaN 	 NaN 	  Other 
42 	 1218.02 	 341.264 	 1179.53 	 170.135 	 6063 	 92.656 	 83.4712 	 0.434085 	 0.970391 	 303.12 	 1570.83 	 693.617 	 0.441559 	 1208.69 	 1464.83 	 10411 	 0.959186 	 423.681 	 817.428 	 1422.29 	 1300.15 	 0.211055 	 1606.29 	 1382.14 	 478.775 	 0.336623 	 45 	 45 	 199.444 	 4.73444 	 1 	 0 	 0 	 NaN 	 NaN 	 NaN 	 NaN 	 45 	 45 	 45 	 0 	 101.834 	 -15.5605 	 30.5469 	 0.196215 	 155.681 	 510 	 1047 	 226.076 	 73.5765 	 4 	 793.673 	 0.130904 	 27.8761 	 11.2586 	 19.4484 	 6.37901 	 183 	 22 	 127.5 	 74.9778 	  Tumour 
43 	 1222.18 	 174.446 	 1236.2 	 95.5667 	 2420 	 66.7222 	 46.9203 	 0.710974 	 0.970329 	 192.51 	 882.481 	 228.743 	 0.259205 	 599.152 	 776.479 	 7383 	 0.888662 	 402.995 	 1268 	 1656.38 	 1534.24 	 0 	 0 	 0 	 527.189 	 0.318278 	 0 	 0 	 NaN 	 NaN 	 0 	 0 	 0 	 NaN 	 NaN 	 NaN 	 NaN 	 0 	 0 	 NaN 	 NaN 	 120.121 	 25.1674 	 21.5643 	 0.123956 	 173.967 	 34 	 35 	 177.794 	 25.2941 	 1 	 0 	 0 	 NaN 	 NaN 	 NaN 	 NaN 	 34 	 34 	 34 	 0 	  Tumour 
44 	 1281.97 	 994.6 	 1256.2 	 813.517 	 8197 	 114.966 	 92.4936 	 0.593912 	 0.974094 	 357.605 	 1817.97 	 730.408 	 0.401771 	 1450.42 	 1711.97 	 11703 	 0.952238 	 462.853 	 801.636 	 1268.37 	 1146.22 	 0 	 0 	 0 	 469.538 	 0.370192 	 74 	 294 	 177.703 	 -17.0073 	 2 	 224.399 	 0.0273758 	 35.4237 	 35.4237 	 35.4237 	 0 	 39 	 35 	 37 	 2.82843 	 65.0884 	 -1.80063 	 20.3002 	 0.170683 	 118.935 	 485 	 852 	 276.495 	 123.995 	 3 	 1342.89 	 0.163827 	 32.3328 	 14.7894 	 21.753 	 8.33064 	 279 	 77 	 161.667 	 104.887 	  Tumour 
45 	 1341.39 	 52.9529 	 1393.65 	 255.721 	 7237 	 102.01 	 90.5802 	 0.459934 	 0.976653 	 333.12 	 1610.72 	 585.48 	 0.36349 	 1161.02 	 1504.72 	 10014 	 0.922609 	 433.539 	 631.587 	 1075.85 	 953.705 	 0 	 0 	 0 	 540.575 	 0.502465 	 90 	 420 	 206.756 	 12.0456 	 2 	 917.949 	 0.126841 	 47.4342 	 47.4342 	 47.4342 	 0 	 45 	 45 	 45 	 0 	 71.4758 	 -9.18584 	 18.2626 	 0.145725 	 125.323 	 535 	 1295 	 190.679 	 38.1785 	 4 	 1035.33 	 0.14306 	 48.1676 	 12.1254 	 26.3078 	 11.7307 	 150 	 52 	 107 	 49.7695 	  Tumour 
46 	 1339.55 	 647.801 	 1263.03 	 498.824 	 5249 	 86.0508 	 77.8939 	 0.424967 	 0.982039 	 274.836 	 1515.85 	 591.859 	 0.390447 	 1220.03 	 1409.85 	 9388 	 0.9479 	 419.338 	 800.416 	 1416.6 	 1294.46 	 0 	 0 	 0 	 803.816 	 0.567425 	 36 	 37 	 196.278 	 1.56778 	 1 	 0 	 0 	 NaN 	 NaN 	 NaN 	 NaN 	 36 	 36 	 36 	 0 	 90.4087 	 -1.32946 	 22.2349 	 0.154135 	 144.255 	 182 	 262 	 246.264 	 93.7637 	 2 	 237.449 	 0.0452371 	 14.7727 	 14.7727 	 14.7727 	 0 	 153 	 29 	 91 	 87.6812 	  Tumour 
