rownames 	XLoc 	YLoc 	NNDistSame 	NNDistOpp 	dapi_Area 	dapi_MajorAxisLength 	dapi_MinorAxisLength 	dapi_Eccentricity 	dapi_Solidity 	dapi_Perimeter 	dapi_MeanIntensity 	dapi_PixelSD 	dapi_PixelCV 	dapi_NucAdjustedInt 	dapi_BackAdjustedInt 	memb_Area 	memb_Solidity 	memb_Perimeter 	memb_MeanIntensity 	memb_MembraneIntensity 	memb_temp 	memb_pcTouch 	memb_OverLapIntensity 	memb_nonLapIntensity 	memb_PixelSD 	memb_PixelCV 	cent_Area 	cent_ConvexArea 	cent_MeanIntensity 	cent_BackAdjustedInt 	cent_CN 	cent_AreaSD 	cent_CoeffVar 	cent_MaxSpotDist 	cent_MinSpotDist 	cent_MeanSpotDist 	cent_SDSpotDist 	cent_SpotAreaMax 	cent_SpotAreaMin 	cent_SpotAreaMean 	cent_SpotAreaSD 	nucl_BackgroundAdjust 	nucl_NuclearAdjustedInt 	nucl_PixelSD 	nucl_PixelCV 	nucl_MeanIntensity 	Her2_Area 	Her2_ConvexArea 	Her2_MeanIntensity 	Her2_BackAdjustedInt 	Her2_CN 	Her2_AreaSD 	Her2_CoeffVar 	Her2_MaxSpotDist 	Her2_MinSpotDist 	Her2_MeanSpotDist 	Her2_SDSpotDist 	Her2_SpotAreaMax 	Her2_SpotAreaMin 	Her2_SpotAreaMean 	Her2_SpotAreaSD 	CellLabels 	
1 	 78.817 	 225.567 	 79.1581 	 178.53 	 8368 	 112.516 	 96.2938 	 0.517271 	 0.932472 	 374.375 	 1808.41 	 612.621 	 0.338763 	 997.87 	 1656.6 	 11501 	 0.81782 	 614.056 	 697.127 	 1163 	 1048.5 	 0.23619 	 1497.43 	 1110.44 	 501.69 	 0.431376 	 57 	 58 	 208.035 	 48.823 	 1 	 0 	 0 	 NaN 	 NaN 	 NaN 	 NaN 	 57 	 57 	 57 	 0 	 147.512 	 -55.9182 	 50.5979 	 0.240118 	 210.721 	 560 	 938 	 262.57 	 159.087 	 0 	 0 	 0 	 NaN 	 NaN 	 NaN 	 NaN 	 0 	 0 	 560 	 0 	  Tumour 
2 	 73.6739 	 86.4085 	 92.6984 	 97.8673 	 5050 	 95.0727 	 69.7346 	 0.679703 	 0.891911 	 322.09 	 1328.2 	 379.421 	 0.285666 	 839.409 	 1176.4 	 10095 	 0.900455 	 488.316 	 1035.4 	 1560.34 	 1445.83 	 0.120482 	 1925.2 	 1523.71 	 400.35 	 0.256579 	 0 	 0 	 NaN 	 NaN 	 0 	 0 	 0 	 NaN 	 NaN 	 NaN 	 NaN 	 0 	 0 	 NaN 	 NaN 	 190.184 	 -12.5029 	 24.1801 	 0.095425 	 253.394 	 0 	 0 	 NaN 	 NaN 	 0 	 0 	 0 	 NaN 	 NaN 	 NaN 	 NaN 	 0 	 0 	 NaN 	 NaN 	  Tumour 
3 	 142.121 	 148.736 	 99.4887 	 81.3449 	 2450 	 68.9822 	 45.7037 	 0.749023 	 0.966851 	 197.137 	 1033.9 	 220.426 	 0.213198 	 424.376 	 882.1 	 3314 	 0.932733 	 251.279 	 1181.28 	 1338.24 	 1223.74 	 0.46729 	 1379.98 	 1305.63 	 374.101 	 0.279547 	 0 	 0 	 NaN 	 NaN 	 0 	 0 	 0 	 NaN 	 NaN 	 NaN 	 NaN 	 0 	 0 	 NaN 	 NaN 	 167.876 	 -39.1005 	 29.9373 	 0.129551 	 231.086 	 0 	 0 	 NaN 	 NaN 	 0 	 0 	 0 	 NaN 	 NaN 	 NaN 	 NaN 	 0 	 0 	 NaN 	 NaN 	  Tumour 
4 	 162.114 	 352.737 	 151.717 	 280.145 	 5984 	 94.5718 	 80.8556 	 0.518684 	 0.980662 	 296.735 	 1664.95 	 513.009 	 0.308123 	 982.874 	 1513.14 	 11248 	 0.929587 	 494.416 	 942.712 	 1731.2 	 1616.7 	 0.130024 	 1891.38 	 1696.11 	 460.035 	 0.265732 	 90 	 340 	 179.178 	 19.9657 	 2 	 1792.5 	 0.299549 	 38.0789 	 38.0789 	 38.0789 	 0 	 45 	 45 	 45 	 0 	 140.859 	 -46.9955 	 42.4451 	 0.207994 	 204.069 	 480 	 1425 	 206.348 	 102.865 	 5 	 917.943 	 0.1534 	 47.1929 	 11.4762 	 26.6098 	 11.845 	 199 	 31 	 96 	 73.1779 	  Tumour 
5 	 153.565 	 854.472 	 632.463 	 580.311 	 3661 	 73.5595 	 63.5972 	 0.502515 	 0.981501 	 228.652 	 1843.11 	 633.051 	 0.343469 	 1453.9 	 1691.31 	 6409 	 0.745059 	 494.215 	 1038.97 	 1412.19 	 1297.69 	 0.0454545 	 2271.26 	 1378.96 	 646.04 	 0.457473 	 90 	 212 	 186.611 	 27.399 	 2 	 486.112 	 0.132781 	 21.587 	 21.587 	 21.587 	 0 	 45 	 45 	 45 	 0 	 49.0624 	 -12.5607 	 15.9958 	 0.142474 	 112.272 	 0 	 0 	 NaN 	 NaN 	 0 	 0 	 0 	 NaN 	 NaN 	 NaN 	 NaN 	 0 	 0 	 NaN 	 NaN 	  Tumour 
6 	 149.579 	 261.437 	 79.1581 	 189.169 	 2278 	 65.9003 	 44.1738 	 0.742079 	 0.980628 	 182.995 	 1177.08 	 342.259 	 0.290771 	 658.697 	 1025.27 	 5223 	 0.886757 	 333.463 	 958.481 	 1376.01 	 1261.51 	 0.385965 	 1483.05 	 1342.98 	 540.223 	 0.392601 	 0 	 0 	 NaN 	 NaN 	 0 	 0 	 0 	 NaN 	 NaN 	 NaN 	 NaN 	 0 	 0 	 NaN 	 NaN 	 170.157 	 -12.3997 	 31.147 	 0.133468 	 233.367 	 0 	 0 	 NaN 	 NaN 	 0 	 0 	 0 	 NaN 	 NaN 	 NaN 	 NaN 	 0 	 0 	 NaN 	 NaN 	  Tumour 
7 	 171.196 	 72.8077 	 772.984 	 43.566 	 1342 	 76.6981 	 29.6918 	 0.922027 	 0.698231 	 218.451 	 1086.43 	 259.857 	 0.239183 	 624.575 	 934.629 	 2841 	 0.63857 	 343.505 	 1315.07 	 1392.1 	 1277.59 	 0.572917 	 1261.56 	 1441.2 	 510.23 	 0.366519 	 0 	 0 	 NaN 	 NaN 	 0 	 0 	 0 	 NaN 	 NaN 	 NaN 	 NaN 	 0 	 0 	 NaN 	 NaN 	 242.427 	 -0.5074 	 20.3187 	 0.0664799 	 305.637 	 0 	 0 	 NaN 	 NaN 	 0 	 0 	 0 	 NaN 	 NaN 	 NaN 	 NaN 	 0 	 0 	 NaN 	 NaN 	  Other 
8 	 207.62 	 95.8738 	 183.142 	 43.566 	 4191 	 87.4528 	 62.259 	 0.702265 	 0.968346 	 270.007 	 1581.89 	 560.846 	 0.354541 	 1013.4 	 1430.09 	 5357 	 0.919183 	 338.392 	 768.419 	 1121.2 	 1006.7 	 0.506849 	 1025.21 	 1153.4 	 413.605 	 0.368894 	 45 	 45 	 211.289 	 52.0768 	 1 	 0 	 0 	 NaN 	 NaN 	 NaN 	 NaN 	 45 	 45 	 45 	 0 	 178.138 	 -12.7627 	 32.507 	 0.134689 	 241.348 	 292 	 478 	 249.216 	 145.733 	 4 	 1951.87 	 0.465729 	 21.9605 	 8.26507 	 14.8438 	 4.84796 	 162 	 32 	 73 	 59.9611 	  Tumour 
9 	 208.136 	 462.143 	 268.955 	 390.756 	 3791 	 72.8777 	 66.7676 	 0.400813 	 0.975051 	 239.522 	 1030.77 	 211.804 	 0.205481 	 690.002 	 878.97 	 7969 	 0.860955 	 460.86 	 929.989 	 1241.87 	 1127.37 	 0 	 0 	 1232.28 	 439.359 	 0.353787 	 0 	 0 	 NaN 	 NaN 	 0 	 0 	 0 	 NaN 	 NaN 	 NaN 	 NaN 	 0 	 0 	 NaN 	 NaN 	 114.353 	 -6.86037 	 26.4835 	 0.14915 	 177.563 	 0 	 0 	 NaN 	 NaN 	 0 	 0 	 0 	 NaN 	 NaN 	 NaN 	 NaN 	 0 	 0 	 NaN 	 NaN 	  Tumour 
10 	 223.701 	 172.47 	 154.729 	 112.294 	 4418 	 84.6058 	 66.6703 	 0.615662 	 0.97895 	 257.179 	 1379.88 	 446.951 	 0.323905 	 856.978 	 1228.08 	 7980 	 0.942705 	 372.735 	 613.521 	 1015.49 	 900.988 	 0.175758 	 987.828 	 1013.01 	 374.75 	 0.369034 	 45 	 45 	 195.289 	 36.0768 	 1 	 0 	 0 	 NaN 	 NaN 	 NaN 	 NaN 	 45 	 45 	 45 	 0 	 124.257 	 -39.6164 	 23.7981 	 0.126946 	 187.467 	 127 	 134 	 219.236 	 115.753 	 1 	 0 	 0 	 NaN 	 NaN 	 NaN 	 NaN 	 127 	 127 	 127 	 0 	  Tumour 
11 	 239.438 	 931.815 	 723.903 	 504.415 	 6089 	 101.24 	 76.8288 	 0.651234 	 0.972684 	 305.362 	 1233.57 	 306.151 	 0.248184 	 894.83 	 1081.76 	 11583 	 0.898464 	 538.458 	 944.264 	 1623.12 	 1508.62 	 0.0390456 	 2236.67 	 1593.9 	 448.745 	 0.276471 	 45 	 45 	 200.022 	 40.8101 	 1 	 0 	 0 	 NaN 	 NaN 	 NaN 	 NaN 	 45 	 45 	 45 	 0 	 101.304 	 -24.0681 	 27.3931 	 0.166509 	 164.514 	 665 	 2210 	 202.881 	 99.3982 	 4 	 1469.38 	 0.241318 	 51.2314 	 24.0008 	 34.2563 	 12.2016 	 367 	 45 	 166.25 	 154.323 	  Tumour 
12 	 222.368 	 261.994 	 147.462 	 195.76 	 2366 	 81.4601 	 39.3079 	 0.875873 	 0.874353 	 223.622 	 1042.44 	 212.866 	 0.2042 	 581.559 	 890.635 	 3031 	 0.828368 	 289.179 	 1075.2 	 1083.51 	 969.011 	 0.393574 	 1024.58 	 1087.72 	 499.927 	 0.461394 	 0 	 0 	 NaN 	 NaN 	 0 	 0 	 0 	 NaN 	 NaN 	 NaN 	 NaN 	 0 	 0 	 NaN 	 NaN 	 179.325 	 -2.92573 	 35.1234 	 0.144818 	 242.534 	 0 	 0 	 NaN 	 NaN 	 0 	 0 	 0 	 NaN 	 NaN 	 NaN 	 NaN 	 0 	 0 	 NaN 	 NaN 	  Tumour 
13 	 272.981 	 271.716 	 199.379 	 223.618 	 5192 	 96.6326 	 68.7178 	 0.703066 	 0.97594 	 279.078 	 1652.93 	 446.202 	 0.269946 	 1160.97 	 1501.13 	 6720 	 0.940255 	 353.22 	 632.367 	 887.941 	 773.438 	 0.46732 	 809.552 	 907.559 	 336.304 	 0.378746 	 90 	 178 	 201.433 	 42.2212 	 2 	 825.332 	 0.158962 	 16.5529 	 16.5529 	 16.5529 	 0 	 45 	 45 	 45 	 0 	 149.202 	 -29.1346 	 24.9803 	 0.117603 	 212.412 	 461 	 1444 	 206.555 	 103.072 	 5 	 694.781 	 0.133818 	 42.3106 	 11.6228 	 27.3165 	 10.6062 	 147 	 30 	 92.2 	 55.4184 	  Tumour 
14 	 328.797 	 319.308 	 266.738 	 292.37 	 7583 	 119.847 	 81.5399 	 0.732871 	 0.958781 	 358.96 	 1802.41 	 750.527 	 0.416402 	 1260.64 	 1650.61 	 11476 	 0.894257 	 540.115 	 720.738 	 1026.1 	 911.595 	 0.219089 	 905.149 	 1043.39 	 365.144 	 0.355857 	 0 	 0 	 NaN 	 NaN 	 0 	 0 	 0 	 NaN 	 NaN 	 NaN 	 NaN 	 0 	 0 	 NaN 	 NaN 	 145.696 	 -34.657 	 35.8386 	 0.171554 	 208.906 	 234 	 278 	 276.667 	 173.184 	 1 	 0 	 0 	 NaN 	 NaN 	 NaN 	 NaN 	 234 	 234 	 234 	 0 	  Tumour 
15 	 343.855 	 96.838 	 294.73 	 174.657 	 6529 	 96.6152 	 86.3544 	 0.448472 	 0.981657 	 306.877 	 1793.7 	 659.218 	 0.367519 	 1229.77 	 1641.89 	 10113 	 0.956674 	 429.789 	 640.031 	 1076.53 	 962.03 	 0 	 0 	 0 	 384.795 	 0.357439 	 45 	 45 	 241.356 	 82.1434 	 1 	 0 	 0 	 NaN 	 NaN 	 NaN 	 NaN 	 45 	 45 	 45 	 0 	 163.935 	 -6.064 	 22.7791 	 0.100285 	 227.144 	 605 	 1442 	 217.431 	 113.948 	 5 	 355.974 	 0.0545219 	 50.3704 	 12.086 	 29.8247 	 14.2137 	 167 	 34 	 121 	 53.1836 	  Tumour 
16 	 371.701 	 667.218 	 529.462 	 399.084 	 10762 	 138.706 	 99.1744 	 0.699128 	 0.98364 	 405.647 	 1564.03 	 450.245 	 0.287874 	 1158.56 	 1412.23 	 18638 	 0.94217 	 587.914 	 748.329 	 1446.42 	 1331.92 	 0.12326 	 2006.16 	 1403.02 	 517.534 	 0.357802 	 121 	 1824 	 181.017 	 21.8044 	 3 	 1489.25 	 0.138381 	 71.2082 	 46.758 	 55.9119 	 11.9247 	 45 	 31 	 40.3333 	 8.0829 	 112.553 	 -28.2811 	 25.8742 	 0.147211 	 175.763 	 1219 	 4712 	 193.515 	 90.0321 	 16 	 1790.6 	 0.166382 	 97.3153 	 9.05539 	 41.2766 	 20.268 	 277 	 28 	 71.7059 	 65.5999 	  Tumour 
17 	 427.303 	 289.897 	 353.836 	 335.596 	 3922 	 85.284 	 59.3125 	 0.718554 	 0.95869 	 249.279 	 1507.65 	 440.252 	 0.292011 	 1022.8 	 1355.85 	 6243 	 0.728982 	 491.446 	 910.763 	 1199.26 	 1084.76 	 0.378824 	 1319.42 	 1160.35 	 381.887 	 0.318435 	 90 	 322 	 192.078 	 32.8657 	 2 	 239.885 	 0.061164 	 34.4384 	 34.4384 	 34.4384 	 0 	 45 	 45 	 45 	 0 	 182.144 	 -14.6251 	 34.1374 	 0.139135 	 245.354 	 235 	 335 	 213.638 	 110.155 	 2 	 209.578 	 0.0534366 	 19.8029 	 19.8029 	 19.8029 	 0 	 199 	 36 	 117.5 	 115.258 	  Tumour 
18 	 462.737 	 157.413 	 390.15 	 303.842 	 9933 	 127.719 	 99.4368 	 0.62757 	 0.977754 	 387.747 	 1638.61 	 474.229 	 0.289409 	 1148.71 	 1486.81 	 14598 	 0.948168 	 512.718 	 620.928 	 1013.43 	 898.93 	 0.3 	 1088.64 	 988.365 	 472.496 	 0.466233 	 87 	 156 	 201.529 	 42.3166 	 2 	 1881.31 	 0.1894 	 14.9425 	 14.9425 	 14.9425 	 0 	 44 	 43 	 43.5 	 0.707107 	 115.177 	 -20.1076 	 38.343 	 0.214943 	 178.387 	 774 	 1749 	 218.828 	 115.345 	 9 	 3013.79 	 0.303412 	 45.9494 	 11.874 	 25.859 	 9.62089 	 146 	 37 	 86 	 41.2583 	  Tumour 
19 	 481.13 	 567.042 	 527.148 	 336.757 	 5605 	 88.1499 	 81.2826 	 0.386965 	 0.968216 	 298.877 	 1090.49 	 307.318 	 0.281817 	 692.696 	 938.685 	 13887 	 0.95136 	 489.345 	 769.48 	 1379.2 	 1264.7 	 0.149644 	 1635.19 	 1359.42 	 454.136 	 0.329275 	 0 	 0 	 NaN 	 NaN 	 0 	 0 	 0 	 NaN 	 NaN 	 NaN 	 NaN 	 0 	 0 	 NaN 	 NaN 	 81.0776 	 0.924937 	 11.7079 	 0.081143 	 144.287 	 0 	 0 	 NaN 	 NaN 	 0 	 0 	 0 	 NaN 	 NaN 	 NaN 	 NaN 	 0 	 0 	 NaN 	 NaN 	  Tumour 
20 	 497.638 	 290.27 	 423.86 	 380.554 	 6523 	 100.615 	 82.9014 	 0.566668 	 0.965798 	 319.12 	 1713.15 	 482.658 	 0.281737 	 1186.35 	 1561.35 	 9097 	 0.936002 	 406.434 	 808.538 	 1459.17 	 1344.67 	 0.603399 	 1346.88 	 1485.22 	 419.139 	 0.287244 	 90 	 343 	 192.611 	 33.399 	 2 	 2039.39 	 0.312646 	 37.2022 	 37.2022 	 37.2022 	 0 	 45 	 45 	 45 	 0 	 147.094 	 -33.4433 	 49.1985 	 0.233941 	 210.303 	 776 	 2002 	 171.086 	 67.6033 	 6 	 932.726 	 0.14299 	 52.2704 	 14.4104 	 29.2673 	 12.4151 	 328 	 45 	 129.333 	 108.498 	  Tumour 
21 	 496.345 	 680.444 	 616.445 	 284.023 	 5019 	 91.3238 	 70.5112 	 0.6355 	 0.982 	 274.108 	 1462.89 	 357.673 	 0.244497 	 1058.1 	 1311.09 	 8998 	 0.840935 	 462.274 	 986.709 	 1621.14 	 1506.64 	 0.275253 	 1918.43 	 1547.68 	 524.45 	 0.323507 	 45 	 45 	 174.267 	 15.0545 	 1 	 0 	 0 	 NaN 	 NaN 	 NaN 	 NaN 	 45 	 45 	 45 	 0 	 90.8483 	 -18.7848 	 20.2677 	 0.131559 	 154.058 	 694 	 1675 	 183.04 	 79.5573 	 6 	 1432.55 	 0.285425 	 45.7474 	 13.4815 	 28.9175 	 10.4915 	 274 	 30 	 115.667 	 93.2023 	  Tumour 
22 	 524.614 	 184.831 	 447.881 	 371.295 	 2378 	 88.3036 	 37.2627 	 0.906604 	 0.848983 	 230.551 	 1208.93 	 302.801 	 0.250471 	 647.732 	 1057.12 	 3575 	 0.770973 	 346.534 	 975.786 	 1183.23 	 1068.73 	 0.746622 	 1166.38 	 1201.14 	 399.846 	 0.337927 	 0 	 0 	 NaN 	 NaN 	 0 	 0 	 0 	 NaN 	 NaN 	 NaN 	 NaN 	 0 	 0 	 NaN 	 NaN 	 148.612 	 -1.02485 	 30.112 	 0.142157 	 211.822 	 0 	 0 	 NaN 	 NaN 	 0 	 0 	 0 	 NaN 	 NaN 	 NaN 	 NaN 	 0 	 0 	 NaN 	 NaN 	  Tumour 
23 	 580.478 	 213.904 	 501.144 	 372.163 	 6342 	 93.4345 	 87.1634 	 0.360181 	 0.973595 	 307.563 	 1681.52 	 546.964 	 0.32528 	 1211.67 	 1529.72 	 8855 	 0.93674 	 403.747 	 756.889 	 1288.05 	 1173.55 	 0.347578 	 1210.18 	 1278.18 	 477.077 	 0.370386 	 0 	 0 	 NaN 	 NaN 	 0 	 0 	 0 	 NaN 	 NaN 	 NaN 	 NaN 	 0 	 0 	 NaN 	 NaN 	 115.9 	 -40.5668 	 24.3573 	 0.135991 	 179.11 	 346 	 934 	 178 	 74.5169 	 4 	 856.331 	 0.135025 	 56.2376 	 9.61769 	 29.9387 	 15.1775 	 193 	 20 	 86.5 	 76.3523 	  Tumour 
24 	 584.43 	 398.674 	 533.811 	 251.436 	 4749 	 86.6421 	 70.0368 	 0.588707 	 0.981807 	 264.693 	 1446.5 	 367.607 	 0.254135 	 1062.69 	 1294.7 	 13120 	 0.860723 	 640.299 	 775.467 	 1292.73 	 1178.22 	 0.0909091 	 1550.68 	 1260.59 	 461.908 	 0.357312 	 36 	 37 	 181.389 	 22.1768 	 1 	 0 	 0 	 NaN 	 NaN 	 NaN 	 NaN 	 36 	 36 	 36 	 0 	 79.8162 	 4.01322 	 20.9297 	 0.146335 	 143.026 	 335 	 597 	 188.743 	 85.2602 	 5 	 1512.11 	 0.318406 	 25.9151 	 9.42809 	 16.2499 	 5.37753 	 116 	 39 	 67 	 30.1081 	  Tumour 
25 	 610.317 	 579.359 	 637.628 	 215.128 	 8017 	 104.887 	 97.3868 	 0.371357 	 0.980793 	 351.747 	 1780.26 	 649.106 	 0.364612 	 1308.4 	 1628.46 	 17516 	 0.920974 	 607.529 	 660.011 	 1314.95 	 1200.44 	 0.132576 	 1332.4 	 1308.81 	 528.739 	 0.402099 	 90 	 535 	 180.778 	 21.5657 	 2 	 635.565 	 0.0792771 	 66.3702 	 66.3702 	 66.3702 	 0 	 45 	 45 	 45 	 0 	 93.6787 	 10.6512 	 18.4096 	 0.117342 	 156.888 	 963 	 3550 	 192.686 	 89.2033 	 7 	 2712.15 	 0.3383 	 76.7437 	 7.72605 	 37.2402 	 17.9356 	 483 	 29 	 120.375 	 154.175 	  Tumour 
26 	 605.32 	 767.547 	 755.275 	 145.362 	 5365 	 93.4868 	 73.5618 	 0.61712 	 0.98567 	 278.049 	 1652.06 	 513.614 	 0.310892 	 1256.27 	 1500.26 	 10666 	 0.918216 	 461.203 	 758.536 	 1347.3 	 1232.8 	 0 	 0 	 1339.45 	 565.721 	 0.419892 	 45 	 45 	 188.244 	 29.0323 	 1 	 0 	 0 	 NaN 	 NaN 	 NaN 	 NaN 	 45 	 45 	 45 	 0 	 93.6298 	 -23.487 	 15.5929 	 0.0994193 	 156.84 	 312 	 428 	 249.042 	 145.559 	 1 	 0 	 0 	 NaN 	 NaN 	 NaN 	 NaN 	 312 	 312 	 312 	 0 	  Tumour 
27 	 635.676 	 104.866 	 569.991 	 437.008 	 4260 	 79.2713 	 69.0088 	 0.492099 	 0.97416 	 253.522 	 1067.09 	 250.816 	 0.235047 	 719.392 	 915.284 	 6538 	 0.910458 	 359.605 	 1092.37 	 1439.33 	 1324.83 	 0 	 0 	 0 	 620.974 	 0.431432 	 45 	 45 	 206.267 	 47.0545 	 1 	 0 	 0 	 NaN 	 NaN 	 NaN 	 NaN 	 45 	 45 	 45 	 0 	 134.529 	 11.7518 	 28.195 	 0.142587 	 197.739 	 397 	 1205 	 164.078 	 60.595 	 6 	 930.349 	 0.218392 	 36.1908 	 10.4403 	 21.9003 	 7.35894 	 185 	 30 	 66.1667 	 58.7143 	  Tumour 
28 	 656.047 	 1001.13 	 966.206 	 183.412 	 5368 	 109.571 	 63.6699 	 0.813843 	 0.952787 	 304.007 	 1934.69 	 678.36 	 0.350631 	 1516.59 	 1782.88 	 6111 	 0.932835 	 328.936 	 573.401 	 769.424 	 654.921 	 0.155172 	 1249.76 	 713.643 	 449.765 	 0.584548 	 45 	 45 	 221.556 	 62.3434 	 1 	 0 	 0 	 NaN 	 NaN 	 NaN 	 NaN 	 45 	 45 	 45 	 0 	 59.9429 	 -2.53025 	 34.2352 	 0.27799 	 123.153 	 0 	 0 	 NaN 	 NaN 	 0 	 0 	 0 	 NaN 	 NaN 	 NaN 	 NaN 	 0 	 0 	 NaN 	 NaN 	  Tumour 
29 	 713.969 	 372.663 	 651.793 	 164.402 	 5666 	 96.6762 	 74.7278 	 0.634442 	 0.981465 	 290.534 	 1225.22 	 277.878 	 0.226799 	 840.192 	 1073.41 	 12507 	 0.978562 	 435.546 	 541.362 	 1011.26 	 896.754 	 0.134048 	 1475.92 	 969.251 	 581.181 	 0.574711 	 0 	 0 	 NaN 	 NaN 	 0 	 0 	 0 	 NaN 	 NaN 	 NaN 	 NaN 	 0 	 0 	 NaN 	 NaN 	 47.0205 	 -11.7059 	 11.8813 	 0.107787 	 110.23 	 295 	 341 	 219.753 	 116.269 	 1 	 0 	 0 	 NaN 	 NaN 	 NaN 	 NaN 	 295 	 295 	 295 	 0 	  Tumour 
30 	 707.715 	 718.333 	 798.564 	 119.854 	 2971 	 63.1639 	 61.1036 	 0.25332 	 0.964297 	 226.551 	 732.377 	 138.796 	 0.189515 	 386.876 	 580.574 	 3729 	 0.956399 	 247.723 	 606.094 	 715.744 	 601.241 	 0 	 0 	 0 	 253.303 	 0.353901 	 0 	 0 	 NaN 	 NaN 	 0 	 0 	 0 	 NaN 	 NaN 	 NaN 	 NaN 	 0 	 0 	 NaN 	 NaN 	 83.0034 	 9.79475 	 16.1521 	 0.11047 	 146.213 	 193 	 304 	 170.425 	 66.9418 	 2 	 275.994 	 0.0928961 	 14.6156 	 14.6156 	 14.6156 	 0 	 102 	 91 	 96.5 	 7.77817 	  Tumour 
31 	 714.65 	 500.24 	 692.511 	 97.1288 	 3496 	 71.9169 	 62.3272 	 0.498907 	 0.977902 	 223.439 	 636.884 	 167.629 	 0.263202 	 313.647 	 485.081 	 4383 	 0.947266 	 272.451 	 718.7 	 772.292 	 657.789 	 0 	 0 	 0 	 312.188 	 0.404236 	 0 	 0 	 NaN 	 NaN 	 0 	 0 	 0 	 NaN 	 NaN 	 NaN 	 NaN 	 0 	 0 	 NaN 	 NaN 	 64.3484 	 7.94542 	 13.6585 	 0.107077 	 127.558 	 113 	 159 	 128.239 	 24.7559 	 2 	 890.378 	 0.254685 	 11.068 	 11.068 	 11.068 	 0 	 68 	 45 	 56.5 	 16.2635 	  Tumour 
32 	 705.264 	 962.34 	 966.215 	 130.269 	 1736 	 50.3969 	 44.6321 	 0.464427 	 0.967131 	 164.61 	 1582.48 	 538.944 	 0.340569 	 1071.36 	 1430.68 	 2077 	 0.930139 	 190.066 	 1149.01 	 1257.14 	 1142.64 	 0.477987 	 1356.51 	 1204.34 	 318.526 	 0.253372 	 0 	 0 	 NaN 	 NaN 	 0 	 0 	 0 	 NaN 	 NaN 	 NaN 	 NaN 	 0 	 0 	 NaN 	 NaN 	 144.391 	 -0.824821 	 31.2813 	 0.150681 	 207.6 	 0 	 0 	 NaN 	 NaN 	 0 	 0 	 0 	 NaN 	 NaN 	 NaN 	 NaN 	 0 	 0 	 NaN 	 NaN 	  Tumour 
33 	 739.825 	 595.564 	 757.51 	 116.039 	 5894 	 92.2954 	 81.6487 	 0.466265 	 0.985454 	 289.321 	 1597.69 	 406.516 	 0.25444 	 1188.74 	 1445.89 	 10733 	 0.967198 	 409.747 	 634.949 	 1067.74 	 953.236 	 0.0934844 	 739.848 	 1085.54 	 305.185 	 0.285824 	 77 	 199 	 170.87 	 11.658 	 2 	 1803.93 	 0.306062 	 22.1542 	 22.1542 	 22.1542 	 0 	 41 	 36 	 38.5 	 3.53553 	 64.869 	 8.17074 	 11.9526 	 0.0933221 	 128.079 	 593 	 1146 	 196.901 	 93.4175 	 4 	 1584.18 	 0.268778 	 44.6465 	 12.8559 	 24.9075 	 10.4261 	 349 	 37 	 148.25 	 145.518 	  Tumour 
34 	 734.349 	 834.734 	 96.3846 	 84.6936 	 2310 	 62.4234 	 48.0353 	 0.638637 	 0.932203 	 226.451 	 856.294 	 164.906 	 0.192581 	 444.186 	 704.491 	 7295 	 0.927881 	 365.463 	 925.609 	 1663.6 	 1549.1 	 0.234177 	 1887.2 	 1628.96 	 475.07 	 0.285567 	 0 	 0 	 NaN 	 NaN 	 0 	 0 	 0 	 NaN 	 NaN 	 NaN 	 NaN 	 0 	 0 	 NaN 	 NaN 	 118.563 	 3.95796 	 18.6744 	 0.102735 	 181.773 	 0 	 0 	 NaN 	 NaN 	 0 	 0 	 0 	 NaN 	 NaN 	 NaN 	 NaN 	 0 	 0 	 NaN 	 NaN 	  Other 
35 	 766.939 	 913.214 	 972.272 	 69.4046 	 5130 	 88.3549 	 74.3781 	 0.539773 	 0.975842 	 281.664 	 1424.4 	 395.872 	 0.277922 	 917.677 	 1272.6 	 8145 	 0.92736 	 394.09 	 979.57 	 1596.94 	 1482.43 	 0.634218 	 1526.47 	 1612.75 	 488.507 	 0.305903 	 0 	 0 	 NaN 	 NaN 	 0 	 0 	 0 	 NaN 	 NaN 	 NaN 	 NaN 	 0 	 0 	 NaN 	 NaN 	 133.284 	 -52.2402 	 41.9552 	 0.213519 	 196.494 	 174 	 512 	 183.132 	 79.6491 	 2 	 362.737 	 0.0707089 	 32.182 	 32.182 	 32.182 	 0 	 129 	 45 	 87 	 59.397 	  Tumour 
36 	 810.394 	 105.809 	 740.784 	 399.005 	 8532 	 126.226 	 86.2996 	 0.72977 	 0.976648 	 357.706 	 1304.75 	 365.62 	 0.280223 	 935.324 	 1152.94 	 17406 	 0.912025 	 607.914 	 803.386 	 1624.41 	 1509.91 	 0 	 0 	 0 	 499.139 	 0.307273 	 45 	 45 	 181.089 	 21.8768 	 1 	 0 	 0 	 NaN 	 NaN 	 NaN 	 NaN 	 45 	 45 	 45 	 0 	 66.449 	 -25.3552 	 21.0246 	 0.162153 	 129.659 	 676 	 1044 	 239.84 	 136.357 	 1 	 0 	 0 	 NaN 	 NaN 	 NaN 	 NaN 	 676 	 676 	 676 	 0 	  Tumour 
37 	 809.219 	 978.381 	 1048.05 	 106.921 	 5679 	 89.3823 	 81.2761 	 0.416123 	 0.971433 	 296.392 	 1512.15 	 483.441 	 0.319704 	 1030.75 	 1360.35 	 8429 	 0.891297 	 452.96 	 816.081 	 1421.35 	 1306.85 	 0.377215 	 1556.43 	 1379.7 	 524.406 	 0.368949 	 45 	 45 	 195.733 	 36.5212 	 1 	 0 	 0 	 NaN 	 NaN 	 NaN 	 NaN 	 45 	 45 	 45 	 0 	 151.038 	 -22.5986 	 37.5741 	 0.175377 	 214.247 	 285 	 370 	 279.698 	 176.215 	 1 	 0 	 0 	 NaN 	 NaN 	 NaN 	 NaN 	 285 	 285 	 285 	 0 	  Tumour 
38 	 812.192 	 504.974 	 772.984 	 97.1288 	 2151 	 63.6201 	 44.2208 	 0.718936 	 0.95177 	 192.51 	 696.086 	 165.269 	 0.237426 	 365.017 	 544.283 	 3910 	 0.930731 	 266.593 	 1309.2 	 1704.35 	 1589.85 	 0 	 0 	 0 	 488.955 	 0.286886 	 0 	 0 	 NaN 	 NaN 	 0 	 0 	 0 	 NaN 	 NaN 	 NaN 	 NaN 	 0 	 0 	 NaN 	 NaN 	 96.086 	 7.0267 	 17.8274 	 0.111914 	 159.296 	 0 	 0 	 NaN 	 NaN 	 0 	 0 	 0 	 NaN 	 NaN 	 NaN 	 NaN 	 0 	 0 	 NaN 	 NaN 	  Other 
39 	 822.823 	 871.566 	 1031.26 	 61.0082 	 1271 	 50.8135 	 33.7933 	 0.746803 	 0.915047 	 155.296 	 976.925 	 155.623 	 0.159299 	 522.038 	 825.122 	 2187 	 0.851967 	 221.338 	 1244.02 	 1406.41 	 1291.9 	 0.654639 	 1359.52 	 1426.18 	 358.804 	 0.255121 	 0 	 0 	 NaN 	 NaN 	 0 	 0 	 0 	 NaN 	 NaN 	 NaN 	 NaN 	 0 	 0 	 NaN 	 NaN 	 138.482 	 -10.5723 	 17.3655 	 0.0860992 	 201.692 	 75 	 92 	 161.747 	 58.2636 	 0 	 0 	 0 	 NaN 	 NaN 	 NaN 	 NaN 	 0 	 0 	 75 	 0 	  Other 
40 	 866.94 	 254.227 	 788.497 	 250.89 	 5146 	 85 	 77.3223 	 0.415324 	 0.970394 	 280.978 	 1288.17 	 336.592 	 0.261295 	 883.731 	 1136.37 	 9490 	 0.869207 	 494.316 	 964.018 	 1657.32 	 1542.81 	 0 	 0 	 1633.1 	 441.671 	 0.266498 	 45 	 45 	 169.978 	 10.7657 	 1 	 0 	 0 	 NaN 	 NaN 	 NaN 	 NaN 	 45 	 45 	 45 	 0 	 91.5295 	 -8.97026 	 18.8584 	 0.121872 	 154.739 	 440 	 1215 	 194.48 	 90.9965 	 4 	 1251.54 	 0.243207 	 43.5345 	 10.0581 	 28.773 	 12.2925 	 183 	 34 	 110 	 60.8879 	  Tumour 
41 	 860.964 	 636.808 	 883.428 	 140.801 	 3097 	 70.5638 	 56.2335 	 0.604089 	 0.969327 	 219.48 	 1091.71 	 225.334 	 0.206404 	 734.62 	 939.912 	 5781 	 0.895307 	 374.919 	 1066.29 	 1256.3 	 1141.8 	 0.0407524 	 1900.38 	 1230.16 	 423.709 	 0.337267 	 45 	 45 	 156.311 	 -2.90101 	 1 	 0 	 0 	 NaN 	 NaN 	 NaN 	 NaN 	 45 	 45 	 45 	 0 	 95.5304 	 4.97979 	 13.3716 	 0.0842358 	 158.74 	 268 	 430 	 156.138 	 52.655 	 3 	 821.822 	 0.265361 	 14.6849 	 9.48367 	 11.5568 	 2.46541 	 133 	 45 	 89.3333 	 44.0038 	  Tumour 
42 	 885.048 	 769.253 	 971.846 	 120.221 	 6518 	 94.0717 	 88.5815 	 0.336625 	 0.985039 	 306.049 	 1504.62 	 416.041 	 0.276509 	 1066.28 	 1352.82 	 12834 	 0.877598 	 578.215 	 716.762 	 1284.65 	 1170.14 	 0.145129 	 1671.18 	 1250.43 	 520.347 	 0.405051 	 33 	 33 	 192.758 	 33.5455 	 1 	 0 	 0 	 NaN 	 NaN 	 NaN 	 NaN 	 33 	 33 	 33 	 0 	 88.036 	 -18.3993 	 18.8353 	 0.124535 	 151.246 	 632 	 1173 	 192.316 	 88.8334 	 6 	 2526.47 	 0.387614 	 39.0108 	 9.77403 	 22.0367 	 8.60328 	 325 	 47 	 105.333 	 110.346 	  Tumour 
43 	 883.918 	 871.434 	 1031.53 	 61.0082 	 6397 	 92.0438 	 89.1186 	 0.2501 	 0.980985 	 307.765 	 1462.69 	 439.225 	 0.300286 	 972.437 	 1310.89 	 11156 	 0.919779 	 455.463 	 882.216 	 1666.17 	 1551.67 	 0.535627 	 1460.45 	 1694.26 	 504.858 	 0.303004 	 45 	 45 	 193.933 	 34.7212 	 1 	 0 	 0 	 NaN 	 NaN 	 NaN 	 NaN 	 45 	 45 	 45 	 0 	 149.216 	 -3.47302 	 24.7849 	 0.116676 	 212.426 	 474 	 831 	 239.304 	 135.821 	 3 	 2099.98 	 0.328276 	 40.6599 	 17.2363 	 27.2964 	 10.7833 	 368 	 29 	 158 	 183.442 	  Tumour 
44 	 902.051 	 953.424 	 1098.12 	 113.146 	 5257 	 95.2299 	 70.5282 	 0.671936 	 0.978047 	 281.078 	 1654.58 	 556.758 	 0.336494 	 1141.24 	 1502.78 	 6971 	 0.957423 	 343.279 	 806.506 	 1456.9 	 1342.39 	 0.388889 	 1385.07 	 1449.52 	 539.613 	 0.370385 	 45 	 45 	 187.711 	 28.499 	 1 	 0 	 0 	 NaN 	 NaN 	 NaN 	 NaN 	 45 	 45 	 45 	 0 	 157.316 	 -43.5999 	 44.8973 	 0.203592 	 220.526 	 400 	 1172 	 222.96 	 119.477 	 2 	 268.789 	 0.0511298 	 52.6336 	 52.6336 	 52.6336 	 0 	 202 	 198 	 200 	 2.82843 	  Tumour 
45 	 977.308 	 997.465 	 1183.57 	 198.346 	 5084 	 92.3146 	 70.4669 	 0.646004 	 0.96654 	 278.836 	 1813.79 	 745.581 	 0.411063 	 1325.71 	 1661.98 	 7478 	 0.936741 	 371.463 	 1071.07 	 1642.31 	 1527.8 	 0.123839 	 1179.78 	 1663.55 	 589.48 	 0.358934 	 0 	 0 	 NaN 	 NaN 	 0 	 0 	 0 	 NaN 	 NaN 	 NaN 	 NaN 	 0 	 0 	 NaN 	 NaN 	 168.92 	 -21.6948 	 43.25 	 0.186318 	 232.13 	 325 	 605 	 249.948 	 146.465 	 2 	 218.11 	 0.0429013 	 23.6968 	 23.6968 	 23.6968 	 0 	 193 	 132 	 162.5 	 43.1335 	  Tumour 
46 	 974.266 	 208.127 	 895.181 	 242.052 	 4168 	 89.3906 	 59.658 	 0.744712 	 0.965485 	 263.664 	 1161.54 	 374.313 	 0.322257 	 774.619 	 1009.73 	 9363 	 0.900635 	 449.061 	 992.667 	 1677.21 	 1562.71 	 0.066838 	 1245.42 	 1668.36 	 495.378 	 0.295359 	 45 	 45 	 182.067 	 22.8545 	 1 	 0 	 0 	 NaN 	 NaN 	 NaN 	 NaN 	 45 	 45 	 45 	 0 	 96.5936 	 -8.23647 	 26.0517 	 0.163023 	 159.803 	 257 	 389 	 171.241 	 67.7582 	 2 	 358.05 	 0.0859044 	 12.3364 	 12.3364 	 12.3364 	 0 	 212 	 45 	 128.5 	 118.087 	  Tumour 
47 	 994.986 	 329.653 	 921.885 	 118.903 	 6564 	 98.4055 	 85.0273 	 0.503405 	 0.985882 	 308.291 	 1316.31 	 291.211 	 0.221232 	 930.967 	 1164.51 	 19006 	 0.979337 	 547.546 	 613.878 	 1046.69 	 932.19 	 0.0185567 	 1394.11 	 1042.71 	 427.628 	 0.408551 	 90 	 500 	 163.856 	 4.64343 	 2 	 935.93 	 0.142585 	 61.4003 	 61.4003 	 61.4003 	 0 	 45 	 45 	 45 	 0 	 57.3482 	 -12.6842 	 17.0038 	 0.141042 	 120.558 	 662 	 1398 	 207.891 	 104.408 	 3 	 1398.95 	 0.213124 	 46.4443 	 16.1367 	 25.2965 	 10.2796 	 285 	 45 	 132.4 	 119.029 	  Tumour 
48 	 1012.14 	 652.031 	 1025.65 	 209.955 	 3865 	 71.4198 	 69.4165 	 0.235187 	 0.966008 	 243.179 	 1048.16 	 279.246 	 0.266415 	 679.492 	 896.36 	 9405 	 0.908257 	 471.789 	 957.961 	 1252.78 	 1138.27 	 0.0710784 	 1307.07 	 1240.77 	 443.346 	 0.35389 	 45 	 45 	 126.178 	 -33.0343 	 1 	 0 	 0 	 NaN 	 NaN 	 NaN 	 NaN 	 45 	 45 	 45 	 0 	 71.2131 	 -0.275989 	 15.4413 	 0.114871 	 134.423 	 223 	 340 	 165.139 	 61.656 	 2 	 1337.37 	 0.346021 	 14.0238 	 14.0238 	 14.0238 	 0 	 183 	 40 	 111.5 	 101.116 	  Tumour 
49 	 1031.61 	 443.027 	 937.134 	 105.076 	 2614 	 65.465 	 52.725 	 0.592742 	 0.942661 	 214.167 	 611.578 	 185.391 	 0.303135 	 323.377 	 459.775 	 4000 	 0.905387 	 285.522 	 780.062 	 951.49 	 836.987 	 0.0401606 	 1031.1 	 938.455 	 339.52 	 0.356829 	 0 	 0 	 NaN 	 NaN 	 0 	 0 	 0 	 NaN 	 NaN 	 NaN 	 NaN 	 0 	 0 	 NaN 	 NaN 	 60.8408 	 3.92457 	 12.8847 	 0.103866 	 124.05 	 0 	 0 	 NaN 	 NaN 	 0 	 0 	 0 	 NaN 	 NaN 	 NaN 	 NaN 	 0 	 0 	 NaN 	 NaN 	  Other 
50 	 1046.7 	 547.092 	 1019.84 	 105.076 	 5732 	 106.518 	 69.1403 	 0.760708 	 0.958048 	 319.948 	 1130.6 	 281.585 	 0.249059 	 738.019 	 978.793 	 22236 	 0.955073 	 622.434 	 660.126 	 1253.37 	 1138.86 	 0.0790861 	 763.533 	 1262.89 	 509.531 	 0.40653 	 0 	 0 	 NaN 	 NaN 	 0 	 0 	 0 	 NaN 	 NaN 	 NaN 	 NaN 	 0 	 0 	 NaN 	 NaN 	 78.1942 	 0.720485 	 23.5724 	 0.166703 	 141.404 	 45 	 45 	 122.267 	 18.7836 	 1 	 0 	 0 	 NaN 	 NaN 	 NaN 	 NaN 	 45 	 45 	 45 	 0 	  Tumour 
51 	 1040.48 	 769.036 	 1103.8 	 240.204 	 5414 	 86.831 	 79.6303 	 0.39872 	 0.985259 	 276.936 	 1174.96 	 226.945 	 0.193151 	 827.065 	 1023.16 	 16012 	 0.981007 	 485.529 	 614.986 	 1156.28 	 1041.78 	 0 	 0 	 1158.35 	 400.222 	 0.346129 	 45 	 45 	 162.889 	 3.67677 	 1 	 0 	 0 	 NaN 	 NaN 	 NaN 	 NaN 	 45 	 45 	 45 	 0 	 69.884 	 -20.9792 	 15.0716 	 0.113241 	 133.094 	 412 	 848 	 186.536 	 83.0534 	 4 	 1224.59 	 0.22619 	 29.6138 	 11.1379 	 19.4257 	 6.45143 	 156 	 30 	 103 	 54.5161 	  Tumour 
52 	 1206.28 	 541.417 	 1170.19 	 199.7 	 10353 	 121.649 	 108.653 	 0.449715 	 0.985437 	 386.333 	 1297.12 	 420.246 	 0.323983 	 917.203 	 1145.32 	 19976 	 0.9923 	 533.387 	 734.931 	 1610.55 	 1496.05 	 0 	 0 	 0 	 792.209 	 0.491886 	 0 	 0 	 NaN 	 NaN 	 0 	 0 	 0 	 NaN 	 NaN 	 NaN 	 NaN 	 0 	 0 	 NaN 	 NaN 	 86.3604 	 22.3875 	 55.3839 	 0.370287 	 149.57 	 351 	 797 	 146.345 	 42.8617 	 3 	 3122.44 	 0.301597 	 31.2328 	 15.8481 	 21.6369 	 7.48557 	 237 	 56 	 117 	 103.928 	  Tumour 
53 	 1213.72 	 698.553 	 1229.62 	 109.202 	 4273 	 77.3379 	 71.2729 	 0.388193 	 0.96565 	 257.522 	 870.191 	 239.433 	 0.27515 	 535.923 	 718.388 	 17553 	 0.954279 	 537.688 	 953.501 	 1538.71 	 1424.21 	 0 	 0 	 1539.95 	 389.96 	 0.253433 	 0 	 0 	 NaN 	 NaN 	 0 	 0 	 0 	 NaN 	 NaN 	 NaN 	 NaN 	 0 	 0 	 NaN 	 NaN 	 80.7688 	 5.64647 	 21.1234 	 0.146712 	 143.978 	 0 	 0 	 NaN 	 NaN 	 0 	 0 	 0 	 NaN 	 NaN 	 NaN 	 NaN 	 0 	 0 	 NaN 	 NaN 	  Tumour 
54 	 1228.28 	 308.262 	 1151.92 	 237.994 	 5482 	 96.4591 	 72.5894 	 0.658545 	 0.973194 	 289.463 	 1291.51 	 370.584 	 0.286939 	 891.705 	 1139.7 	 16437 	 0.883567 	 617.144 	 800.588 	 1580.34 	 1465.83 	 0.132597 	 2055.19 	 1514.34 	 734.757 	 0.464938 	 32 	 33 	 181.438 	 22.2254 	 1 	 0 	 0 	 NaN 	 NaN 	 NaN 	 NaN 	 32 	 32 	 32 	 0 	 76.4063 	 -8.13654 	 25.9081 	 0.185567 	 139.616 	 149 	 195 	 166.403 	 62.9196 	 2 	 968.549 	 0.176678 	 13.563 	 13.563 	 13.563 	 0 	 83 	 66 	 74.5 	 12.0208 	  Tumour 
55 	 1221.62 	 885.928 	 1319.87 	 184.548 	 2907 	 67.9896 	 54.6716 	 0.594472 	 0.96131 	 212.794 	 1000.14 	 264.076 	 0.264039 	 636.827 	 848.335 	 9773 	 0.850196 	 483.789 	 1220.12 	 2304.09 	 2189.58 	 0.238095 	 2668.36 	 2215.22 	 648.464 	 0.281441 	 0 	 0 	 0 	 -159.212 	 0 	 0 	 0 	 NaN 	 NaN 	 NaN 	 NaN 	 0 	 0 	 NaN 	 NaN 	 89.9444 	 0.576564 	 14.6604 	 0.0957232 	 153.154 	 0 	 0 	 NaN 	 NaN 	 0 	 0 	 0 	 NaN 	 NaN 	 NaN 	 NaN 	 0 	 0 	 NaN 	 NaN 	  Tumour 
56 	 1229.48 	 386.186 	 1161.08 	 205.08 	 4032 	 85.8142 	 60.0704 	 0.714138 	 0.974148 	 249.865 	 1159.13 	 300.498 	 0.259244 	 784.679 	 1007.33 	 14602 	 0.901692 	 542.558 	 808.35 	 1117.15 	 1002.65 	 0.202991 	 1920.21 	 1026.3 	 623.305 	 0.557943 	 0 	 0 	 0 	 -159.212 	 0 	 0 	 0 	 NaN 	 NaN 	 NaN 	 NaN 	 0 	 0 	 NaN 	 NaN 	 104.005 	 -1.90689 	 31.2963 	 0.187163 	 167.215 	 63 	 64 	 147.302 	 43.8185 	 1 	 0 	 0 	 NaN 	 NaN 	 NaN 	 NaN 	 63 	 63 	 63 	 0 	  Tumour 
57 	 1294.72 	 950.165 	 1415.21 	 222.299 	 5919 	 107.468 	 71.3648 	 0.747683 	 0.95622 	 306.936 	 1978.42 	 815.51 	 0.412202 	 1502.91 	 1826.62 	 6656 	 0.919845 	 367.12 	 1187.06 	 1860.06 	 1745.56 	 0.507886 	 1869.8 	 1833.66 	 697.455 	 0.374964 	 0 	 0 	 0 	 -159.212 	 0 	 0 	 0 	 NaN 	 NaN 	 NaN 	 NaN 	 0 	 0 	 NaN 	 NaN 	 142.812 	 16.0899 	 26.526 	 0.128754 	 206.022 	 418 	 871 	 249.962 	 146.479 	 4 	 2582.39 	 0.436287 	 39.544 	 10.1749 	 24.189 	 11.2396 	 200 	 45 	 104.5 	 66.6158 	  Tumour 
58 	 1308.46 	 1010.56 	 1458.31 	 282.214 	 4506 	 106.522 	 54.5475 	 0.85894 	 0.950432 	 283.865 	 1928.09 	 822.413 	 0.426543 	 1253.54 	 1776.29 	 5955 	 0.935585 	 386.392 	 922.049 	 1267.38 	 1152.88 	 0.270588 	 1146.87 	 1327.39 	 545.689 	 0.430564 	 0 	 0 	 0 	 -159.212 	 0 	 0 	 0 	 NaN 	 NaN 	 NaN 	 NaN 	 0 	 0 	 NaN 	 NaN 	 170.335 	 10.0703 	 27.8752 	 0.119357 	 233.545 	 333 	 492 	 248.841 	 145.358 	 2 	 411.473 	 0.0913167 	 17.886 	 17.886 	 17.886 	 0 	 202 	 131 	 166.5 	 50.2046 	  Tumour 
59 	 1307.19 	 825.395 	 1366.3 	 96.7471 	 4896 	 87.9471 	 71.2631 	 0.586022 	 0.961131 	 280.007 	 908.273 	 202.876 	 0.223365 	 558.578 	 756.47 	 12004 	 0.953531 	 464.174 	 951.408 	 1433.22 	 1318.72 	 0.220253 	 1697.23 	 1397.85 	 680.177 	 0.474579 	 0 	 0 	 0 	 -159.212 	 0 	 0 	 0 	 NaN 	 NaN 	 NaN 	 NaN 	 0 	 0 	 NaN 	 NaN 	 84.7346 	 -4.11785 	 25.6792 	 0.173574 	 147.944 	 332 	 538 	 161.355 	 57.8724 	 3 	 2444.23 	 0.49923 	 19.6032 	 15.1524 	 16.7954 	 2.1854 	 177 	 45 	 110.667 	 66.0025 	  Tumour 
60 	 1318.72 	 729.345 	 1322.21 	 96.7471 	 2181 	 61.7606 	 45.9099 	 0.6689 	 0.943339 	 196.208 	 805.695 	 126.195 	 0.156629 	 359.08 	 653.892 	 10723 	 0.948602 	 452.032 	 779.959 	 1289.67 	 1175.16 	 0.152455 	 1437.12 	 1277.03 	 742.656 	 0.575851 	 0 	 0 	 0 	 -159.212 	 0 	 0 	 0 	 NaN 	 NaN 	 NaN 	 NaN 	 0 	 0 	 NaN 	 NaN 	 77.1168 	 -12.9983 	 20.3834 	 0.145257 	 140.326 	 93 	 137 	 146.785 	 43.3019 	 2 	 1476.64 	 0.677049 	 8.60509 	 8.60509 	 8.60509 	 0 	 57 	 36 	 46.5 	 14.8492 	  Other 
