rownames 	XLoc 	YLoc 	NNDistSame 	NNDistOpp 	dapi_Area 	dapi_MajorAxisLength 	dapi_MinorAxisLength 	dapi_Eccentricity 	dapi_Solidity 	dapi_Perimeter 	dapi_MeanIntensity 	dapi_PixelSD 	dapi_PixelCV 	dapi_NucAdjustedInt 	dapi_BackAdjustedInt 	memb_Area 	memb_Solidity 	memb_Perimeter 	memb_MeanIntensity 	memb_MembraneIntensity 	memb_temp 	memb_pcTouch 	memb_OverLapIntensity 	memb_nonLapIntensity 	memb_PixelSD 	memb_PixelCV 	cent_Area 	cent_ConvexArea 	cent_MeanIntensity 	cent_BackAdjustedInt 	cent_CN 	cent_AreaSD 	cent_CoeffVar 	cent_MaxSpotDist 	cent_MinSpotDist 	cent_MeanSpotDist 	cent_SDSpotDist 	cent_SpotAreaMax 	cent_SpotAreaMin 	cent_SpotAreaMean 	cent_SpotAreaSD 	nucl_BackgroundAdjust 	nucl_NuclearAdjustedInt 	nucl_PixelSD 	nucl_PixelCV 	nucl_MeanIntensity 	Her2_Area 	Her2_ConvexArea 	Her2_MeanIntensity 	Her2_BackAdjustedInt 	Her2_CN 	Her2_AreaSD 	Her2_CoeffVar 	Her2_MaxSpotDist 	Her2_MinSpotDist 	Her2_MeanSpotDist 	Her2_SDSpotDist 	Her2_SpotAreaMax 	Her2_SpotAreaMin 	Her2_SpotAreaMean 	Her2_SpotAreaSD 	CellLabels 	
1 	 44.3432 	 982.771 	 122.613 	 267.507 	 3849 	 78.456 	 63.5035 	 0.587236 	 0.982138 	 238.409 	 916.353 	 185.731 	 0.202685 	 -33.3361 	 709.547 	 4538 	 0.979918 	 258.167 	 258.152 	 296.83 	 141.63 	 0 	 0 	 0 	 33.3032 	 0.112196 	 45 	 45 	 131.156 	 -49.9304 	 1 	 0 	 0 	 NaN 	 NaN 	 NaN 	 NaN 	 45 	 45 	 45 	 0 	 37.6312 	 -68.4183 	 14.476 	 0.133027 	 108.82 	 26 	 26 	 98.5385 	 -36.0458 	 1 	 0 	 0 	 NaN 	 NaN 	 NaN 	 NaN 	 26 	 26 	 26 	 0 	  DCIS 
2 	 98.3103 	 721.184 	 123.491 	 191.88 	 12825 	 138.771 	 117.93 	 0.52708 	 0.990195 	 425.789 	 1023.88 	 319.174 	 0.31173 	 122.945 	 817.075 	 19020 	 0.964259 	 566.316 	 586.168 	 826.363 	 671.162 	 0.0872211 	 833.512 	 815.457 	 224.428 	 0.271586 	 243 	 2585 	 205.292 	 24.2062 	 6 	 2886.02 	 0.225031 	 79.9063 	 15.0333 	 49.2142 	 23.8069 	 45 	 23 	 40.5 	 8.71206 	 498.228 	 173.475 	 119.809 	 0.210407 	 569.417 	 587 	 6135 	 153.819 	 19.2352 	 12 	 1842.77 	 0.143686 	 113.56 	 9.24074 	 54.7661 	 26.2219 	 80 	 23 	 48.9167 	 16.6431 	  Tumour 
3 	 99.1226 	 94.1202 	 101.242 	 480.651 	 3419 	 102.548 	 43.7231 	 0.90455 	 0.937483 	 268.551 	 1441.23 	 392.679 	 0.272461 	 465.394 	 1234.42 	 7149 	 0.792396 	 486.032 	 502.963 	 523.34 	 368.14 	 0 	 0 	 0 	 117.991 	 0.225457 	 0 	 0 	 NaN 	 NaN 	 0 	 0 	 0 	 NaN 	 NaN 	 NaN 	 NaN 	 0 	 0 	 NaN 	 NaN 	 48.5284 	 -136.794 	 15.9242 	 0.133015 	 119.717 	 92 	 254 	 120.63 	 -13.9538 	 2 	 1676.2 	 0.490259 	 24.8759 	 24.8759 	 24.8759 	 0 	 63 	 29 	 46 	 24.0416 	  DCIS 
4 	 87.0877 	 320.34 	 664.393 	 256.681 	 2462 	 72.3489 	 45.3946 	 0.778665 	 0.918314 	 209.238 	 1063.55 	 194.836 	 0.183194 	 46.0994 	 856.745 	 2930 	 0.913342 	 227.095 	 270.743 	 289.781 	 134.58 	 0.263682 	 299.358 	 287.164 	 56.6634 	 0.195539 	 0 	 0 	 NaN 	 NaN 	 0 	 0 	 0 	 NaN 	 NaN 	 NaN 	 NaN 	 0 	 0 	 NaN 	 NaN 	 32.0243 	 -24.6703 	 14.2156 	 0.137731 	 103.213 	 0 	 0 	 NaN 	 NaN 	 0 	 0 	 0 	 NaN 	 NaN 	 NaN 	 NaN 	 0 	 0 	 NaN 	 NaN 	  DCIS 
5 	 105.583 	 195.239 	 790.435 	 379.427 	 3686 	 86.5719 	 54.8067 	 0.774088 	 0.969745 	 247.238 	 1656.84 	 414.013 	 0.249881 	 502.253 	 1450.03 	 4550 	 0.944179 	 283.966 	 495.509 	 522.972 	 367.771 	 0 	 0 	 0 	 192.734 	 0.368536 	 45 	 45 	 195.756 	 14.6696 	 1 	 0 	 0 	 NaN 	 NaN 	 NaN 	 NaN 	 45 	 45 	 45 	 0 	 77.0942 	 -51.9438 	 15.3042 	 0.10321 	 148.283 	 108 	 224 	 129.509 	 -5.07501 	 2 	 1787.2 	 0.484861 	 17.9875 	 17.9875 	 17.9875 	 0 	 74 	 34 	 54 	 28.2843 	  DCIS 
6 	 124.198 	 573.987 	 104.809 	 150.207 	 8865 	 120.751 	 96.3656 	 0.602587 	 0.956104 	 413.144 	 1025.55 	 147.001 	 0.143339 	 318.632 	 818.742 	 10639 	 0.898716 	 506.115 	 619.332 	 748.433 	 593.233 	 0.168618 	 777.778 	 743.597 	 196.953 	 0.263153 	 91 	 501 	 204.44 	 23.3536 	 2 	 1973.67 	 0.222636 	 58.3097 	 58.3097 	 58.3097 	 0 	 46 	 45 	 45.5 	 0.707107 	 236.289 	 11.9014 	 59.8154 	 0.194536 	 307.477 	 314 	 2793 	 137.79 	 3.20554 	 6 	 2248 	 0.253581 	 66.2864 	 15.1077 	 43.5604 	 16.5716 	 73 	 33 	 52.3333 	 15.7438 	  Tumour 
7 	 105.075 	 424.58 	 561.324 	 150.207 	 2862 	 67.7721 	 54.9256 	 0.585814 	 0.963961 	 210.995 	 1369.15 	 253.347 	 0.18504 	 292.667 	 1162.34 	 3353 	 0.969075 	 231.238 	 465.153 	 484.642 	 329.441 	 0.208955 	 494.976 	 484.281 	 34.5107 	 0.0712088 	 0 	 0 	 NaN 	 NaN 	 0 	 0 	 0 	 NaN 	 NaN 	 NaN 	 NaN 	 0 	 0 	 NaN 	 NaN 	 99.8325 	 -36.8602 	 13.115 	 0.0766866 	 171.021 	 0 	 0 	 NaN 	 NaN 	 0 	 0 	 0 	 NaN 	 NaN 	 NaN 	 NaN 	 0 	 0 	 NaN 	 NaN 	  DCIS 
8 	 148.716 	 313.973 	 677.19 	 261.199 	 4210 	 107.322 	 50.7781 	 0.880987 	 0.933481 	 288.108 	 1463.25 	 392.699 	 0.268375 	 628.02 	 1256.44 	 4983 	 0.937888 	 305.966 	 365.979 	 379.147 	 223.946 	 0.319853 	 333.517 	 387.954 	 64.9053 	 0.171188 	 50 	 55 	 214.48 	 33.3941 	 1 	 0 	 0 	 NaN 	 NaN 	 NaN 	 NaN 	 50 	 50 	 50 	 0 	 47.2856 	 0.719109 	 10.8603 	 0.0916678 	 118.474 	 110 	 617 	 111.573 	 -23.0115 	 3 	 1023.72 	 0.243165 	 33.2348 	 23.9861 	 27.2576 	 4.63679 	 47 	 28 	 36.6667 	 9.60902 	  DCIS 
9 	 141.485 	 907.586 	 122.613 	 159.211 	 1999 	 58.4751 	 44.5211 	 0.648318 	 0.977506 	 176.711 	 1077.38 	 185.997 	 0.172638 	 330.161 	 870.575 	 2488 	 0.977603 	 194.711 	 347.153 	 364.333 	 209.133 	 0 	 0 	 0 	 34.7038 	 0.0952528 	 0 	 0 	 NaN 	 NaN 	 0 	 0 	 0 	 NaN 	 NaN 	 NaN 	 NaN 	 0 	 0 	 NaN 	 NaN 	 73.6109 	 1.67272 	 10.4876 	 0.0724283 	 144.799 	 67 	 138 	 114.731 	 -19.8529 	 2 	 188.123 	 0.0941086 	 13.6767 	 13.6767 	 13.6767 	 0 	 41 	 26 	 33.5 	 10.6066 	  DCIS 
10 	 163.113 	 397.453 	 597.961 	 181.246 	 3103 	 84.178 	 49.6072 	 0.807904 	 0.929877 	 251.279 	 1482.89 	 400.172 	 0.269859 	 454.925 	 1276.09 	 3657 	 0.919306 	 281.421 	 429.302 	 446.683 	 291.483 	 0.529167 	 427.638 	 454.406 	 66.3901 	 0.148629 	 0 	 0 	 NaN 	 NaN 	 0 	 0 	 0 	 NaN 	 NaN 	 NaN 	 NaN 	 0 	 0 	 NaN 	 NaN 	 78.3384 	 5.31369 	 14.6216 	 0.0977855 	 149.527 	 0 	 0 	 NaN 	 NaN 	 0 	 0 	 0 	 NaN 	 NaN 	 NaN 	 NaN 	 0 	 0 	 NaN 	 NaN 	  DCIS 
11 	 198.578 	 239.946 	 758.995 	 334.701 	 3021 	 81.9678 	 47.6752 	 0.813451 	 0.932407 	 238.108 	 1359.16 	 297.244 	 0.218697 	 573.645 	 1152.35 	 3767 	 0.957793 	 256.309 	 325.326 	 358.576 	 203.375 	 0.147321 	 394.909 	 354.308 	 91.8306 	 0.256098 	 0 	 0 	 NaN 	 NaN 	 0 	 0 	 0 	 NaN 	 NaN 	 NaN 	 NaN 	 0 	 0 	 NaN 	 NaN 	 48.6314 	 -17.7399 	 19.7107 	 0.164502 	 119.82 	 6 	 6 	 100.167 	 -34.4176 	 1 	 0 	 0 	 NaN 	 NaN 	 NaN 	 NaN 	 6 	 6 	 6 	 0 	  DCIS 
12 	 200.294 	 432.816 	 571.696 	 153.834 	 2408 	 72.866 	 43.3411 	 0.80387 	 0.919084 	 220.066 	 1135.26 	 221.494 	 0.195104 	 557.099 	 928.452 	 4387 	 0.741548 	 422.233 	 531.835 	 548.945 	 393.744 	 0.29863 	 520.651 	 556.511 	 187.854 	 0.34221 	 0 	 0 	 NaN 	 NaN 	 0 	 0 	 0 	 NaN 	 NaN 	 NaN 	 NaN 	 0 	 0 	 NaN 	 NaN 	 81.4294 	 -9.07552 	 28.1999 	 0.184774 	 152.618 	 67 	 69 	 115.821 	 -18.7634 	 1 	 0 	 0 	 NaN 	 NaN 	 NaN 	 NaN 	 67 	 67 	 67 	 0 	  DCIS 
13 	 215.1 	 626.427 	 150.712 	 193.582 	 7630 	 118.246 	 83.1025 	 0.711396 	 0.935278 	 366.919 	 1150.19 	 187.573 	 0.16308 	 499.772 	 943.385 	 11001 	 0.875109 	 505.931 	 558.579 	 765.662 	 610.461 	 0.415525 	 712.143 	 775.967 	 149.592 	 0.195376 	 118 	 484 	 204.449 	 23.3632 	 3 	 1976.18 	 0.259001 	 42.8826 	 12.0502 	 29.3563 	 14.0961 	 45 	 28 	 39.3333 	 9.81495 	 389.882 	 81.1575 	 45.6973 	 0.0991113 	 461.071 	 287 	 1061 	 154.645 	 20.0603 	 6 	 1741.66 	 0.228265 	 59.5196 	 7.995 	 30.639 	 18.8148 	 95 	 24 	 47.8333 	 26.8434 	  Tumour 
14 	 213.164 	 765.648 	 123.491 	 159.211 	 4504 	 80.3524 	 71.7863 	 0.449274 	 0.983406 	 250.309 	 646.276 	 111.71 	 0.172852 	 300.188 	 439.47 	 6141 	 0.899385 	 365.605 	 738.928 	 709.521 	 554.32 	 0.140575 	 813.727 	 701.292 	 213.261 	 0.300571 	 0 	 0 	 NaN 	 NaN 	 0 	 0 	 0 	 NaN 	 NaN 	 NaN 	 NaN 	 0 	 0 	 NaN 	 NaN 	 161.21 	 19.3908 	 33.2389 	 0.143025 	 232.399 	 135 	 261 	 110.667 	 -23.9176 	 3 	 1699.27 	 0.377279 	 21.5407 	 11 	 14.8608 	 5.19516 	 45 	 45 	 45 	 0 	  Tumour 
15 	 234.031 	 372.736 	 638.905 	 197.203 	 4365 	 95.356 	 58.9283 	 0.786192 	 0.947266 	 277.38 	 1431.4 	 326.978 	 0.228431 	 882.641 	 1224.6 	 5234 	 0.957906 	 301.279 	 378.891 	 403.004 	 247.803 	 0.409091 	 379.824 	 410.031 	 52.3983 	 0.130019 	 45 	 45 	 184.956 	 3.86962 	 1 	 0 	 0 	 NaN 	 NaN 	 NaN 	 NaN 	 45 	 45 	 45 	 0 	 54.3302 	 -2.02786 	 11.9732 	 0.0953901 	 125.519 	 63 	 68 	 116.508 	 -18.0763 	 1 	 0 	 0 	 NaN 	 NaN 	 NaN 	 NaN 	 63 	 63 	 63 	 0 	  DCIS 
16 	 278.539 	 564.534 	 238.95 	 153.834 	 6179 	 106.206 	 75.1595 	 0.706538 	 0.977535 	 312.936 	 1129.72 	 180.412 	 0.159696 	 463.968 	 922.915 	 14400 	 0.874529 	 633.026 	 591.226 	 805.514 	 650.313 	 0.387978 	 784.235 	 804.054 	 252.892 	 0.313951 	 108 	 1790 	 217.111 	 36.0252 	 3 	 308.527 	 0.0499316 	 73.5744 	 39.7437 	 57.2969 	 15.1618 	 45 	 27 	 36 	 9 	 345.717 	 79.9919 	 43.6377 	 0.10467 	 416.906 	 507 	 3116 	 144.118 	 9.53407 	 11 	 1076.58 	 0.174232 	 78.3809 	 10.5546 	 37.9796 	 17.1088 	 84 	 24 	 46.0909 	 16.6039 	  Tumour 
17 	 345.776 	 221.618 	 818.734 	 291.431 	 3189 	 80.1375 	 51.0884 	 0.770443 	 0.963735 	 225.966 	 1704.41 	 493.99 	 0.28983 	 959.858 	 1497.6 	 3764 	 0.950265 	 248.551 	 414.573 	 437.35 	 282.15 	 0.266355 	 476.053 	 430.254 	 62.9165 	 0.143858 	 45 	 45 	 213.533 	 32.4474 	 1 	 0 	 0 	 NaN 	 NaN 	 NaN 	 NaN 	 45 	 45 	 45 	 0 	 48.3483 	 -1.30141 	 11.7368 	 0.0981854 	 119.537 	 82 	 279 	 116.939 	 -17.6452 	 2 	 245.818 	 0.077083 	 30.7057 	 30.7057 	 30.7057 	 0 	 43 	 39 	 41 	 2.82843 	  DCIS 
18 	 355.698 	 46.4289 	 987.579 	 464.284 	 4262 	 82.4805 	 66.4313 	 0.592707 	 0.977523 	 257.38 	 1418.96 	 360.774 	 0.254252 	 783.588 	 1212.15 	 5002 	 0.976572 	 272.409 	 342.49 	 332.247 	 177.046 	 0 	 0 	 0 	 116.12 	 0.3495 	 0 	 0 	 NaN 	 NaN 	 0 	 0 	 0 	 NaN 	 NaN 	 NaN 	 NaN 	 0 	 0 	 NaN 	 NaN 	 58.2796 	 3.56555 	 29.0202 	 0.22415 	 129.468 	 59 	 64 	 124.407 	 -10.1775 	 1 	 0 	 0 	 NaN 	 NaN 	 NaN 	 NaN 	 59 	 59 	 59 	 0 	  DCIS 
19 	 402.449 	 508.301 	 371.194 	 181.797 	 15663 	 152.864 	 130.987 	 0.515502 	 0.987579 	 481.103 	 1445.65 	 297.983 	 0.206125 	 936.32 	 1238.84 	 24595 	 0.921713 	 719.696 	 646.868 	 959.386 	 804.186 	 0.225859 	 820.812 	 973.298 	 321.397 	 0.335003 	 947 	 6422 	 223.13 	 42.0439 	 19 	 3883.18 	 0.24792 	 113.437 	 9.53297 	 48.2774 	 23.4716 	 85 	 28 	 49.8421 	 15.5894 	 414.151 	 83.7805 	 70.3411 	 0.144932 	 485.339 	 1259 	 8905 	 165.687 	 31.1028 	 20 	 3185.21 	 0.203359 	 113.256 	 10.8236 	 54.8176 	 24.4835 	 147 	 28 	 62.95 	 34.3855 	  Tumour 
20 	 394.103 	 151.317 	 902.621 	 357.09 	 5561 	 112.443 	 64.2095 	 0.820923 	 0.945909 	 316.877 	 1613.4 	 462.732 	 0.286806 	 1015.64 	 1406.59 	 6178 	 0.850144 	 367.505 	 510.661 	 451.141 	 295.94 	 0.455128 	 496.655 	 434.103 	 126.45 	 0.280289 	 45 	 45 	 233.689 	 52.603 	 1 	 0 	 0 	 NaN 	 NaN 	 NaN 	 NaN 	 45 	 45 	 45 	 0 	 105.029 	 40.4262 	 33.1354 	 0.188037 	 176.218 	 87 	 279 	 131.437 	 -3.14749 	 2 	 482.973 	 0.0868501 	 30.9512 	 30.9512 	 30.9512 	 0 	 52 	 35 	 43.5 	 12.0208 	  DCIS 
21 	 377.671 	 310.958 	 750.427 	 198.457 	 4040 	 80.2888 	 65.2078 	 0.583427 	 0.943925 	 262.25 	 1412.98 	 399.614 	 0.282816 	 821.847 	 1206.18 	 5164 	 0.929613 	 301.078 	 439.896 	 474.143 	 318.943 	 0.209302 	 476.019 	 472.78 	 101.775 	 0.21465 	 0 	 0 	 NaN 	 NaN 	 0 	 0 	 0 	 NaN 	 NaN 	 NaN 	 NaN 	 0 	 0 	 NaN 	 NaN 	 68.1679 	 2.28624 	 15.1383 	 0.10863 	 139.356 	 64 	 64 	 136.016 	 1.43136 	 1 	 0 	 0 	 NaN 	 NaN 	 NaN 	 NaN 	 64 	 64 	 64 	 0 	  DCIS 
22 	 406.765 	 699.933 	 309.713 	 285.217 	 7473 	 118.417 	 81.1784 	 0.728042 	 0.963264 	 350.333 	 918.833 	 132.47 	 0.144172 	 440.35 	 712.027 	 17925 	 0.941538 	 612.825 	 649.17 	 792.177 	 636.977 	 0.0818713 	 851.31 	 784.988 	 268.064 	 0.338389 	 45 	 45 	 203.489 	 22.403 	 1 	 0 	 0 	 NaN 	 NaN 	 NaN 	 NaN 	 45 	 45 	 45 	 0 	 189.89 	 -13.7806 	 26.0852 	 0.0999134 	 261.078 	 274 	 2828 	 152.558 	 17.9741 	 5 	 2139.52 	 0.2863 	 84.3268 	 18.1046 	 50.5405 	 21.8674 	 139 	 30 	 54.8 	 47.2303 	  Tumour 
23 	 459.764 	 262.763 	 831.538 	 238.73 	 8588 	 160.939 	 73.5014 	 0.889619 	 0.917227 	 441.688 	 1703.16 	 571.061 	 0.335294 	 871.515 	 1496.36 	 10576 	 0.840165 	 552.014 	 501.532 	 495.534 	 340.333 	 0.478723 	 545.711 	 480.365 	 99.7761 	 0.201351 	 28 	 29 	 226.393 	 45.3069 	 1 	 0 	 0 	 NaN 	 NaN 	 NaN 	 NaN 	 28 	 28 	 28 	 0 	 71.6638 	 14.4996 	 18.2286 	 0.127605 	 142.852 	 236 	 1192 	 129.195 	 -5.38935 	 5 	 1478.2 	 0.172124 	 97.8917 	 11.5992 	 43.9267 	 25.1916 	 89 	 28 	 47.2 	 24.366 	  DCIS 
24 	 421.717 	 196.364 	 873.071 	 312.64 	 3002 	 84.925 	 48.0473 	 0.824569 	 0.888166 	 264.208 	 1794.6 	 510.183 	 0.284288 	 470.066 	 1587.79 	 4173 	 0.892429 	 304.291 	 638.876 	 625.714 	 470.513 	 0.941176 	 624.138 	 620.952 	 116.566 	 0.186292 	 0 	 0 	 NaN 	 NaN 	 0 	 0 	 0 	 NaN 	 NaN 	 NaN 	 NaN 	 0 	 0 	 NaN 	 NaN 	 95.5257 	 19.7121 	 19.385 	 0.116277 	 166.714 	 0 	 0 	 NaN 	 NaN 	 0 	 0 	 0 	 NaN 	 NaN 	 NaN 	 NaN 	 0 	 0 	 NaN 	 NaN 	  DCIS 
25 	 456.47 	 75.3125 	 997.1 	 412.369 	 4061 	 97.0262 	 63.1143 	 0.759517 	 0.793784 	 301.279 	 1543.88 	 444.665 	 0.288017 	 788.466 	 1337.08 	 4952 	 0.771099 	 340.593 	 343.699 	 353.383 	 198.183 	 0.376667 	 399.31 	 342.703 	 119.781 	 0.338954 	 45 	 45 	 190.822 	 9.73628 	 1 	 0 	 0 	 NaN 	 NaN 	 NaN 	 NaN 	 45 	 45 	 45 	 0 	 53.2995 	 1.36061 	 31.4944 	 0.252991 	 124.488 	 84 	 124 	 120 	 -14.5843 	 2 	 1231.47 	 0.303242 	 10.4196 	 10.4196 	 10.4196 	 0 	 58 	 26 	 42 	 22.6274 	  DCIS 
26 	 469.447 	 338.536 	 771.596 	 172.073 	 2500 	 78.2075 	 41.2132 	 0.849882 	 0.972006 	 209.622 	 1335.85 	 421.7 	 0.31568 	 825.516 	 1129.04 	 3096 	 0.969621 	 228.409 	 320.469 	 300.06 	 144.86 	 0.0753769 	 397.067 	 297.567 	 101.76 	 0.339131 	 47 	 49 	 152.809 	 -28.2774 	 1 	 0 	 0 	 NaN 	 NaN 	 NaN 	 NaN 	 47 	 47 	 47 	 0 	 52.9867 	 29.4844 	 12.596 	 0.101437 	 124.175 	 141 	 427 	 110.099 	 -24.485 	 3 	 417.613 	 0.167045 	 34.7527 	 11.463 	 23.9747 	 10.5017 	 55 	 39 	 47 	 8 	  DCIS 
27 	 489.326 	 165.623 	 930.33 	 315.636 	 2550 	 88.5809 	 37.3527 	 0.906745 	 0.916277 	 231.179 	 1559.86 	 456.03 	 0.292353 	 698.141 	 1353.06 	 3484 	 0.89517 	 276.836 	 619.375 	 589.698 	 434.497 	 0.361702 	 686.165 	 568.361 	 140.718 	 0.238627 	 0 	 0 	 NaN 	 NaN 	 0 	 0 	 0 	 NaN 	 NaN 	 NaN 	 NaN 	 0 	 0 	 NaN 	 NaN 	 98.9742 	 19.9927 	 33.5973 	 0.197442 	 170.163 	 30 	 30 	 127.567 	 -7.0176 	 1 	 0 	 0 	 NaN 	 NaN 	 NaN 	 NaN 	 30 	 30 	 30 	 0 	  DCIS 
28 	 497.298 	 606.353 	 415.242 	 268.464 	 7644 	 113.619 	 86.2537 	 0.650917 	 0.981006 	 336.777 	 902.451 	 188.073 	 0.208402 	 339.366 	 695.645 	 25912 	 0.903361 	 719.529 	 768.612 	 848.772 	 693.571 	 0.196875 	 857.238 	 852.391 	 236.975 	 0.279197 	 0 	 0 	 NaN 	 NaN 	 0 	 0 	 0 	 NaN 	 NaN 	 NaN 	 NaN 	 0 	 0 	 NaN 	 NaN 	 254.554 	 -16.5432 	 35.337 	 0.108481 	 325.743 	 229 	 2620 	 159.659 	 25.0751 	 6 	 2340.8 	 0.306227 	 79.3304 	 10.6528 	 43.9439 	 19.8654 	 45 	 26 	 38.1667 	 8.2805 	  Tumour 
29 	 502.549 	 42.1949 	 1046.98 	 432.65 	 3797 	 76.2929 	 63.6543 	 0.55125 	 0.970851 	 238.409 	 1886.09 	 455.621 	 0.241569 	 922.623 	 1679.28 	 4908 	 0.94023 	 292.593 	 518.68 	 539.425 	 384.224 	 0.337302 	 429.624 	 560.983 	 139.451 	 0.258518 	 90 	 336 	 220.911 	 39.8252 	 2 	 933.514 	 0.245856 	 37.855 	 37.855 	 37.855 	 0 	 45 	 45 	 45 	 0 	 99.5331 	 -20.049 	 37.5225 	 0.219788 	 170.722 	 82 	 88 	 136.707 	 2.12305 	 1 	 0 	 0 	 NaN 	 NaN 	 NaN 	 NaN 	 82 	 82 	 82 	 0 	  DCIS 
30 	 540.711 	 287.833 	 854.42 	 184.092 	 3492 	 116.49 	 38.9994 	 0.942293 	 0.922102 	 292.836 	 1285.59 	 322.659 	 0.250982 	 638.061 	 1078.78 	 4096 	 0.912859 	 310.836 	 373.658 	 374.317 	 219.116 	 0.567164 	 364.487 	 379.945 	 37.9407 	 0.10136 	 0 	 0 	 NaN 	 NaN 	 0 	 0 	 0 	 NaN 	 NaN 	 NaN 	 NaN 	 0 	 0 	 NaN 	 NaN 	 46.6915 	 9.05529 	 10.4601 	 0.0887356 	 117.88 	 106 	 280 	 112.453 	 -22.1314 	 2 	 680.237 	 0.194799 	 20.855 	 20.855 	 20.855 	 0 	 53 	 53 	 53 	 0 	  DCIS 
31 	 585.317 	 307.001 	 865.827 	 160.003 	 2417 	 131.259 	 24.8403 	 0.98193 	 0.871305 	 305.522 	 1169.98 	 304.828 	 0.260542 	 713.44 	 963.171 	 3291 	 0.900903 	 321.865 	 291.862 	 286.554 	 131.354 	 0.298246 	 340.447 	 278.233 	 79.1471 	 0.276203 	 45 	 45 	 149.644 	 -31.4415 	 1 	 0 	 0 	 NaN 	 NaN 	 NaN 	 NaN 	 45 	 45 	 45 	 0 	 47.0568 	 12.1701 	 18.0819 	 0.152918 	 118.245 	 0 	 0 	 NaN 	 NaN 	 0 	 0 	 0 	 NaN 	 NaN 	 NaN 	 NaN 	 0 	 0 	 NaN 	 NaN 	  Fib 
32 	 584.308 	 466.702 	 548.372 	 160.003 	 9339 	 126.457 	 97.081 	 0.640809 	 0.944956 	 415.487 	 1325.87 	 300.252 	 0.226457 	 746.12 	 1119.06 	 13211 	 0.946821 	 493.647 	 737.181 	 963.447 	 808.246 	 0.290323 	 910.206 	 975.85 	 235.404 	 0.244335 	 207 	 1351 	 228.348 	 47.2619 	 4 	 2654.43 	 0.284231 	 54.6213 	 14.8439 	 37.3574 	 16.0361 	 79 	 37 	 51.75 	 18.6078 	 509.24 	 141.796 	 133.638 	 0.23024 	 580.428 	 307 	 2329 	 161.352 	 26.7675 	 4 	 1905.67 	 0.204055 	 75.6839 	 27.7268 	 46.9492 	 15.6209 	 117 	 44 	 76.75 	 30.2916 	  Tumour 
33 	 599.759 	 910.057 	 560.772 	 279.1 	 1846 	 74.7437 	 32.0879 	 0.90316 	 0.956973 	 189.238 	 1057.95 	 174.381 	 0.16483 	 586.803 	 851.144 	 2422 	 0.969576 	 204.61 	 297.457 	 277.481 	 122.28 	 0 	 0 	 0 	 80.2143 	 0.289081 	 90 	 129 	 171.111 	 -9.97483 	 2 	 198.517 	 0.107539 	 12 	 12 	 12 	 0 	 45 	 45 	 45 	 0 	 87.8873 	 39.7072 	 21.2646 	 0.133676 	 159.076 	 122 	 167 	 123.508 	 -11.0761 	 2 	 131.761 	 0.0713766 	 12.3239 	 12.3239 	 12.3239 	 0 	 67 	 55 	 61 	 8.48528 	  DCIS 
34 	 638.476 	 227.447 	 961.443 	 220.554 	 3647 	 116.74 	 40.2209 	 0.938774 	 0.955212 	 286.593 	 1346.91 	 447.65 	 0.332352 	 798.301 	 1140.11 	 4441 	 0.955259 	 298.995 	 397.954 	 404.078 	 248.877 	 0 	 0 	 0 	 43.7648 	 0.108308 	 0 	 0 	 NaN 	 NaN 	 0 	 0 	 0 	 NaN 	 NaN 	 NaN 	 NaN 	 0 	 0 	 NaN 	 NaN 	 65.905 	 8.86337 	 13.7827 	 0.100535 	 137.094 	 105 	 169 	 121.429 	 -13.1557 	 2 	 220.147 	 0.0603638 	 14.0398 	 14.0398 	 14.0398 	 0 	 56 	 49 	 52.5 	 4.94975 	  DCIS 
35 	 627.29 	 630.648 	 536.601 	 266.008 	 3511 	 110.239 	 45.3767 	 0.911354 	 0.831793 	 297.463 	 1035.62 	 185.109 	 0.178742 	 515.051 	 828.813 	 4479 	 0.865675 	 349.664 	 826.703 	 997.267 	 842.066 	 0.429967 	 914.894 	 1009.97 	 265.981 	 0.26671 	 0 	 0 	 NaN 	 NaN 	 0 	 0 	 0 	 NaN 	 NaN 	 NaN 	 NaN 	 0 	 0 	 NaN 	 NaN 	 254.678 	 -28.661 	 50.0965 	 0.153733 	 325.866 	 11 	 19 	 126.545 	 -8.03882 	 2 	 1008.7 	 0.287298 	 4.33353 	 4.33353 	 4.33353 	 0 	 8 	 3 	 5.5 	 3.53553 	  Tumour 
36 	 669.324 	 77.7409 	 1099.84 	 348.543 	 5040 	 93.7276 	 71.4834 	 0.646786 	 0.911063 	 306.149 	 1503.32 	 461.212 	 0.306796 	 771.049 	 1296.51 	 6129 	 0.935582 	 332.392 	 453.09 	 439.629 	 284.429 	 0 	 0 	 0 	 117.317 	 0.266855 	 0 	 0 	 NaN 	 NaN 	 0 	 0 	 0 	 NaN 	 NaN 	 NaN 	 NaN 	 0 	 0 	 NaN 	 NaN 	 79.9859 	 21.4286 	 21.7609 	 0.143946 	 151.174 	 61 	 62 	 125.738 	 -8.84656 	 1 	 0 	 0 	 NaN 	 NaN 	 NaN 	 NaN 	 61 	 61 	 61 	 0 	  DCIS 
37 	 681.064 	 480.621 	 630.467 	 198.726 	 8677 	 106.433 	 104.919 	 0.16806 	 0.97692 	 358.191 	 1422.22 	 264.518 	 0.185989 	 864.197 	 1215.42 	 17603 	 0.926571 	 574.215 	 607.293 	 871.996 	 716.795 	 0.492032 	 925.538 	 849.387 	 227.699 	 0.261124 	 433 	 5336 	 208.783 	 27.697 	 10 	 1151.19 	 0.132672 	 94.7744 	 12.083 	 49.4603 	 20.9592 	 59 	 26 	 43.3 	 8.64163 	 560.368 	 121.403 	 78.6664 	 0.12456 	 631.556 	 557 	 5212 	 160.16 	 25.5755 	 13 	 1238.55 	 0.142739 	 85.2381 	 12.9129 	 45.9711 	 20.3208 	 80 	 3 	 42.8462 	 18.8231 	  Tumour 
38 	 703.715 	 651.456 	 610.03 	 210.231 	 8929 	 113.754 	 100.237 	 0.472803 	 0.985541 	 355.706 	 1133.12 	 173.111 	 0.152775 	 636.104 	 926.311 	 23522 	 0.948085 	 648.156 	 659.893 	 782.76 	 627.559 	 0.185053 	 882.154 	 768.374 	 330.88 	 0.42271 	 323 	 2713 	 206.858 	 25.7716 	 6 	 1908.55 	 0.213748 	 75.505 	 14.3962 	 44.4685 	 18.2679 	 86 	 44 	 53.8333 	 16.6303 	 530.312 	 190.835 	 93.4316 	 0.155331 	 601.501 	 502 	 3504 	 162.233 	 27.6488 	 8 	 2366.82 	 0.265071 	 74.7749 	 13.4719 	 42.9541 	 16.7793 	 171 	 33 	 62.75 	 46.7906 	  Tumour 
39 	 733.379 	 271.209 	 990.79 	 146.986 	 1456 	 84.4515 	 22.1918 	 0.964857 	 0.92798 	 199.924 	 1123.42 	 293.753 	 0.261482 	 637.948 	 916.61 	 2008 	 0.945386 	 210.125 	 332.572 	 312.106 	 156.905 	 0 	 0 	 0 	 104.587 	 0.3351 	 0 	 0 	 NaN 	 NaN 	 0 	 0 	 0 	 NaN 	 NaN 	 NaN 	 NaN 	 0 	 0 	 NaN 	 NaN 	 62.7572 	 25.2507 	 18.0783 	 0.134968 	 133.946 	 69 	 70 	 104.594 	 -29.9901 	 1 	 0 	 0 	 NaN 	 NaN 	 NaN 	 NaN 	 69 	 69 	 69 	 0 	  Fib 
40 	 750.036 	 417.077 	 719.389 	 146.986 	 7346 	 104.709 	 89.7911 	 0.514436 	 0.977772 	 334.191 	 1376.3 	 254.549 	 0.184953 	 817.585 	 1169.49 	 9016 	 0.945867 	 402.333 	 623.73 	 906.514 	 751.314 	 0.294798 	 941.637 	 895.541 	 167.309 	 0.184563 	 210 	 2105 	 226.167 	 45.0807 	 5 	 720.366 	 0.0980624 	 64.8558 	 17.8022 	 39.2465 	 16.0579 	 52 	 35 	 42 	 6.67083 	 584.172 	 121.529 	 56.8124 	 0.0866887 	 655.361 	 534 	 2258 	 172.783 	 38.1985 	 7 	 1172.62 	 0.159626 	 62.2543 	 13.1736 	 34.4638 	 14.0665 	 107 	 45 	 76.2857 	 25.818 	  Tumour 
41 	 785.269 	 845.381 	 753.741 	 210.231 	 2203 	 80.7111 	 35.6042 	 0.897442 	 0.904723 	 221.681 	 1463.02 	 383.833 	 0.262357 	 749.631 	 1256.21 	 2739 	 0.911784 	 240.368 	 244.991 	 237.211 	 82.0103 	 0.178899 	 253.615 	 235.033 	 85.7018 	 0.361289 	 48 	 51 	 154.604 	 -26.4818 	 1 	 0 	 0 	 NaN 	 NaN 	 NaN 	 NaN 	 48 	 48 	 48 	 0 	 60.7103 	 29.7936 	 24.6477 	 0.186868 	 131.899 	 66 	 160 	 118.424 	 -16.16 	 2 	 104.143 	 0.0472731 	 21.4088 	 21.4088 	 21.4088 	 0 	 58 	 8 	 33 	 35.3553 	  DCIS 
42 	 790.136 	 930.179 	 747.88 	 291.954 	 3155 	 79.4357 	 52.2034 	 0.753736 	 0.960426 	 232.894 	 1281.77 	 320.574 	 0.250103 	 690.138 	 1074.96 	 4140 	 0.930128 	 290.551 	 388.875 	 433.899 	 278.698 	 0.217899 	 349.571 	 444.405 	 100.568 	 0.231777 	 0 	 0 	 NaN 	 NaN 	 0 	 0 	 0 	 NaN 	 NaN 	 NaN 	 NaN 	 0 	 0 	 NaN 	 NaN 	 86.5262 	 -45.9561 	 28.1893 	 0.178736 	 157.715 	 74 	 285 	 117.635 	 -16.9491 	 2 	 1389.37 	 0.44037 	 33.1798 	 33.1798 	 33.1798 	 0 	 49 	 25 	 37 	 16.9706 	  DCIS 
43 	 791.739 	 518.513 	 722.8 	 254.922 	 4634 	 87.2877 	 68.5895 	 0.618498 	 0.946487 	 293.706 	 1000.81 	 158.849 	 0.158719 	 475.919 	 794.009 	 6009 	 0.873274 	 376.333 	 795.875 	 908.816 	 753.615 	 0.340625 	 955.459 	 898.216 	 185.072 	 0.203641 	 0 	 0 	 NaN 	 NaN 	 0 	 0 	 0 	 NaN 	 NaN 	 NaN 	 NaN 	 0 	 0 	 NaN 	 NaN 	 347.108 	 -30.6185 	 29.2545 	 0.0699373 	 418.297 	 106 	 702 	 135.349 	 0.764787 	 3 	 1012.4 	 0.218472 	 47.7905 	 15.2556 	 34.7634 	 15.3917 	 44 	 26 	 35.3333 	 9.0185 	  Tumour 
44 	 805.317 	 127.034 	 1145.36 	 288.522 	 4167 	 83.1328 	 64.3859 	 0.632581 	 0.977251 	 272.652 	 1721.58 	 357.192 	 0.20748 	 430.592 	 1514.77 	 4876 	 0.981481 	 266.752 	 297.522 	 287.054 	 131.854 	 0 	 0 	 288.864 	 64.9113 	 0.226129 	 45 	 45 	 165.711 	 -15.3748 	 1 	 0 	 0 	 NaN 	 NaN 	 NaN 	 NaN 	 45 	 45 	 45 	 0 	 52.398 	 6.18394 	 19.0901 	 0.154467 	 123.587 	 82 	 89 	 116.854 	 -17.7306 	 1 	 0 	 0 	 NaN 	 NaN 	 NaN 	 NaN 	 82 	 82 	 82 	 0 	  DCIS 
45 	 854.17 	 186.071 	 1136.36 	 223.323 	 4498 	 106.3 	 57.3671 	 0.841876 	 0.848679 	 332.208 	 1543.73 	 403.173 	 0.261168 	 638.439 	 1336.92 	 5061 	 0.940706 	 301.924 	 358.616 	 374.069 	 218.868 	 0.170909 	 432.149 	 369.252 	 93.9357 	 0.251119 	 0 	 0 	 NaN 	 NaN 	 0 	 0 	 0 	 NaN 	 NaN 	 NaN 	 NaN 	 0 	 0 	 NaN 	 NaN 	 88.0718 	 22.9123 	 28.47 	 0.178764 	 159.26 	 53 	 56 	 125.358 	 -9.22578 	 1 	 0 	 0 	 NaN 	 NaN 	 NaN 	 NaN 	 53 	 53 	 53 	 0 	  DCIS 
46 	 866.379 	 409.429 	 828.956 	 190.205 	 7764 	 110.451 	 90.1368 	 0.577937 	 0.97808 	 342.635 	 1549.11 	 384.788 	 0.248393 	 982.981 	 1342.31 	 11867 	 0.940556 	 472.434 	 641.31 	 767.232 	 612.031 	 0.389021 	 873.975 	 744.858 	 224.042 	 0.292013 	 467 	 2588 	 204.124 	 23.0383 	 7 	 1364.74 	 0.175778 	 70.0179 	 8.73212 	 39.7441 	 17.4898 	 111 	 45 	 66.7143 	 24.2055 	 674.689 	 112.434 	 62.1855 	 0.0833723 	 745.877 	 544 	 3042 	 169.833 	 35.2485 	 9 	 1285.65 	 0.165592 	 69.3208 	 12.2727 	 37.3349 	 15.4744 	 103 	 45 	 60.4444 	 20.959 	  Tumour 
47 	 846.101 	 938.109 	 803.261 	 320.208 	 2381 	 69.8713 	 47.6873 	 0.730884 	 0.852794 	 218.752 	 1455.35 	 363.163 	 0.249536 	 726.794 	 1248.55 	 3111 	 0.849768 	 264.551 	 403.4 	 442.628 	 287.427 	 0.242424 	 345.393 	 456.621 	 89.6436 	 0.202526 	 0 	 0 	 NaN 	 NaN 	 0 	 0 	 0 	 NaN 	 NaN 	 NaN 	 NaN 	 0 	 0 	 NaN 	 NaN 	 94.8195 	 -30.3772 	 22.8418 	 0.137595 	 166.008 	 124 	 325 	 129.919 	 -4.66491 	 2 	 259.107 	 0.108823 	 27.4575 	 27.4575 	 27.4575 	 0 	 77 	 47 	 62 	 21.2132 	  DCIS 
48 	 859.655 	 852.741 	 826.291 	 255.225 	 3433 	 76.1216 	 58.5331 	 0.639319 	 0.955735 	 233.581 	 1557.61 	 471.396 	 0.302641 	 830.117 	 1350.8 	 4092 	 0.964867 	 251.338 	 332.97 	 315.188 	 159.987 	 0.174107 	 252.051 	 321.768 	 114.132 	 0.362108 	 135 	 525 	 159.778 	 -21.3082 	 3 	 700.594 	 0.204076 	 42.9418 	 21.3776 	 29.2215 	 10.6641 	 45 	 45 	 45 	 0 	 81.293 	 14.7687 	 22.9198 	 0.150312 	 152.482 	 82 	 86 	 134.707 	 0.123047 	 1 	 0 	 0 	 NaN 	 NaN 	 NaN 	 NaN 	 82 	 82 	 82 	 0 	  DCIS 
49 	 886.13 	 502.97 	 817.599 	 263.928 	 8014 	 114.266 	 89.4825 	 0.621885 	 0.974465 	 353.747 	 1415.72 	 312.039 	 0.22041 	 803.181 	 1208.91 	 10022 	 0.922666 	 459.505 	 677.531 	 947.537 	 792.336 	 0.844059 	 981.199 	 928.695 	 177.146 	 0.186954 	 29 	 29 	 230.172 	 49.0865 	 1 	 0 	 0 	 NaN 	 NaN 	 NaN 	 NaN 	 29 	 29 	 29 	 0 	 513.86 	 51.0094 	 54.3412 	 0.0928832 	 585.049 	 332 	 2051 	 158.057 	 23.473 	 7 	 2024.75 	 0.252652 	 64.584 	 7.30059 	 37.8798 	 17.4248 	 102 	 25 	 47.4286 	 25.5007 	  Tumour 
50 	 898.522 	 598.301 	 810.389 	 257.965 	 10159 	 134.501 	 99.09 	 0.676192 	 0.946079 	 437.203 	 1188.04 	 195.557 	 0.164605 	 574.101 	 981.229 	 14831 	 0.846905 	 585.387 	 633.345 	 880.451 	 725.25 	 0.482353 	 974.585 	 840.368 	 267.6 	 0.303935 	 311 	 2959 	 208.666 	 27.5797 	 7 	 1671.51 	 0.164535 	 85.8409 	 12.2066 	 46.1044 	 23.9031 	 46 	 40 	 44.4286 	 1.98806 	 637.667 	 129.821 	 73.1655 	 0.103216 	 708.855 	 407 	 3371 	 157.482 	 22.8973 	 8 	 2261.16 	 0.222577 	 78.9333 	 11.7449 	 40.9003 	 16.7262 	 72 	 45 	 50.875 	 9.17197 	  Tumour 
51 	 915.891 	 188.209 	 1180 	 226.586 	 1481 	 48.6697 	 40.5322 	 0.553572 	 0.946326 	 157.983 	 1272.22 	 272.908 	 0.214513 	 684.104 	 1065.42 	 1965 	 0.950193 	 183.196 	 483.252 	 473.85 	 318.649 	 0.6 	 484.562 	 464.049 	 52.0323 	 0.109808 	 0 	 0 	 NaN 	 NaN 	 0 	 0 	 0 	 NaN 	 NaN 	 NaN 	 NaN 	 0 	 0 	 NaN 	 NaN 	 78.3226 	 21.0017 	 18.5995 	 0.124402 	 149.511 	 0 	 0 	 NaN 	 NaN 	 0 	 0 	 0 	 NaN 	 NaN 	 NaN 	 NaN 	 0 	 0 	 NaN 	 NaN 	  DCIS 
52 	 928.621 	 939.016 	 886.093 	 318.442 	 2221 	 80.6224 	 35.698 	 0.89663 	 0.945106 	 220.752 	 1660.61 	 249.187 	 0.150057 	 409.7 	 1453.81 	 2857 	 0.949801 	 228.51 	 370.659 	 419.178 	 263.978 	 0 	 0 	 0 	 73.2267 	 0.174691 	 0 	 0 	 NaN 	 NaN 	 0 	 0 	 0 	 NaN 	 NaN 	 NaN 	 NaN 	 0 	 0 	 NaN 	 NaN 	 86.4657 	 -26.8657 	 19.02 	 0.120644 	 157.654 	 0 	 0 	 NaN 	 NaN 	 0 	 0 	 0 	 NaN 	 NaN 	 NaN 	 NaN 	 0 	 0 	 NaN 	 NaN 	  DCIS 
53 	 959.051 	 419.511 	 912.098 	 165.215 	 5729 	 97.3028 	 75.7306 	 0.627895 	 0.965291 	 312.149 	 1054.31 	 190.308 	 0.180506 	 492.499 	 847.5 	 9720 	 0.867083 	 513.63 	 671.937 	 942.972 	 787.772 	 0.497706 	 880.756 	 951.212 	 262.731 	 0.27862 	 221 	 1591 	 215.271 	 34.1856 	 6 	 944.376 	 0.164841 	 68.2641 	 8.282 	 32.9208 	 17.6041 	 45 	 26 	 36.8333 	 8.44788 	 453.194 	 52.7102 	 45.7427 	 0.0872317 	 524.382 	 330 	 1132 	 161.855 	 27.2703 	 4 	 1044.81 	 0.182373 	 62.4568 	 16.4806 	 36.4344 	 16.7483 	 147 	 28 	 82.5 	 57.7148 	  Tumour 
54 	 966.145 	 172.936 	 1227.27 	 247.099 	 3909 	 98.2627 	 54.6374 	 0.831159 	 0.852377 	 290.492 	 1317.29 	 283.613 	 0.215301 	 523.374 	 1110.48 	 4574 	 0.856715 	 306.492 	 466.451 	 443.475 	 288.275 	 0.418251 	 479.891 	 435.053 	 86.1333 	 0.194223 	 37 	 41 	 267.946 	 86.86 	 1 	 0 	 0 	 NaN 	 NaN 	 NaN 	 NaN 	 37 	 37 	 37 	 0 	 89.4185 	 26.477 	 19.5938 	 0.121998 	 160.607 	 136 	 581 	 120.375 	 -14.2093 	 3 	 913.761 	 0.233758 	 32.4652 	 17.6273 	 25.9302 	 6.77552 	 60 	 33 	 45.3333 	 13.6504 	  DCIS 
55 	 978.625 	 255.918 	 1184.38 	 165.215 	 1680 	 61.1722 	 35.4373 	 0.815111 	 0.962199 	 169.782 	 1251.2 	 365.272 	 0.291937 	 742.754 	 1044.39 	 2174 	 0.972707 	 183.882 	 397.191 	 371.421 	 216.22 	 0 	 0 	 0 	 91.5718 	 0.246545 	 0 	 0 	 NaN 	 NaN 	 0 	 0 	 0 	 NaN 	 NaN 	 NaN 	 NaN 	 0 	 0 	 NaN 	 NaN 	 90.4032 	 36.2677 	 21.9008 	 0.135532 	 161.592 	 0 	 0 	 NaN 	 NaN 	 0 	 0 	 0 	 NaN 	 NaN 	 NaN 	 NaN 	 0 	 0 	 NaN 	 NaN 	  DCIS 
56 	 992.763 	 494.666 	 923.093 	 239.41 	 5243 	 84.5808 	 79.0848 	 0.354595 	 0.97726 	 278.149 	 1094.87 	 191.789 	 0.175171 	 608.587 	 888.062 	 7635 	 0.867022 	 452.274 	 919.031 	 1018.78 	 863.582 	 0.525907 	 1047.86 	 1000.57 	 322.12 	 0.316181 	 45 	 45 	 206.822 	 25.7363 	 1 	 0 	 0 	 NaN 	 NaN 	 NaN 	 NaN 	 45 	 45 	 45 	 0 	 925.731 	 301.374 	 175.674 	 0.176216 	 996.92 	 41 	 43 	 186.561 	 51.9767 	 1 	 0 	 0 	 NaN 	 NaN 	 NaN 	 NaN 	 41 	 41 	 41 	 0 	  Tumour 
57 	 1009.36 	 611.477 	 917.617 	 246.716 	 8941 	 113.387 	 100.8 	 0.457923 	 0.977479 	 370.233 	 1302.14 	 245.435 	 0.188486 	 759.084 	 1095.33 	 12670 	 0.92909 	 493.103 	 667.96 	 915.195 	 759.995 	 0.434884 	 960.032 	 911.52 	 155.755 	 0.170188 	 380 	 4273 	 217.445 	 36.3588 	 9 	 1200.01 	 0.134215 	 80.5467 	 9.36407 	 46.0968 	 20.4249 	 64 	 21 	 42.2222 	 12.5676 	 506.475 	 104.02 	 85.4804 	 0.147976 	 577.664 	 754 	 4619 	 159.052 	 24.4675 	 16 	 1480.2 	 0.165551 	 85.8757 	 7.53002 	 42.3783 	 19.0732 	 90 	 26 	 47.125 	 16.7008 	  Tumour 
58 	 999.018 	 986.01 	 955.005 	 328.332 	 2598 	 85.6582 	 39.801 	 0.885495 	 0.953394 	 227.137 	 1351.82 	 269.948 	 0.199692 	 427.324 	 1145.01 	 3927 	 0.917309 	 287.664 	 509.933 	 552.788 	 397.587 	 0 	 0 	 550.386 	 146.369 	 0.264783 	 0 	 0 	 NaN 	 NaN 	 0 	 0 	 0 	 NaN 	 NaN 	 NaN 	 NaN 	 0 	 0 	 NaN 	 NaN 	 144.393 	 -35.031 	 67.9292 	 0.315097 	 215.582 	 0 	 0 	 NaN 	 NaN 	 0 	 0 	 0 	 NaN 	 NaN 	 NaN 	 NaN 	 0 	 0 	 NaN 	 NaN 	  DCIS 
59 	 1025.38 	 131.016 	 1299.33 	 296.441 	 4191 	 103.009 	 54.9599 	 0.845772 	 0.870224 	 291.12 	 1569.87 	 366.233 	 0.233289 	 384.887 	 1363.06 	 5084 	 0.904305 	 307.12 	 432.361 	 424.677 	 269.476 	 0.245136 	 433.984 	 424.716 	 65.4903 	 0.154212 	 45 	 45 	 246.911 	 65.8252 	 1 	 0 	 0 	 NaN 	 NaN 	 NaN 	 NaN 	 45 	 45 	 45 	 0 	 87.7786 	 3.88347 	 27.7182 	 0.174365 	 158.967 	 52 	 54 	 132.654 	 -1.93042 	 1 	 0 	 0 	 NaN 	 NaN 	 NaN 	 NaN 	 52 	 52 	 52 	 0 	  DCIS 
60 	 1080.33 	 917.894 	 1038.04 	 242.86 	 4037 	 100.764 	 51.649 	 0.858642 	 0.955051 	 267.966 	 1469.04 	 302.827 	 0.206138 	 325.214 	 1262.24 	 4678 	 0.960575 	 283.137 	 376.655 	 401.588 	 246.387 	 0.176 	 420.932 	 399.244 	 57.7046 	 0.143691 	 0 	 0 	 NaN 	 NaN 	 0 	 0 	 0 	 NaN 	 NaN 	 NaN 	 NaN 	 0 	 0 	 NaN 	 NaN 	 78.3678 	 -18.3324 	 22.1312 	 0.147979 	 149.556 	 83 	 291 	 117.928 	 -16.6566 	 2 	 468.526 	 0.116058 	 34.9179 	 34.9179 	 34.9179 	 0 	 45 	 38 	 41.5 	 4.94975 	  DCIS 
61 	 1081.47 	 244.384 	 1273.38 	 214.149 	 2680 	 98.8842 	 35.2085 	 0.934464 	 0.948337 	 244.894 	 1347.83 	 473.887 	 0.351592 	 844.725 	 1141.03 	 3357 	 0.958321 	 253.439 	 410.562 	 389.035 	 233.834 	 0 	 0 	 0 	 86.9496 	 0.223501 	 0 	 0 	 NaN 	 NaN 	 0 	 0 	 0 	 NaN 	 NaN 	 NaN 	 NaN 	 0 	 0 	 NaN 	 NaN 	 40.6316 	 4.53785 	 10.8296 	 0.0968483 	 111.82 	 23 	 24 	 106.391 	 -28.193 	 1 	 0 	 0 	 NaN 	 NaN 	 NaN 	 NaN 	 23 	 23 	 23 	 0 	  DCIS 
62 	 1074.27 	 848.526 	 1038.68 	 175.727 	 2453 	 79.582 	 39.724 	 0.866511 	 0.951144 	 211.823 	 1421.02 	 354.158 	 0.249227 	 697.462 	 1214.22 	 3075 	 0.962441 	 226.267 	 281.369 	 263.448 	 108.247 	 0 	 0 	 0 	 87.7732 	 0.333171 	 45 	 45 	 188.6 	 7.51406 	 1 	 0 	 0 	 NaN 	 NaN 	 NaN 	 NaN 	 45 	 45 	 45 	 0 	 97.8718 	 39.0162 	 22.3023 	 0.131919 	 169.06 	 61 	 64 	 129 	 -5.58427 	 1 	 0 	 0 	 NaN 	 NaN 	 NaN 	 NaN 	 61 	 61 	 61 	 0 	  DCIS 
63 	 1109.69 	 676.976 	 1012.96 	 175.727 	 5913 	 121.08 	 62.9014 	 0.85447 	 0.955714 	 335.806 	 897.595 	 194.138 	 0.216286 	 433.974 	 690.789 	 7214 	 0.935425 	 385.019 	 758.976 	 755.524 	 600.323 	 0.442771 	 972.755 	 695.344 	 244.283 	 0.32333 	 54 	 56 	 228.056 	 46.9696 	 1 	 0 	 0 	 NaN 	 NaN 	 NaN 	 NaN 	 54 	 54 	 54 	 0 	 451.095 	 104.928 	 59.1033 	 0.113163 	 522.283 	 152 	 480 	 161.684 	 27.0999 	 2 	 822.442 	 0.139091 	 36.8524 	 36.8524 	 36.8524 	 0 	 107 	 45 	 76 	 43.8406 	  Tumour 
64 	 1123.34 	 491.929 	 1050.27 	 251.531 	 8829 	 121.405 	 93.2998 	 0.639847 	 0.968623 	 392.718 	 1217.87 	 265.988 	 0.218405 	 685.381 	 1011.06 	 18938 	 0.967211 	 572.759 	 720.917 	 1149.71 	 994.514 	 0.384921 	 1292.42 	 1109.51 	 257.723 	 0.224162 	 308 	 3164 	 241.062 	 59.9758 	 6 	 1382.64 	 0.156602 	 88.827 	 10.7 	 52.1001 	 24.2179 	 69 	 45 	 51.3333 	 10.3086 	 630.669 	 281.246 	 135.575 	 0.193166 	 701.858 	 362 	 2548 	 183.318 	 48.7334 	 6 	 2101.47 	 0.238019 	 64.9017 	 9.30465 	 35.901 	 15.7542 	 134 	 31 	 60.3333 	 36.9089 	  Tumour 
65 	 1144.55 	 610.675 	 1052.76 	 248.365 	 9311 	 147.674 	 80.6423 	 0.83773 	 0.9703 	 403.99 	 1321.76 	 276.548 	 0.209227 	 769.379 	 1114.95 	 11923 	 0.92685 	 513.304 	 697.527 	 1013.81 	 858.605 	 0.486726 	 1015.15 	 1006.22 	 190.496 	 0.187902 	 454 	 3600 	 228.487 	 47.4008 	 9 	 1336.22 	 0.14351 	 114.843 	 10.2207 	 47.4739 	 25.8049 	 77 	 27 	 50.4444 	 13.8664 	 518.264 	 80.7124 	 80.5751 	 0.136695 	 589.453 	 670 	 3795 	 169.901 	 35.3172 	 11 	 1291.55 	 0.138712 	 118.67 	 11.5244 	 50.9242 	 27.6153 	 176 	 24 	 60.9091 	 43.6542 	  Tumour 
66 	 1116.87 	 973.508 	 1073.04 	 297.082 	 3628 	 72.536 	 65.6479 	 0.42533 	 0.935534 	 246.551 	 1505.91 	 400.818 	 0.266162 	 532.03 	 1299.11 	 4233 	 0.928289 	 268.451 	 391.76 	 404.547 	 249.347 	 0.392241 	 415.154 	 403.917 	 41.7185 	 0.103124 	 0 	 0 	 NaN 	 NaN 	 0 	 0 	 0 	 NaN 	 NaN 	 NaN 	 NaN 	 0 	 0 	 NaN 	 NaN 	 75.6309 	 -7.92469 	 17.8906 	 0.121854 	 146.819 	 69 	 70 	 139.855 	 5.2708 	 1 	 0 	 0 	 NaN 	 NaN 	 NaN 	 NaN 	 69 	 69 	 69 	 0 	  DCIS 
67 	 1136.32 	 107.72 	 1399.32 	 358.71 	 2389 	 95.328 	 36.3023 	 0.924651 	 0.848668 	 233.539 	 2260.96 	 616.328 	 0.272595 	 920.76 	 2054.16 	 3174 	 0.798893 	 274.995 	 455.263 	 476.935 	 321.734 	 0.203252 	 565.64 	 466.164 	 99.9042 	 0.209471 	 0 	 0 	 NaN 	 NaN 	 0 	 0 	 0 	 NaN 	 NaN 	 NaN 	 NaN 	 0 	 0 	 NaN 	 NaN 	 61.7202 	 5.59854 	 13.7276 	 0.103286 	 132.909 	 0 	 0 	 NaN 	 NaN 	 0 	 0 	 0 	 NaN 	 NaN 	 NaN 	 NaN 	 0 	 0 	 NaN 	 NaN 	  DCIS 
68 	 1179.74 	 949.961 	 1136.48 	 281.832 	 3291 	 81.4918 	 52.2077 	 0.767834 	 0.959755 	 236.267 	 1676.02 	 186.533 	 0.111295 	 161.225 	 1469.21 	 3950 	 0.965298 	 254.51 	 409.86 	 427.64 	 272.44 	 0.20614 	 408.787 	 430.609 	 27.4055 	 0.0640853 	 0 	 0 	 NaN 	 NaN 	 0 	 0 	 0 	 NaN 	 NaN 	 NaN 	 NaN 	 0 	 0 	 NaN 	 NaN 	 113.651 	 -8.99024 	 15.9999 	 0.0865613 	 184.839 	 40 	 41 	 126.85 	 -7.73427 	 1 	 0 	 0 	 NaN 	 NaN 	 NaN 	 NaN 	 40 	 40 	 40 	 0 	  DCIS 
69 	 1243.64 	 103.921 	 1487.49 	 400.245 	 5499 	 152.277 	 47.3812 	 0.950361 	 0.93441 	 368.25 	 1892.86 	 554.598 	 0.292995 	 932.943 	 1686.05 	 7645 	 0.884429 	 442.978 	 490.551 	 494.577 	 339.376 	 0.125945 	 553.8 	 489.141 	 96.716 	 0.195553 	 40 	 42 	 234.25 	 53.1641 	 1 	 0 	 0 	 NaN 	 NaN 	 NaN 	 NaN 	 40 	 40 	 40 	 0 	 66.4256 	 6.58929 	 14.2049 	 0.103222 	 137.614 	 209 	 579 	 135.321 	 0.736304 	 3 	 1162.3 	 0.211366 	 39.9699 	 16.6953 	 26.884 	 10.6479 	 76 	 61 	 69.6667 	 7.76745 	  DCIS 
70 	 1257.67 	 504.052 	 1180.12 	 295.381 	 14150 	 140.093 	 131.5 	 0.344839 	 0.94941 	 508.357 	 1253.91 	 259.678 	 0.207095 	 753.322 	 1047.1 	 18871 	 0.927185 	 632.884 	 768.591 	 1065.38 	 910.179 	 0.25046 	 1123.16 	 1046.84 	 206.239 	 0.193583 	 335 	 4520 	 242.943 	 61.8573 	 7 	 5694.09 	 0.402409 	 115.979 	 8.24985 	 53.5213 	 30.9023 	 61 	 45 	 47.8571 	 5.98411 	 630.79 	 224.892 	 118.404 	 0.168672 	 701.979 	 690 	 8801 	 173.232 	 38.6476 	 15 	 1747.98 	 0.123532 	 111.675 	 8.12903 	 63.2059 	 27.1495 	 87 	 24 	 46 	 19.1162 	  Tumour 
71 	 1273.39 	 208.951 	 1452.42 	 295.381 	 2875 	 96.6452 	 38.4698 	 0.917363 	 0.969319 	 232.468 	 1352.63 	 354.703 	 0.262232 	 844.98 	 1145.82 	 3321 	 0.951303 	 255.539 	 407.734 	 397.419 	 242.218 	 0.346154 	 402.827 	 396.642 	 45.0389 	 0.113329 	 0 	 0 	 NaN 	 NaN 	 0 	 0 	 0 	 NaN 	 NaN 	 NaN 	 NaN 	 0 	 0 	 NaN 	 NaN 	 42.6317 	 0.0205078 	 11.1111 	 0.09762 	 113.82 	 47 	 48 	 113.043 	 -21.5417 	 1 	 0 	 0 	 NaN 	 NaN 	 NaN 	 NaN 	 47 	 47 	 47 	 0 	  DCIS 
72 	 1278.68 	 177.133 	 1474.74 	 327.674 	 1757 	 87.0778 	 29.8273 	 0.939505 	 0.838263 	 216.953 	 1527.67 	 446.376 	 0.292193 	 975.339 	 1320.87 	 2199 	 0.865067 	 236.409 	 405.741 	 411.947 	 256.746 	 0.768116 	 405.472 	 415.365 	 32.5978 	 0.079131 	 0 	 0 	 NaN 	 NaN 	 0 	 0 	 0 	 NaN 	 NaN 	 NaN 	 NaN 	 0 	 0 	 NaN 	 NaN 	 39.2941 	 -1.83835 	 14.439 	 0.13069 	 110.483 	 0 	 0 	 NaN 	 NaN 	 0 	 0 	 0 	 NaN 	 NaN 	 NaN 	 NaN 	 0 	 0 	 NaN 	 NaN 	  DCIS 
73 	 1283.84 	 866.085 	 1245.51 	 194.579 	 2231 	 81.1534 	 35.8326 	 0.897241 	 0.95017 	 211.238 	 2035.06 	 506.072 	 0.248677 	 668.178 	 1828.25 	 2842 	 0.954011 	 228.995 	 367.807 	 378.47 	 223.269 	 0 	 0 	 0 	 65.0081 	 0.171765 	 0 	 0 	 NaN 	 NaN 	 0 	 0 	 0 	 NaN 	 NaN 	 NaN 	 NaN 	 0 	 0 	 NaN 	 NaN 	 88.8841 	 3.59794 	 12.3808 	 0.0773447 	 160.073 	 125 	 218 	 135.504 	 0.91973 	 2 	 345.051 	 0.154662 	 15.333 	 15.333 	 15.333 	 0 	 85 	 40 	 62.5 	 31.8198 	  DCIS 
74 	 1298.99 	 672.069 	 1202 	 194.579 	 4114 	 91.232 	 57.8438 	 0.773309 	 0.977197 	 254.936 	 739.428 	 205.501 	 0.277919 	 423.209 	 532.622 	 7051 	 0.834537 	 428.517 	 827.217 	 780.141 	 624.941 	 0.0609418 	 987.318 	 771.66 	 171.043 	 0.219246 	 59 	 59 	 187.763 	 6.67677 	 1 	 0 	 0 	 NaN 	 NaN 	 NaN 	 NaN 	 59 	 59 	 59 	 0 	 307.831 	 13.9346 	 73.4541 	 0.1938 	 379.019 	 125 	 340 	 136.072 	 1.48773 	 2 	 1586.59 	 0.385656 	 28.0045 	 28.0045 	 28.0045 	 0 	 80 	 45 	 62.5 	 24.7487 	  Tumour 
75 	 1314.13 	 157.89 	 1514.44 	 350.502 	 1670 	 77.9793 	 29.9594 	 0.923251 	 0.802113 	 221.924 	 1657.55 	 470.807 	 0.284038 	 985.907 	 1450.75 	 2039 	 0.819863 	 245.137 	 432.402 	 434.92 	 279.719 	 0.825472 	 425.749 	 447.457 	 53.7562 	 0.1236 	 0 	 0 	 NaN 	 NaN 	 0 	 0 	 0 	 NaN 	 NaN 	 NaN 	 NaN 	 0 	 0 	 NaN 	 NaN 	 47.4899 	 7.34855 	 10.9829 	 0.0925435 	 118.678 	 26 	 28 	 115.615 	 -18.9689 	 1 	 0 	 0 	 NaN 	 NaN 	 NaN 	 NaN 	 26 	 26 	 26 	 0 	  DCIS 
76 	 1334.27 	 125.159 	 1549.28 	 386.545 	 4066 	 121.133 	 47.1676 	 0.921074 	 0.871223 	 303.765 	 1768.27 	 324.862 	 0.183717 	 817.478 	 1561.47 	 4948 	 0.897189 	 327.279 	 432.519 	 434.969 	 279.768 	 0.337931 	 436.918 	 435.285 	 38.99 	 0.0896385 	 45 	 45 	 227.422 	 46.3363 	 1 	 0 	 0 	 NaN 	 NaN 	 NaN 	 NaN 	 45 	 45 	 45 	 0 	 64.5857 	 6.01245 	 13.0542 	 0.0961461 	 135.774 	 74 	 88 	 119.973 	 -14.6113 	 1 	 0 	 0 	 NaN 	 NaN 	 NaN 	 NaN 	 74 	 74 	 74 	 0 	  DCIS 
77 	 1310.3 	 1013.17 	 1266.36 	 341.177 	 3313 	 72.88 	 59.1353 	 0.584482 	 0.988955 	 218.468 	 1873.31 	 417.689 	 0.222969 	 375.156 	 1666.5 	 3909 	 0.988119 	 239.397 	 390.035 	 420.081 	 264.88 	 0 	 0 	 0 	 39.3202 	 0.0936014 	 45 	 45 	 195.667 	 14.5807 	 1 	 0 	 0 	 NaN 	 NaN 	 NaN 	 NaN 	 45 	 45 	 45 	 0 	 76.0819 	 -21.6494 	 13.6774 	 0.0928729 	 147.27 	 87 	 330 	 132.483 	 -2.10151 	 2 	 821.723 	 0.24803 	 35.7048 	 35.7048 	 35.7048 	 0 	 45 	 42 	 43.5 	 2.12132 	  DCIS 
78 	 1318.24 	 934.432 	 1274.94 	 262.688 	 2380 	 78.1403 	 40.0769 	 0.858458 	 0.903912 	 229.48 	 1982.06 	 205.618 	 0.10374 	 149.418 	 1775.25 	 3002 	 0.925401 	 238.409 	 324.256 	 354.742 	 199.541 	 0 	 0 	 0 	 40.7152 	 0.114774 	 0 	 0 	 0 	 -181.086 	 0 	 0 	 0 	 NaN 	 NaN 	 NaN 	 NaN 	 0 	 0 	 NaN 	 NaN 	 65.8905 	 -13.8995 	 12.9368 	 0.094375 	 137.079 	 40 	 41 	 120.775 	 -13.8093 	 1 	 0 	 0 	 NaN 	 NaN 	 NaN 	 NaN 	 40 	 40 	 40 	 0 	  DCIS 
79 	 1347.81 	 585.621 	 1257.27 	 287.221 	 5093 	 88.8079 	 74.648 	 0.541725 	 0.947006 	 298.049 	 1171.27 	 228.377 	 0.194982 	 695.625 	 964.467 	 7116 	 0.924516 	 390.877 	 766.853 	 836.947 	 681.747 	 0.169591 	 1020.59 	 824.41 	 195.497 	 0.233583 	 0 	 0 	 0 	 -181.086 	 0 	 0 	 0 	 NaN 	 NaN 	 NaN 	 NaN 	 0 	 0 	 NaN 	 NaN 	 671.039 	 262.44 	 130.018 	 0.175173 	 742.228 	 117 	 324 	 166.051 	 31.467 	 3 	 298.085 	 0.0585283 	 31.4025 	 11.1513 	 20.9462 	 9.07106 	 63 	 27 	 39 	 20.7846 	  Tumour 
