rownames 	XLoc 	YLoc 	NNDistSame 	NNDistOpp 	dapi_Area 	dapi_MajorAxisLength 	dapi_MinorAxisLength 	dapi_Eccentricity 	dapi_Solidity 	dapi_Perimeter 	dapi_MeanIntensity 	dapi_PixelSD 	dapi_PixelCV 	dapi_NucAdjustedInt 	dapi_BackAdjustedInt 	memb_Area 	memb_Solidity 	memb_Perimeter 	memb_MeanIntensity 	memb_MembraneIntensity 	memb_temp 	memb_pcTouch 	memb_OverLapIntensity 	memb_nonLapIntensity 	memb_PixelSD 	memb_PixelCV 	cent_Area 	cent_ConvexArea 	cent_MeanIntensity 	cent_BackAdjustedInt 	cent_CN 	cent_AreaSD 	cent_CoeffVar 	cent_MaxSpotDist 	cent_MinSpotDist 	cent_MeanSpotDist 	cent_SDSpotDist 	cent_SpotAreaMax 	cent_SpotAreaMin 	cent_SpotAreaMean 	cent_SpotAreaSD 	nucl_BackgroundAdjust 	nucl_NuclearAdjustedInt 	nucl_PixelSD 	nucl_PixelCV 	nucl_MeanIntensity 	Her2_Area 	Her2_ConvexArea 	Her2_MeanIntensity 	Her2_BackAdjustedInt 	Her2_CN 	Her2_AreaSD 	Her2_CoeffVar 	Her2_MaxSpotDist 	Her2_MinSpotDist 	Her2_MeanSpotDist 	Her2_SDSpotDist 	Her2_SpotAreaMax 	Her2_SpotAreaMin 	Her2_SpotAreaMean 	Her2_SpotAreaSD 	CellLabels 	
1 	 65.8182 	 1574.43 	 100.21 	 437.01 	 8481 	 129.313 	 84.6602 	 0.755896 	 0.961565 	 377.019 	 2179.41 	 618.046 	 0.283584 	 802.875 	 2010.36 	 10693 	 0.881243 	 513.924 	 1309.75 	 1622.86 	 1423.84 	 0.683778 	 1702.21 	 1592.27 	 268.419 	 0.165398 	 443 	 4630 	 224.926 	 28.0512 	 6 	 1442.32 	 0.170064 	 92.3679 	 18.8236 	 53.1229 	 20.4339 	 133 	 31 	 63.2857 	 39.3604 	 606.35 	 174.179 	 134.839 	 0.204161 	 660.452 	 632 	 4570 	 184.742 	 74.6017 	 10 	 1162.48 	 0.137068 	 99.5107 	 9.9094 	 48.6587 	 22.925 	 150 	 32 	 63.2 	 38.7493 	  Tumour 
2 	 72.5832 	 1855.9 	 126.649 	 702.118 	 10259 	 137.311 	 95.6915 	 0.717172 	 0.979847 	 421.647 	 1708.58 	 335.032 	 0.196088 	 298.511 	 1539.53 	 14945 	 0.916702 	 562.551 	 1246.28 	 1517.55 	 1318.53 	 0.215501 	 1709.86 	 1490.21 	 300.959 	 0.198319 	 331 	 4093 	 217.804 	 20.9293 	 7 	 1827.57 	 0.178143 	 93.3086 	 10.7103 	 46.6989 	 25.8647 	 57 	 43 	 47.2857 	 4.95696 	 876.637 	 551.062 	 226.229 	 0.243064 	 930.739 	 494 	 3278 	 204.518 	 94.3778 	 10 	 1285.66 	 0.12532 	 90.6859 	 8 	 39.6599 	 21.1612 	 80 	 34 	 49.4 	 12.7732 	  Tumour 
3 	 31.4339 	 1132.61 	 66.5733 	 365.301 	 1482 	 57.4053 	 33.0971 	 0.81706 	 0.975 	 152.853 	 1307.19 	 229.888 	 0.175864 	 -163.043 	 1138.14 	 2524 	 0.883444 	 229.497 	 995.372 	 1004.7 	 805.675 	 0.325581 	 1215.11 	 946.11 	 270.371 	 0.269105 	 0 	 0 	 NaN 	 NaN 	 0 	 0 	 0 	 NaN 	 NaN 	 NaN 	 NaN 	 0 	 0 	 NaN 	 NaN 	 163.842 	 -250.576 	 37.3777 	 0.171501 	 217.944 	 0 	 0 	 NaN 	 NaN 	 0 	 0 	 0 	 NaN 	 NaN 	 NaN 	 NaN 	 0 	 0 	 NaN 	 NaN 	  DCIS 
4 	 69.5921 	 877.211 	 56.3649 	 558.252 	 4999 	 93.6795 	 70.9263 	 0.65328 	 0.94392 	 298.593 	 2267.83 	 604.914 	 0.266736 	 702.38 	 2098.79 	 7286 	 0.954665 	 352.593 	 701.211 	 715.756 	 516.729 	 0.240385 	 666.2 	 723.2 	 95.0054 	 0.132734 	 0 	 0 	 NaN 	 NaN 	 0 	 0 	 0 	 NaN 	 NaN 	 NaN 	 NaN 	 0 	 0 	 NaN 	 NaN 	 97.7619 	 -110.903 	 14.1634 	 0.0932639 	 151.864 	 115 	 257 	 133.983 	 23.8422 	 2 	 412.109 	 0.0824384 	 20.371 	 20.371 	 20.371 	 0 	 77 	 38 	 57.5 	 27.5772 	  DCIS 
5 	 82.4326 	 702.224 	 434.007 	 526.642 	 6280 	 128.887 	 70.9671 	 0.834759 	 0.841823 	 375.161 	 1466.96 	 249.158 	 0.169846 	 319.066 	 1297.91 	 7802 	 0.853704 	 407.907 	 661.827 	 623.357 	 424.329 	 0.43956 	 652.337 	 615.012 	 122.632 	 0.196728 	 37 	 38 	 206.216 	 9.34193 	 1 	 0 	 0 	 NaN 	 NaN 	 NaN 	 NaN 	 37 	 37 	 37 	 0 	 102.386 	 -365.414 	 18.5087 	 0.118276 	 156.488 	 160 	 1786 	 116.681 	 6.54083 	 4 	 750.343 	 0.119481 	 78.2046 	 16.481 	 51.153 	 23.2891 	 47 	 32 	 40 	 7.16473 	  DCIS 
6 	 87.2902 	 1096.5 	 66.5733 	 390.852 	 6274 	 104.418 	 77.2547 	 0.672761 	 0.969107 	 314.676 	 2011.07 	 572.344 	 0.284597 	 902.332 	 1842.02 	 7964 	 0.93606 	 400.894 	 1059.72 	 1102.24 	 903.216 	 0.433604 	 1147.66 	 1096.93 	 220.587 	 0.200125 	 72 	 326 	 209.667 	 12.7924 	 2 	 591.546 	 0.0942853 	 40.646 	 40.646 	 40.646 	 0 	 37 	 35 	 36 	 1.41421 	 149.76 	 -62.504 	 36.3292 	 0.178205 	 203.862 	 191 	 1270 	 133.534 	 23.3936 	 4 	 1214.01 	 0.193499 	 39.1442 	 9.39199 	 32.0929 	 10.906 	 68 	 32 	 47.75 	 14.975 	  DCIS 
7 	 72.5096 	 779.267 	 356.483 	 537.425 	 3703 	 82.6765 	 57.8895 	 0.713953 	 0.945366 	 265.865 	 1954.7 	 368.137 	 0.188334 	 419.702 	 1785.66 	 4274 	 0.946622 	 269.095 	 578.048 	 601.712 	 402.684 	 0.596708 	 662.883 	 575.059 	 119.286 	 0.198244 	 0 	 0 	 NaN 	 NaN 	 0 	 0 	 0 	 NaN 	 NaN 	 NaN 	 NaN 	 0 	 0 	 NaN 	 NaN 	 73.9007 	 -252.815 	 11.8739 	 0.092763 	 128.003 	 101 	 271 	 122.198 	 12.0576 	 2 	 420.364 	 0.11352 	 27.8312 	 27.8312 	 27.8312 	 0 	 52 	 49 	 50.5 	 2.12132 	  DCIS 
8 	 94.2592 	 826.478 	 313.398 	 523.259 	 3557 	 104.212 	 47.4439 	 0.890357 	 0.816013 	 288.451 	 2280.31 	 404.352 	 0.177324 	 844.553 	 2111.26 	 4071 	 0.80854 	 319.037 	 668.075 	 664.357 	 465.329 	 0.696113 	 684.477 	 656.839 	 114.665 	 0.172596 	 88 	 172 	 210.886 	 14.0121 	 2 	 634.746 	 0.17845 	 16.9989 	 16.9989 	 16.9989 	 0 	 52 	 36 	 44 	 11.3137 	 79.0031 	 -58.4888 	 22.5246 	 0.169224 	 133.105 	 122 	 235 	 133 	 22.8596 	 2 	 1262.48 	 0.354927 	 16.7438 	 16.7438 	 16.7438 	 0 	 87 	 35 	 61 	 36.7696 	  DCIS 
9 	 125.004 	 1485.99 	 105.948 	 340.701 	 10344 	 153.892 	 86.332 	 0.827822 	 0.968993 	 428.517 	 1285.34 	 364.603 	 0.283662 	 268.256 	 1116.29 	 15310 	 0.931662 	 584.836 	 1372.52 	 1491.33 	 1292.31 	 0.401473 	 1758.54 	 1422.71 	 372.639 	 0.249869 	 379 	 2875 	 234.053 	 37.1785 	 8 	 1761.22 	 0.170265 	 93.4185 	 10.2956 	 47.9744 	 27.4288 	 90 	 31 	 47.375 	 17.9518 	 314.352 	 -100.679 	 52.0045 	 0.141143 	 368.454 	 530 	 3073 	 173.281 	 63.1407 	 7 	 2644.45 	 0.25565 	 88.9741 	 14.0142 	 46.59 	 24.3074 	 150 	 31 	 75.7143 	 47.0876 	  Tumour 
10 	 87.9258 	 409.218 	 726.24 	 610.05 	 2896 	 89.1663 	 45.2992 	 0.861339 	 0.862932 	 244.936 	 1410.42 	 245.419 	 0.174003 	 538.372 	 1241.38 	 3951 	 0.817674 	 305.622 	 1432.69 	 1388.86 	 1189.83 	 0.455556 	 984.967 	 1512.69 	 479.556 	 0.345288 	 0 	 0 	 NaN 	 NaN 	 0 	 0 	 0 	 NaN 	 NaN 	 NaN 	 NaN 	 0 	 0 	 NaN 	 NaN 	 185.25 	 -167.815 	 33.1858 	 0.138649 	 239.352 	 99 	 241 	 127.131 	 16.9909 	 2 	 909.249 	 0.313967 	 23.7333 	 23.7333 	 23.7333 	 0 	 51 	 48 	 49.5 	 2.12132 	  DCIS 
11 	 83.2085 	 503.439 	 632.142 	 571.183 	 3348 	 74.8958 	 57.211 	 0.645365 	 0.945763 	 233.924 	 1770.91 	 499.744 	 0.282197 	 415.65 	 1601.86 	 4458 	 0.952971 	 268.853 	 922.127 	 927.197 	 728.169 	 0.422131 	 874.767 	 937.628 	 156.417 	 0.168699 	 0 	 0 	 NaN 	 NaN 	 0 	 0 	 0 	 NaN 	 NaN 	 NaN 	 NaN 	 0 	 0 	 NaN 	 NaN 	 150.363 	 -145.811 	 46.9475 	 0.229612 	 204.465 	 46 	 47 	 137.587 	 27.4465 	 1 	 0 	 0 	 NaN 	 NaN 	 NaN 	 NaN 	 46 	 46 	 46 	 0 	  DCIS 
12 	 95.2376 	 449.407 	 686.988 	 583.961 	 2382 	 76.7536 	 42.4677 	 0.832982 	 0.890135 	 212.267 	 1606.17 	 316.755 	 0.197211 	 127.511 	 1437.12 	 2515 	 0.883386 	 226.167 	 865.866 	 924.885 	 725.857 	 0.775 	 923.761 	 919.129 	 148.41 	 0.160463 	 0 	 0 	 NaN 	 NaN 	 0 	 0 	 0 	 NaN 	 NaN 	 NaN 	 NaN 	 0 	 0 	 NaN 	 NaN 	 140.026 	 -102.674 	 30.1913 	 0.155522 	 194.128 	 0 	 0 	 NaN 	 NaN 	 0 	 0 	 0 	 NaN 	 NaN 	 NaN 	 NaN 	 0 	 0 	 NaN 	 NaN 	  DCIS 
13 	 80.3998 	 568.932 	 566.125 	 551.421 	 1323 	 44.6745 	 38.0961 	 0.522322 	 0.967105 	 141.539 	 1198.38 	 159.992 	 0.133507 	 32.4659 	 1029.33 	 2485 	 0.970703 	 196.77 	 946.353 	 980.683 	 781.655 	 0.215054 	 1051.88 	 969.482 	 122.267 	 0.124675 	 0 	 0 	 NaN 	 NaN 	 0 	 0 	 0 	 NaN 	 NaN 	 NaN 	 NaN 	 0 	 0 	 NaN 	 NaN 	 141.549 	 -89.4077 	 37.1017 	 0.189632 	 195.651 	 0 	 0 	 NaN 	 NaN 	 0 	 0 	 0 	 NaN 	 NaN 	 NaN 	 NaN 	 0 	 0 	 NaN 	 NaN 	  DCIS 
14 	 99.2523 	 997.856 	 151.159 	 488.692 	 4490 	 92.0529 	 65.1321 	 0.706663 	 0.91353 	 284.693 	 1896 	 389.548 	 0.205458 	 555.233 	 1726.95 	 6596 	 0.956774 	 352.853 	 785.533 	 813.07 	 614.042 	 0.0884146 	 1188.93 	 787.297 	 183.108 	 0.225206 	 0 	 0 	 NaN 	 NaN 	 0 	 0 	 0 	 NaN 	 NaN 	 NaN 	 NaN 	 0 	 0 	 NaN 	 NaN 	 90.7418 	 -104.044 	 17.9081 	 0.123637 	 144.844 	 129 	 396 	 121.69 	 11.5495 	 3 	 181.536 	 0.0404312 	 24.6541 	 14.4454 	 19.0627 	 4.62737 	 49 	 33 	 43 	 8.7178 	  DCIS 
15 	 125.093 	 1655.02 	 100.21 	 497.012 	 8833 	 116.421 	 99.2212 	 0.523118 	 0.946528 	 393.605 	 1699.74 	 306.591 	 0.180375 	 793.255 	 1530.7 	 13179 	 0.877547 	 565.421 	 1258.66 	 1853.85 	 1654.82 	 0.597328 	 1793.75 	 1871.91 	 365.82 	 0.19733 	 315 	 4017 	 202.444 	 5.57016 	 8 	 863.665 	 0.0977771 	 81.8834 	 9.7896 	 50.2888 	 20.2052 	 51 	 30 	 39.375 	 6.30051 	 973.481 	 339.529 	 188.468 	 0.183409 	 1027.58 	 771 	 5155 	 177.913 	 67.7727 	 14 	 902.051 	 0.102123 	 83.1596 	 9.05539 	 46.1103 	 19.662 	 93 	 37 	 55.0714 	 15.1427 	  Tumour 
16 	 128.591 	 644.992 	 497.743 	 486.138 	 3392 	 102.583 	 43.572 	 0.905311 	 0.944584 	 256.735 	 1459.42 	 274.089 	 0.187807 	 941.444 	 1290.37 	 4699 	 0.905744 	 308.167 	 478.208 	 501.457 	 302.429 	 0.217857 	 659.557 	 479.635 	 280.613 	 0.559595 	 0 	 0 	 NaN 	 NaN 	 0 	 0 	 0 	 NaN 	 NaN 	 NaN 	 NaN 	 0 	 0 	 NaN 	 NaN 	 54.6214 	 11.5599 	 28.5683 	 0.262761 	 108.723 	 84 	 171 	 108.917 	 -1.22375 	 2 	 161.667 	 0.0476614 	 16.7665 	 16.7665 	 16.7665 	 0 	 54 	 30 	 42 	 16.9706 	  DCIS 
17 	 194.698 	 1822.36 	 279.544 	 632.906 	 14983 	 190.873 	 101.598 	 0.846567 	 0.964405 	 528.399 	 1848.2 	 430.246 	 0.232792 	 1010.05 	 1679.15 	 24547 	 0.856938 	 859.647 	 1267.15 	 1621.08 	 1422.05 	 0.58875 	 1623.42 	 1613.82 	 349.328 	 0.215491 	 964 	 6509 	 218.145 	 21.2709 	 19 	 1867.42 	 0.124636 	 133.106 	 8 	 59.4749 	 32.8989 	 118 	 31 	 50.7368 	 20.5989 	 524.842 	 109.299 	 69.0287 	 0.119232 	 578.944 	 862 	 5958 	 189.356 	 79.2157 	 13 	 2318.15 	 0.154719 	 121.317 	 12.1405 	 54.3599 	 28.273 	 136 	 34 	 66.3077 	 32.2449 	  Tumour 
18 	 147.41 	 748.523 	 401.138 	 461.478 	 4813 	 85.0512 	 73.2914 	 0.507361 	 0.942801 	 284.836 	 1814.92 	 370.849 	 0.204333 	 912.735 	 1645.88 	 5954 	 0.938821 	 321.522 	 611.155 	 627.837 	 428.81 	 0.685512 	 711.299 	 580.386 	 167.278 	 0.266436 	 42 	 42 	 188.548 	 -8.32667 	 1 	 0 	 0 	 NaN 	 NaN 	 NaN 	 NaN 	 42 	 42 	 42 	 0 	 78.782 	 4.1131 	 16.0916 	 0.121095 	 132.884 	 46 	 48 	 128.957 	 18.8161 	 1 	 0 	 0 	 NaN 	 NaN 	 NaN 	 NaN 	 46 	 46 	 46 	 0 	  DCIS 
19 	 148.558 	 514.282 	 630.147 	 506.436 	 3975 	 77.9245 	 66.6347 	 0.518433 	 0.939716 	 262.451 	 1593.17 	 317.544 	 0.199315 	 711.955 	 1424.13 	 4797 	 0.873293 	 313.095 	 748.689 	 754.244 	 555.216 	 0.66899 	 753.281 	 752.312 	 138.855 	 0.184098 	 0 	 0 	 NaN 	 NaN 	 0 	 0 	 0 	 NaN 	 NaN 	 NaN 	 NaN 	 0 	 0 	 NaN 	 NaN 	 115.22 	 -14.2279 	 25.7666 	 0.152175 	 169.323 	 99 	 206 	 120.879 	 10.7384 	 2 	 329.026 	 0.0827737 	 19.0457 	 19.0457 	 19.0457 	 0 	 52 	 47 	 49.5 	 3.53553 	  DCIS 
20 	 158.609 	 1147.26 	 128.763 	 340.701 	 4405 	 88.0413 	 64.0823 	 0.685719 	 0.970051 	 262.451 	 1709.12 	 361.574 	 0.211555 	 964.879 	 1540.08 	 5933 	 0.910388 	 343.196 	 1042.6 	 1143 	 943.969 	 0.4375 	 1174.66 	 1133.41 	 188.599 	 0.165004 	 36 	 36 	 200.306 	 3.43127 	 1 	 0 	 0 	 NaN 	 NaN 	 NaN 	 NaN 	 36 	 36 	 36 	 0 	 157.699 	 -21.6339 	 28.9039 	 0.136468 	 211.801 	 77 	 181 	 127.221 	 17.0804 	 2 	 945.416 	 0.214623 	 18.3876 	 18.3876 	 18.3876 	 0 	 41 	 36 	 38.5 	 3.53553 	  DCIS 
21 	 159.619 	 372.822 	 770.87 	 571.602 	 3014 	 74.4416 	 52.3387 	 0.711107 	 0.963555 	 218.551 	 1491.93 	 301.159 	 0.201858 	 840.255 	 1322.88 	 5464 	 0.837908 	 403.681 	 975.07 	 1114.42 	 915.396 	 0.452381 	 942.275 	 1166.98 	 397.785 	 0.356943 	 0 	 0 	 NaN 	 NaN 	 0 	 0 	 0 	 NaN 	 NaN 	 NaN 	 NaN 	 0 	 0 	 NaN 	 NaN 	 119.325 	 -17.9878 	 21.2425 	 0.122487 	 173.427 	 46 	 47 	 111.326 	 1.18567 	 1 	 0 	 0 	 NaN 	 NaN 	 NaN 	 NaN 	 46 	 46 	 46 	 0 	  DCIS 
22 	 178.441 	 819.405 	 346.706 	 439.524 	 7198 	 135.684 	 75.408 	 0.83134 	 0.847621 	 501.688 	 2074.06 	 437.352 	 0.210867 	 452.476 	 1905.01 	 6076 	 0.887137 	 357.563 	 737.722 	 754.282 	 555.254 	 0.589744 	 780.609 	 747.456 	 116.991 	 0.155103 	 0 	 0 	 NaN 	 NaN 	 0 	 0 	 0 	 NaN 	 NaN 	 NaN 	 NaN 	 0 	 0 	 NaN 	 NaN 	 90.8314 	 3.07032 	 19.9069 	 0.137352 	 144.933 	 190 	 2414 	 130.647 	 20.507 	 4 	 1181.98 	 0.164209 	 82.012 	 17.117 	 58.0204 	 26.4448 	 65 	 41 	 47.5 	 11.7047 	  DCIS 
23 	 172.203 	 430.363 	 717.001 	 528.11 	 4261 	 96.3019 	 57.1525 	 0.804855 	 0.935866 	 278.108 	 1917.96 	 510.427 	 0.266131 	 911.89 	 1748.91 	 4841 	 0.895984 	 323.439 	 842.492 	 845.375 	 646.347 	 0.852843 	 834.69 	 854.812 	 148.122 	 0.175215 	 45 	 45 	 246.444 	 49.5702 	 1 	 0 	 0 	 NaN 	 NaN 	 NaN 	 NaN 	 45 	 45 	 45 	 0 	 146.511 	 -184.988 	 32.3392 	 0.161203 	 200.613 	 80 	 157 	 133.475 	 23.3346 	 2 	 1050.87 	 0.246625 	 15.196 	 15.196 	 15.196 	 0 	 47 	 33 	 40 	 9.89949 	  DCIS 
24 	 198.442 	 287.257 	 862.325 	 602.147 	 4541 	 78.5344 	 74.3012 	 0.323882 	 0.955397 	 267.037 	 1724.83 	 377.628 	 0.218937 	 787.854 	 1555.78 	 6837 	 0.851432 	 400.167 	 851.142 	 968.608 	 769.58 	 0.446237 	 1045.94 	 933.411 	 175.974 	 0.181677 	 45 	 45 	 232.822 	 35.9479 	 1 	 0 	 0 	 NaN 	 NaN 	 NaN 	 NaN 	 45 	 45 	 45 	 0 	 93.6469 	 -135.344 	 20.1976 	 0.136702 	 147.749 	 194 	 1085 	 143.32 	 33.1792 	 3 	 1298.88 	 0.286035 	 47.4901 	 24.3667 	 36.8346 	 10.436 	 82 	 50 	 64.6667 	 16.1658 	  DCIS 
25 	 247.749 	 1646.02 	 195.724 	 449.694 	 12468 	 181.47 	 88.3684 	 0.873424 	 0.943759 	 500.701 	 1679.17 	 363.647 	 0.216564 	 954.465 	 1510.12 	 18536 	 0.843965 	 766.09 	 1397.94 	 1788.69 	 1589.67 	 0.850914 	 1861.7 	 1725.88 	 355.073 	 0.19851 	 408 	 3879 	 217.159 	 20.285 	 9 	 2457.54 	 0.197108 	 119.996 	 8.544 	 46.944 	 25.9635 	 64 	 30 	 45.3333 	 8.73212 	 864.576 	 337.144 	 154.054 	 0.167691 	 918.678 	 866 	 5166 	 180.411 	 70.2707 	 11 	 2332.13 	 0.187049 	 117.701 	 8.24621 	 47.7368 	 23.7856 	 153 	 42 	 66.6154 	 33.2504 	  Tumour 
26 	 220.709 	 492.053 	 668.566 	 453.282 	 4944 	 93.629 	 67.8873 	 0.688679 	 0.962055 	 284.836 	 1588.41 	 302.685 	 0.190559 	 880.846 	 1419.36 	 7788 	 0.923186 	 392.853 	 521.402 	 559.421 	 360.393 	 0.407609 	 719.187 	 517.188 	 187.39 	 0.334971 	 90 	 239 	 142.033 	 -54.841 	 2 	 1605.72 	 0.324781 	 24.7588 	 24.7588 	 24.7588 	 0 	 45 	 45 	 45 	 0 	 69.922 	 14.529 	 22.1209 	 0.178359 	 124.024 	 96 	 141 	 114.875 	 4.73458 	 2 	 1608.49 	 0.325341 	 11.4366 	 11.4366 	 11.4366 	 0 	 54 	 42 	 48 	 8.48528 	  DCIS 
27 	 240.196 	 227.928 	 928.82 	 620.825 	 7080 	 151.116 	 62.9279 	 0.909173 	 0.922716 	 385.262 	 1234.34 	 386.69 	 0.313277 	 441.623 	 1065.29 	 8849 	 0.875792 	 475.966 	 915.634 	 892.165 	 693.137 	 0.246606 	 1105.11 	 864.898 	 316.813 	 0.355105 	 0 	 0 	 NaN 	 NaN 	 0 	 0 	 0 	 NaN 	 NaN 	 NaN 	 NaN 	 0 	 0 	 NaN 	 NaN 	 125.892 	 2.86363 	 25.5023 	 0.141684 	 179.994 	 91 	 184 	 128.945 	 18.8046 	 2 	 1659.81 	 0.234436 	 15.938 	 15.938 	 15.938 	 0 	 50 	 41 	 45.5 	 6.36396 	  DCIS 
28 	 281.262 	 1530.25 	 219.456 	 329.621 	 16958 	 194.304 	 113.223 	 0.812679 	 0.92153 	 609.654 	 1713.19 	 405.891 	 0.236921 	 973.662 	 1544.14 	 20246 	 0.933296 	 663.463 	 1581.44 	 1980.51 	 1781.49 	 0.699187 	 2045.38 	 1933.78 	 367.594 	 0.185605 	 361 	 3496 	 215.898 	 19.0232 	 8 	 4589.62 	 0.270646 	 77.34 	 10.4403 	 40.4763 	 17.8093 	 50 	 41 	 45.125 	 2.47487 	 794.219 	 313.782 	 206.507 	 0.243431 	 848.321 	 796 	 4652 	 185.441 	 75.3005 	 16 	 2970.69 	 0.175179 	 83.194 	 9.38383 	 39.8024 	 17.2982 	 80 	 36 	 49.75 	 11.0785 	  Tumour 
29 	 224.727 	 369.432 	 788.246 	 524.948 	 3995 	 80.3378 	 65.0277 	 0.587218 	 0.8717 	 288.492 	 1977.39 	 506.52 	 0.256156 	 753.402 	 1808.34 	 5944 	 0.928315 	 336.894 	 814.826 	 895.587 	 696.559 	 0.632787 	 911.741 	 888.36 	 120.535 	 0.134587 	 90 	 195 	 187.789 	 -9.0854 	 2 	 599.704 	 0.150114 	 19.105 	 19.105 	 19.105 	 0 	 45 	 45 	 45 	 0 	 116.519 	 -16.3043 	 19.1949 	 0.1125 	 170.621 	 96 	 275 	 124.198 	 14.0575 	 2 	 1338.17 	 0.334962 	 28.1582 	 28.1582 	 28.1582 	 0 	 49 	 47 	 48 	 1.41421 	  DCIS 
30 	 261.473 	 1747 	 260.68 	 547.165 	 11347 	 155.856 	 93.3544 	 0.800766 	 0.955698 	 453.203 	 1841.75 	 377.125 	 0.204765 	 1001.07 	 1672.7 	 14587 	 0.887773 	 594.007 	 1373.13 	 1606.31 	 1407.28 	 0.909584 	 1605.15 	 1611.89 	 166.784 	 0.103831 	 428 	 4608 	 235.549 	 38.6748 	 9 	 2583.15 	 0.227651 	 105.324 	 9.64478 	 48.9983 	 22.5899 	 90 	 29 	 47.5556 	 17.7772 	 1046.39 	 469.581 	 228.229 	 0.207388 	 1100.49 	 624 	 3959 	 210.364 	 100.223 	 10 	 1360.94 	 0.119939 	 108.941 	 11.2031 	 48.527 	 23.122 	 90 	 44 	 62.4 	 16.9325 	  Tumour 
31 	 230.417 	 730.424 	 449.455 	 378.005 	 3720 	 73.4791 	 65.0481 	 0.465095 	 0.967994 	 235.238 	 1843.37 	 488.096 	 0.264785 	 1115.76 	 1674.32 	 4759 	 0.945747 	 280.309 	 704.521 	 726.734 	 527.706 	 0.427419 	 776.5 	 710.093 	 143.301 	 0.197185 	 38 	 39 	 217.737 	 20.8626 	 1 	 0 	 0 	 NaN 	 NaN 	 NaN 	 NaN 	 38 	 38 	 38 	 0 	 89.1977 	 6.12377 	 14.9524 	 0.104344 	 143.3 	 128 	 422 	 118.984 	 8.84396 	 3 	 902.919 	 0.24272 	 31.8121 	 10.4287 	 22.719 	 9.87844 	 46 	 37 	 42.6667 	 4.93288 	  DCIS 
32 	 226.352 	 1144.05 	 195.31 	 356.602 	 1899 	 57.6321 	 45.1771 	 0.620901 	 0.938705 	 181.539 	 1485.42 	 260.705 	 0.17551 	 763.439 	 1316.37 	 2648 	 0.686366 	 307.924 	 1164.36 	 1221.81 	 1022.78 	 0.572954 	 1196.65 	 1226.23 	 289.302 	 0.236782 	 0 	 0 	 NaN 	 NaN 	 0 	 0 	 0 	 NaN 	 NaN 	 NaN 	 NaN 	 0 	 0 	 NaN 	 NaN 	 171.922 	 -0.694295 	 21.0266 	 0.0930279 	 226.024 	 52 	 53 	 130.019 	 19.8788 	 1 	 0 	 0 	 NaN 	 NaN 	 NaN 	 NaN 	 52 	 52 	 52 	 0 	  DCIS 
33 	 247.207 	 1097.19 	 218.979 	 407.682 	 3372 	 90.5349 	 48.9796 	 0.841021 	 0.938492 	 253.966 	 2239.79 	 506.611 	 0.226187 	 971.426 	 2070.74 	 5857 	 0.895018 	 372.752 	 1015.57 	 1153.21 	 954.184 	 0.4 	 1211.59 	 1129.01 	 330 	 0.286158 	 30 	 31 	 185.567 	 -11.3076 	 1 	 0 	 0 	 NaN 	 NaN 	 NaN 	 NaN 	 30 	 30 	 30 	 0 	 101.338 	 -30.8093 	 20.8459 	 0.134109 	 155.44 	 78 	 120 	 122.808 	 12.6673 	 2 	 1016.91 	 0.301576 	 10.839 	 10.839 	 10.839 	 0 	 43 	 35 	 39 	 5.65685 	  DCIS 
34 	 250.436 	 927.704 	 299.977 	 410.078 	 2266 	 56.7272 	 51.8779 	 0.404552 	 0.959763 	 191.723 	 1576.21 	 352.896 	 0.22389 	 675.566 	 1407.16 	 3511 	 0.970962 	 236.426 	 801.156 	 854.991 	 655.963 	 0.15625 	 911.286 	 854.572 	 245.568 	 0.287217 	 0 	 0 	 NaN 	 NaN 	 0 	 0 	 0 	 NaN 	 NaN 	 NaN 	 NaN 	 0 	 0 	 NaN 	 NaN 	 130.622 	 -4.03294 	 25.5193 	 0.138148 	 184.724 	 43 	 44 	 113.837 	 3.69679 	 1 	 0 	 0 	 NaN 	 NaN 	 NaN 	 NaN 	 43 	 43 	 43 	 0 	  DCIS 
35 	 294.497 	 838.079 	 395.214 	 332.71 	 10588 	 135.224 	 105.808 	 0.622692 	 0.937987 	 436.233 	 1794.42 	 385.045 	 0.214579 	 874.428 	 1625.37 	 12849 	 0.906583 	 508.066 	 711.416 	 806.612 	 607.584 	 0.48218 	 906.513 	 778.548 	 155.631 	 0.192944 	 33 	 35 	 178.182 	 -18.6925 	 1 	 0 	 0 	 NaN 	 NaN 	 NaN 	 NaN 	 33 	 33 	 33 	 0 	 88.9071 	 -2.60245 	 20.139 	 0.140823 	 143.009 	 221 	 3627 	 124.489 	 14.3483 	 4 	 1486.09 	 0.140356 	 111.206 	 24.8248 	 69.5491 	 28.5539 	 76 	 44 	 55.25 	 14.3149 	  DCIS 
36 	 262.557 	 659.107 	 527.731 	 351.832 	 3107 	 76.5215 	 52.7334 	 0.724636 	 0.937538 	 230.108 	 1657.95 	 381.754 	 0.230257 	 1007.98 	 1488.9 	 4614 	 0.940673 	 302.711 	 1265.53 	 1420.85 	 1221.82 	 0.361702 	 1591.63 	 1365.52 	 874.38 	 0.615393 	 0 	 0 	 NaN 	 NaN 	 0 	 0 	 0 	 NaN 	 NaN 	 NaN 	 NaN 	 0 	 0 	 NaN 	 NaN 	 148.622 	 1.43606 	 30.7214 	 0.151543 	 202.724 	 70 	 72 	 144.829 	 34.6882 	 1 	 0 	 0 	 NaN 	 NaN 	 NaN 	 NaN 	 70 	 70 	 70 	 0 	  DCIS 
37 	 273.091 	 342.391 	 827.191 	 511.098 	 1128 	 45.7791 	 31.8813 	 0.717638 	 0.947899 	 135.154 	 1723.95 	 348.087 	 0.201913 	 631.581 	 1554.9 	 1751 	 0.940892 	 175.983 	 809.227 	 848.723 	 649.696 	 0.169811 	 773.037 	 856.918 	 119.384 	 0.140664 	 0 	 0 	 NaN 	 NaN 	 0 	 0 	 0 	 NaN 	 NaN 	 NaN 	 NaN 	 0 	 0 	 NaN 	 NaN 	 94.7721 	 -13.3033 	 16.3639 	 0.109918 	 148.874 	 0 	 0 	 NaN 	 NaN 	 0 	 0 	 0 	 NaN 	 NaN 	 NaN 	 NaN 	 0 	 0 	 NaN 	 NaN 	  DCIS 
38 	 282.771 	 711.391 	 491.516 	 325.444 	 2166 	 76.8223 	 38.1675 	 0.867849 	 0.855788 	 213.38 	 1776.18 	 281.751 	 0.158628 	 762.336 	 1607.13 	 2270 	 0.80212 	 242.711 	 1194.24 	 1340 	 1140.97 	 0.806306 	 1430.11 	 1269.8 	 767.523 	 0.57278 	 0 	 0 	 NaN 	 NaN 	 0 	 0 	 0 	 NaN 	 NaN 	 NaN 	 NaN 	 0 	 0 	 NaN 	 NaN 	 140.239 	 -15.1712 	 56.4488 	 0.290463 	 194.341 	 45 	 45 	 106 	 -4.14042 	 1 	 0 	 0 	 NaN 	 NaN 	 NaN 	 NaN 	 45 	 45 	 45 	 0 	  DCIS 
39 	 308.602 	 1146.45 	 278.304 	 385.019 	 4726 	 112.44 	 55.6452 	 0.868957 	 0.936212 	 307.22 	 1405.71 	 249.777 	 0.177688 	 675.411 	 1236.66 	 7826 	 0.840692 	 487.522 	 1053.92 	 1148.01 	 948.981 	 0.287305 	 1064.07 	 1150.33 	 401.606 	 0.349828 	 50 	 51 	 235.06 	 38.1857 	 1 	 0 	 0 	 NaN 	 NaN 	 NaN 	 NaN 	 50 	 50 	 50 	 0 	 121.175 	 -6.16643 	 23.847 	 0.136053 	 175.277 	 91 	 121 	 130.945 	 20.8046 	 2 	 1004.44 	 0.212535 	 9.12871 	 9.12871 	 9.12871 	 0 	 61 	 30 	 45.5 	 21.9203 	  DCIS 
40 	 333.594 	 730.875 	 503.401 	 274.016 	 3203 	 81.5361 	 52.4491 	 0.765646 	 0.961573 	 230.652 	 1826 	 345.647 	 0.189292 	 976.576 	 1656.95 	 5011 	 0.851632 	 371.539 	 1205.63 	 1177.81 	 978.787 	 0.728571 	 1209.14 	 1161.48 	 364.187 	 0.309206 	 0 	 0 	 NaN 	 NaN 	 0 	 0 	 0 	 NaN 	 NaN 	 NaN 	 NaN 	 0 	 0 	 NaN 	 NaN 	 165.178 	 -10.695 	 38.7169 	 0.176564 	 219.28 	 135 	 459 	 134.081 	 23.9411 	 2 	 149.964 	 0.0468199 	 36.1624 	 36.1624 	 36.1624 	 0 	 85 	 50 	 67.5 	 24.7487 	  DCIS 
41 	 385.231 	 1783.35 	 381.369 	 580.073 	 10034 	 148.094 	 92.4779 	 0.781063 	 0.901852 	 462.274 	 1684.62 	 289.583 	 0.171899 	 954.194 	 1515.57 	 12150 	 0.85347 	 589.22 	 1366.74 	 1772.97 	 1573.94 	 0.96679 	 1765.31 	 1773.3 	 259.737 	 0.146499 	 185 	 2488 	 229.746 	 32.8717 	 4 	 1410.41 	 0.140563 	 67.1881 	 26.2027 	 49.6458 	 14.8777 	 57 	 40 	 46.25 	 7.80491 	 803.63 	 232.495 	 102.141 	 0.119082 	 857.732 	 508 	 2985 	 195.244 	 85.1037 	 9 	 2173.66 	 0.21663 	 77.8138 	 9.52757 	 38.3268 	 17.0172 	 127 	 30 	 56.4444 	 30.0213 	  Tumour 
42 	 334.251 	 453.893 	 743.539 	 387.495 	 4119 	 85.3135 	 62.6437 	 0.67885 	 0.977688 	 255.522 	 1810.19 	 428.937 	 0.236957 	 1004.59 	 1641.14 	 6094 	 0.973172 	 316.569 	 696.664 	 718.97 	 519.942 	 0 	 0 	 0 	 184.035 	 0.25597 	 0 	 0 	 NaN 	 NaN 	 0 	 0 	 0 	 NaN 	 NaN 	 NaN 	 NaN 	 0 	 0 	 NaN 	 NaN 	 104.692 	 9.41626 	 19.9628 	 0.125715 	 158.794 	 145 	 405 	 119.034 	 8.89407 	 3 	 519.795 	 0.126194 	 32.4176 	 17.0537 	 22.4182 	 7.75244 	 53 	 45 	 48.3333 	 4.16333 	  DCIS 
43 	 335.671 	 1204.61 	 313.383 	 329.621 	 1431 	 62.4935 	 30.0604 	 0.876712 	 0.967546 	 157.296 	 1357.97 	 274.997 	 0.202506 	 774.407 	 1188.92 	 2426 	 0.934515 	 217.255 	 813.82 	 788.681 	 589.654 	 0.161765 	 875.636 	 775.691 	 359.641 	 0.456003 	 0 	 0 	 NaN 	 NaN 	 0 	 0 	 0 	 NaN 	 NaN 	 NaN 	 NaN 	 0 	 0 	 NaN 	 NaN 	 102.389 	 21.8973 	 12.9745 	 0.0829093 	 156.491 	 0 	 0 	 NaN 	 NaN 	 0 	 0 	 0 	 NaN 	 NaN 	 NaN 	 NaN 	 0 	 0 	 NaN 	 NaN 	  Other 
44 	 336.047 	 145.981 	 1033.05 	 570.817 	 2622 	 76.9924 	 45.0879 	 0.81059 	 0.926502 	 214.995 	 1848.99 	 342.451 	 0.18521 	 508.429 	 1679.94 	 3755 	 0.924421 	 271.983 	 884.051 	 889.627 	 690.6 	 0.305882 	 962.244 	 881.146 	 242.323 	 0.272387 	 90 	 401 	 229.433 	 32.559 	 2 	 390.852 	 0.149066 	 44.4072 	 44.4072 	 44.4072 	 0 	 45 	 45 	 45 	 0 	 119.937 	 -13.7852 	 33.2781 	 0.19121 	 174.039 	 160 	 967 	 124.1 	 13.9596 	 4 	 1099.28 	 0.419252 	 52.8772 	 10.7989 	 32.2921 	 19.0822 	 57 	 10 	 40 	 20.8006 	  DCIS 
45 	 379.641 	 1956.26 	 494.49 	 659.553 	 9605 	 151.942 	 80.8026 	 0.84687 	 0.978804 	 402.132 	 1865.24 	 469.464 	 0.251692 	 1247.26 	 1696.19 	 12015 	 0.91515 	 524.35 	 1318.62 	 1556.65 	 1357.62 	 0.517526 	 1629.52 	 1525.92 	 260.868 	 0.167583 	 219 	 1258 	 205.288 	 8.41339 	 5 	 4132.63 	 0.430258 	 53.6 	 9.48683 	 29.9101 	 14.5443 	 50 	 34 	 43.8 	 5.89067 	 858.421 	 352.255 	 144.115 	 0.157931 	 912.523 	 467 	 2947 	 194.837 	 84.6968 	 10 	 1444.43 	 0.150383 	 115.126 	 9.6282 	 47.9687 	 27.8221 	 75 	 29 	 46.7 	 16.667 	  Tumour 
46 	 337.236 	 911.935 	 377.461 	 327.562 	 3242 	 72.7848 	 57.6352 	 0.610706 	 0.938079 	 232.652 	 2089.79 	 536.243 	 0.256601 	 1066.63 	 1920.74 	 3834 	 0.919424 	 277.296 	 886.35 	 943.918 	 744.891 	 0.731518 	 1002.71 	 900.195 	 167.799 	 0.177769 	 0 	 0 	 NaN 	 NaN 	 0 	 0 	 0 	 NaN 	 NaN 	 NaN 	 NaN 	 0 	 0 	 NaN 	 NaN 	 144.142 	 -15.5586 	 22.9604 	 0.115819 	 198.244 	 52 	 54 	 134.077 	 23.9365 	 1 	 0 	 0 	 NaN 	 NaN 	 NaN 	 NaN 	 52 	 52 	 52 	 0 	  DCIS 
47 	 341.694 	 766.671 	 480.288 	 268.844 	 1201 	 64.0646 	 25.0854 	 0.920151 	 0.921012 	 158.083 	 1506.98 	 368.55 	 0.244561 	 831.783 	 1337.93 	 2185 	 0.918067 	 220.184 	 721.941 	 747.373 	 548.345 	 0.258373 	 753.926 	 741.854 	 93.1171 	 0.124593 	 0 	 0 	 NaN 	 NaN 	 0 	 0 	 0 	 NaN 	 NaN 	 NaN 	 NaN 	 0 	 0 	 NaN 	 NaN 	 102.775 	 15.6729 	 23.0424 	 0.146882 	 156.877 	 0 	 0 	 NaN 	 NaN 	 0 	 0 	 0 	 NaN 	 NaN 	 NaN 	 NaN 	 0 	 0 	 NaN 	 NaN 	  DCIS 
48 	 376.049 	 574.145 	 656.891 	 278.46 	 2695 	 114.209 	 35.8808 	 0.949367 	 0.805199 	 264.007 	 1229.3 	 254.903 	 0.207356 	 545.428 	 1060.25 	 5685 	 0.712049 	 458.25 	 1578.45 	 1599.93 	 1400.9 	 0.584135 	 1660.95 	 1578.1 	 351.88 	 0.219935 	 36 	 36 	 304.528 	 107.653 	 1 	 0 	 0 	 NaN 	 NaN 	 NaN 	 NaN 	 36 	 36 	 36 	 0 	 381.402 	 115.71 	 76.7991 	 0.176345 	 435.504 	 41 	 43 	 159.683 	 49.5425 	 1 	 0 	 0 	 NaN 	 NaN 	 NaN 	 NaN 	 41 	 41 	 41 	 0 	  DCIS 
49 	 369.592 	 1000.35 	 364.157 	 361.425 	 3445 	 73.4201 	 62.5211 	 0.524267 	 0.93665 	 244.066 	 2195.1 	 669.518 	 0.305006 	 1128.71 	 2026.05 	 4324 	 0.934515 	 283.983 	 844.919 	 888.288 	 689.261 	 0.284644 	 966.711 	 865.199 	 116.421 	 0.131062 	 0 	 0 	 NaN 	 NaN 	 0 	 0 	 0 	 NaN 	 NaN 	 NaN 	 NaN 	 0 	 0 	 NaN 	 NaN 	 121.232 	 -13.118 	 24.2579 	 0.138353 	 175.334 	 104 	 325 	 139.971 	 29.8307 	 2 	 560.963 	 0.162834 	 31.5672 	 31.5672 	 31.5672 	 0 	 54 	 50 	 52 	 2.82843 	  DCIS 
50 	 418.109 	 1870.98 	 460.557 	 631.019 	 13109 	 171.75 	 98.5837 	 0.818858 	 0.961564 	 485.387 	 2110.8 	 489.515 	 0.23191 	 1266.72 	 1941.75 	 16750 	 0.827201 	 692.191 	 1328.82 	 1708.63 	 1509.6 	 1.00625 	 1702.53 	 1684.92 	 429.946 	 0.251632 	 459 	 4525 	 208.488 	 11.6137 	 9 	 2781.77 	 0.212203 	 90.1326 	 11.2605 	 43.7411 	 20.1172 	 80 	 30 	 51 	 14.9164 	 835.454 	 283.854 	 183.893 	 0.206725 	 889.556 	 1094 	 7763 	 188.747 	 78.6064 	 20 	 1535.56 	 0.117138 	 132.235 	 11.0305 	 56.5047 	 27.3735 	 113 	 31 	 54.7 	 21.5018 	  Tumour 
51 	 378.997 	 951.924 	 392.256 	 320.339 	 2521 	 71.2064 	 49.2835 	 0.72178 	 0.9144 	 220.652 	 1967.76 	 547.329 	 0.278148 	 1215.14 	 1798.71 	 3660 	 0.921914 	 267.882 	 816.068 	 861.988 	 662.96 	 0.637097 	 934.051 	 822.418 	 158.56 	 0.183947 	 33 	 33 	 224.455 	 27.5803 	 1 	 0 	 0 	 NaN 	 NaN 	 NaN 	 NaN 	 33 	 33 	 33 	 0 	 114.176 	 7.98716 	 19.8044 	 0.117688 	 168.278 	 115 	 221 	 136.07 	 25.9291 	 3 	 338.078 	 0.134105 	 12.7081 	 11.0244 	 11.5927 	 0.86411 	 54 	 29 	 38.3333 	 13.6504 	  DCIS 
52 	 383.844 	 680.344 	 574.298 	 229.085 	 3987 	 89.6306 	 58.3261 	 0.759302 	 0.956344 	 266.007 	 1494.22 	 304.242 	 0.203613 	 723.124 	 1325.17 	 8324 	 0.837677 	 464.007 	 1359.29 	 1465.6 	 1266.57 	 0.659574 	 1494.19 	 1446.44 	 171.988 	 0.11735 	 88 	 324 	 300.375 	 103.501 	 2 	 572.821 	 0.143672 	 36.8786 	 36.8786 	 36.8786 	 0 	 50 	 38 	 44 	 8.48528 	 286.413 	 82.0494 	 50.2894 	 0.147686 	 340.515 	 290 	 888 	 183.562 	 73.4217 	 4 	 1645.95 	 0.41283 	 37.8195 	 16.4394 	 24.9631 	 6.75304 	 126 	 36 	 72.5 	 40.4846 	  DCIS 
53 	 386.182 	 70.232 	 1120.71 	 561.032 	 3845 	 87.1575 	 60.6404 	 0.718278 	 0.904068 	 273.907 	 2311.13 	 722.228 	 0.3125 	 1505.82 	 2142.08 	 6127 	 0.825964 	 402.752 	 830.721 	 863.544 	 664.516 	 0.48 	 1150.08 	 755.599 	 398.368 	 0.461317 	 90 	 326 	 233.178 	 36.3035 	 2 	 583.403 	 0.15173 	 34.8855 	 34.8855 	 34.8855 	 0 	 45 	 45 	 45 	 0 	 117.269 	 34.4491 	 28.6378 	 0.167109 	 171.371 	 75 	 108 	 131.373 	 21.2329 	 2 	 655.341 	 0.17044 	 10.4869 	 10.4869 	 10.4869 	 0 	 43 	 32 	 37.5 	 7.77817 	  DCIS 
54 	 388.895 	 329.957 	 879.189 	 452.642 	 4171 	 87.0335 	 64.1455 	 0.67587 	 0.897955 	 285.907 	 1725.81 	 329.306 	 0.190812 	 580.051 	 1556.76 	 5431 	 0.933964 	 318.125 	 897.037 	 989.694 	 790.666 	 0.350168 	 1112.58 	 958.919 	 136.455 	 0.137876 	 45 	 45 	 270.756 	 73.8813 	 1 	 0 	 0 	 NaN 	 NaN 	 NaN 	 NaN 	 45 	 45 	 45 	 0 	 116.662 	 1.15392 	 29.3582 	 0.171923 	 170.764 	 119 	 167 	 136.168 	 26.0276 	 2 	 1415.18 	 0.339289 	 10.6765 	 10.6765 	 10.6765 	 0 	 63 	 56 	 59.5 	 4.94975 	  DCIS 
55 	 395.662 	 1152.25 	 365.494 	 363.299 	 3625 	 87.6238 	 53.621 	 0.790899 	 0.972632 	 244.108 	 1880.94 	 599.517 	 0.318732 	 1204.93 	 1711.9 	 4930 	 0.936194 	 302.225 	 998.429 	 1052.47 	 853.441 	 0.274648 	 1018.74 	 1056.15 	 118.78 	 0.112858 	 39 	 39 	 211.487 	 14.6129 	 1 	 0 	 0 	 NaN 	 NaN 	 NaN 	 NaN 	 39 	 39 	 39 	 0 	 130.788 	 9.67858 	 26.1864 	 0.141632 	 184.89 	 71 	 77 	 140.873 	 30.7328 	 1 	 0 	 0 	 NaN 	 NaN 	 NaN 	 NaN 	 71 	 71 	 71 	 0 	  DCIS 
56 	 431.116 	 1578.88 	 365.034 	 385.877 	 21849 	 182.695 	 153.864 	 0.539181 	 0.962045 	 610.056 	 2171.57 	 546.087 	 0.25147 	 1412.55 	 2002.53 	 31652 	 0.87451 	 873.546 	 1435.93 	 1777.48 	 1578.45 	 0.452528 	 1903.28 	 1733.9 	 297.949 	 0.167624 	 867 	 9575 	 228.773 	 31.8985 	 18 	 3913.06 	 0.179096 	 114.146 	 8.89932 	 62.5593 	 27.4992 	 86 	 36 	 48.1667 	 11.6783 	 635.135 	 165.827 	 92.3182 	 0.133943 	 689.237 	 1283 	 8053 	 186.051 	 75.911 	 21 	 4780.74 	 0.218808 	 109.076 	 9.05539 	 52.8818 	 23.5971 	 184 	 31 	 61.0952 	 32.2814 	  Tumour 
57 	 389.522 	 873.52 	 442.676 	 262.374 	 3637 	 84.8566 	 55.9908 	 0.751416 	 0.954092 	 248.451 	 1624.87 	 310.403 	 0.191032 	 909.331 	 1455.82 	 5425 	 0.949422 	 318.711 	 722.925 	 776.534 	 577.506 	 0.45302 	 873.289 	 752.226 	 134.394 	 0.173069 	 0 	 0 	 NaN 	 NaN 	 0 	 0 	 0 	 NaN 	 NaN 	 NaN 	 NaN 	 0 	 0 	 NaN 	 NaN 	 89.711 	 6.73346 	 28.4602 	 0.197897 	 143.813 	 107 	 304 	 124.85 	 14.71 	 2 	 279.186 	 0.0767627 	 29.1451 	 29.1451 	 29.1451 	 0 	 55 	 52 	 53.5 	 2.12132 	  DCIS 
58 	 392.802 	 190.728 	 1009.16 	 499.049 	 2921 	 71.0908 	 55.222 	 0.629771 	 0.912813 	 224.409 	 2505.2 	 705.483 	 0.281607 	 1108.78 	 2336.16 	 3949 	 0.910537 	 269.296 	 962.587 	 1011.47 	 812.446 	 0.425703 	 1010.95 	 1013.06 	 96.3894 	 0.095296 	 0 	 0 	 NaN 	 NaN 	 0 	 0 	 0 	 NaN 	 NaN 	 NaN 	 NaN 	 0 	 0 	 NaN 	 NaN 	 112.331 	 -25.7078 	 29.766 	 0.178847 	 166.433 	 72 	 287 	 127.972 	 17.8318 	 2 	 387.436 	 0.132638 	 36.9661 	 36.9661 	 36.9661 	 0 	 43 	 29 	 36 	 9.89949 	  DCIS 
59 	 405.244 	 553.974 	 689.287 	 267.367 	 2204 	 74.8587 	 39.0826 	 0.852893 	 0.919483 	 211.823 	 1191.86 	 158.699 	 0.133152 	 521.693 	 1022.81 	 3270 	 0.942907 	 263.924 	 1267.48 	 1293.92 	 1094.9 	 0.375527 	 1674.73 	 1178.98 	 494.93 	 0.382503 	 0 	 0 	 NaN 	 NaN 	 0 	 0 	 0 	 NaN 	 NaN 	 NaN 	 NaN 	 0 	 0 	 NaN 	 NaN 	 222.566 	 45.9793 	 79.5859 	 0.287658 	 276.668 	 0 	 0 	 NaN 	 NaN 	 0 	 0 	 0 	 NaN 	 NaN 	 NaN 	 NaN 	 0 	 0 	 NaN 	 NaN 	  DCIS 
60 	 407.407 	 244.199 	 965.245 	 462.896 	 2396 	 62.0594 	 51.9331 	 0.547463 	 0.929763 	 204.167 	 1899.14 	 460.869 	 0.242672 	 440.086 	 1730.1 	 3199 	 0.927515 	 240.551 	 1192.97 	 1129.06 	 930.03 	 0.47343 	 1122.26 	 1137.82 	 180.671 	 0.160019 	 0 	 0 	 NaN 	 NaN 	 0 	 0 	 0 	 NaN 	 NaN 	 NaN 	 NaN 	 0 	 0 	 NaN 	 NaN 	 157.486 	 35.1143 	 29.5107 	 0.139472 	 211.588 	 0 	 0 	 NaN 	 NaN 	 0 	 0 	 0 	 NaN 	 NaN 	 NaN 	 NaN 	 0 	 0 	 NaN 	 NaN 	  DCIS 
61 	 406.831 	 128.454 	 1073.03 	 520.908 	 1869 	 65.992 	 37.0159 	 0.827873 	 0.915728 	 180.953 	 2922.29 	 295.677 	 0.10118 	 870.475 	 2753.24 	 3345 	 0.924544 	 250.912 	 1036.54 	 1063.65 	 864.621 	 0.868644 	 1068.33 	 1059.05 	 178.67 	 0.167978 	 0 	 0 	 NaN 	 NaN 	 0 	 0 	 0 	 NaN 	 NaN 	 NaN 	 NaN 	 0 	 0 	 NaN 	 NaN 	 159.469 	 6.57981 	 17.0343 	 0.0797594 	 213.571 	 54 	 54 	 139.796 	 29.6559 	 1 	 0 	 0 	 NaN 	 NaN 	 NaN 	 NaN 	 54 	 54 	 54 	 0 	  DCIS 
62 	 416.165 	 387.6 	 838.6 	 390.466 	 2750 	 65.9331 	 54.4619 	 0.563645 	 0.948603 	 213.966 	 2014.87 	 475.317 	 0.235905 	 1024.82 	 1845.82 	 3824 	 0.937025 	 265.882 	 985.513 	 1005.4 	 806.375 	 0.479675 	 1064.51 	 980.148 	 148.169 	 0.147373 	 0 	 0 	 NaN 	 NaN 	 0 	 0 	 0 	 NaN 	 NaN 	 NaN 	 NaN 	 0 	 0 	 NaN 	 NaN 	 142.16 	 -1.01243 	 23.6592 	 0.120549 	 196.262 	 64 	 67 	 144 	 33.8596 	 1 	 0 	 0 	 NaN 	 NaN 	 NaN 	 NaN 	 64 	 64 	 64 	 0 	  DCIS 
63 	 438.195 	 1087.62 	 409.48 	 358.433 	 4174 	 91.9072 	 60.3222 	 0.754467 	 0.930865 	 269.622 	 1879.99 	 595.89 	 0.316964 	 1224.29 	 1710.95 	 6267 	 0.894774 	 369.681 	 936.686 	 926.308 	 727.28 	 0.136628 	 1013.04 	 921.308 	 163.873 	 0.17691 	 44 	 44 	 200.909 	 4.03481 	 1 	 0 	 0 	 NaN 	 NaN 	 NaN 	 NaN 	 44 	 44 	 44 	 0 	 137.299 	 6.7584 	 26.0332 	 0.136014 	 191.401 	 109 	 222 	 126.486 	 16.3458 	 2 	 1456.53 	 0.348954 	 18.4331 	 18.4331 	 18.4331 	 0 	 64 	 45 	 54.5 	 13.435 	  DCIS 
64 	 477.758 	 1733.42 	 441.616 	 546.761 	 10524 	 142.997 	 95.7869 	 0.742492 	 0.934636 	 439.973 	 1683.86 	 317.542 	 0.188579 	 903.415 	 1514.81 	 15168 	 0.881246 	 612.049 	 1404.44 	 1866.66 	 1667.64 	 0.434397 	 1961.85 	 1847.4 	 460.508 	 0.246701 	 245 	 3099 	 223.122 	 26.2482 	 6 	 2528.13 	 0.240225 	 106.921 	 13.4946 	 51.4177 	 29.3217 	 45 	 33 	 40.8333 	 5.45588 	 855.219 	 325.267 	 171.164 	 0.188233 	 909.321 	 611 	 4498 	 184.108 	 73.9676 	 11 	 1771.74 	 0.168352 	 94.5457 	 9 	 41.8531 	 20.6597 	 101 	 29 	 55.5455 	 20.2897 	  Tumour 
65 	 441.745 	 77.5848 	 1132.23 	 504.719 	 3119 	 66.5118 	 61.4696 	 0.381933 	 0.930489 	 239.581 	 2782.47 	 835.675 	 0.300336 	 1165.18 	 2613.42 	 3056 	 0.805058 	 286.61 	 1182.62 	 1216.7 	 1017.68 	 0.86692 	 1208.52 	 1213.71 	 207.864 	 0.170842 	 0 	 0 	 NaN 	 NaN 	 0 	 0 	 0 	 NaN 	 NaN 	 NaN 	 NaN 	 0 	 0 	 NaN 	 NaN 	 151.691 	 -31.5153 	 33.6555 	 0.163541 	 205.793 	 0 	 0 	 NaN 	 NaN 	 0 	 0 	 0 	 NaN 	 NaN 	 NaN 	 NaN 	 0 	 0 	 NaN 	 NaN 	  DCIS 
66 	 453.852 	 662.437 	 633.064 	 167.547 	 5639 	 114.704 	 66.1664 	 0.816855 	 0.910544 	 347.889 	 1542.32 	 360.068 	 0.233458 	 696.391 	 1373.28 	 12268 	 0.798802 	 622.392 	 1318.55 	 1540.65 	 1341.62 	 0.604167 	 1540.27 	 1524.61 	 327.394 	 0.212504 	 0 	 0 	 NaN 	 NaN 	 0 	 0 	 0 	 NaN 	 NaN 	 NaN 	 NaN 	 0 	 0 	 NaN 	 NaN 	 255.291 	 43.5768 	 35.0812 	 0.113387 	 309.393 	 0 	 0 	 NaN 	 NaN 	 0 	 0 	 0 	 NaN 	 NaN 	 NaN 	 NaN 	 0 	 0 	 NaN 	 NaN 	  DCIS 
67 	 464.069 	 252.785 	 980.759 	 407.427 	 4318 	 88.8298 	 75.1729 	 0.532775 	 0.755159 	 341.563 	 1903.37 	 590.051 	 0.310004 	 1013.13 	 1734.32 	 6067 	 0.824769 	 393.321 	 966.764 	 1009.78 	 810.754 	 0.568 	 995.282 	 1009.99 	 145.122 	 0.143717 	 0 	 0 	 NaN 	 NaN 	 0 	 0 	 0 	 NaN 	 NaN 	 NaN 	 NaN 	 0 	 0 	 NaN 	 NaN 	 104.752 	 -8.36065 	 29.0546 	 0.182901 	 158.854 	 38 	 38 	 129.579 	 19.4385 	 1 	 0 	 0 	 NaN 	 NaN 	 NaN 	 NaN 	 38 	 38 	 38 	 0 	  DCIS 
68 	 470.147 	 342.257 	 904.656 	 371.08 	 4173 	 84.1902 	 64.7317 	 0.6394 	 0.946903 	 265.522 	 2173.06 	 614.818 	 0.282928 	 1233.04 	 2004.01 	 5532 	 0.924311 	 330.61 	 960.948 	 1026.12 	 827.096 	 0.488599 	 1005.31 	 1032.27 	 93.6592 	 0.0912747 	 45 	 45 	 227.689 	 30.8146 	 1 	 0 	 0 	 NaN 	 NaN 	 NaN 	 NaN 	 45 	 45 	 45 	 0 	 118.947 	 -14.3443 	 20.8245 	 0.120339 	 173.049 	 82 	 168 	 136.598 	 26.4571 	 2 	 1460.01 	 0.349871 	 20.0151 	 20.0151 	 20.0151 	 0 	 49 	 33 	 41 	 11.3137 	  DCIS 
69 	 478.906 	 149.008 	 1081.18 	 450.877 	 2426 	 71.9268 	 44.8569 	 0.781707 	 0.907594 	 205.882 	 1676.19 	 378.4 	 0.225751 	 677.663 	 1507.14 	 2963 	 0.941233 	 233.74 	 964.595 	 1000.71 	 801.681 	 0.636364 	 1001.16 	 1007.95 	 154.017 	 0.153908 	 0 	 0 	 NaN 	 NaN 	 0 	 0 	 0 	 NaN 	 NaN 	 NaN 	 NaN 	 0 	 0 	 NaN 	 NaN 	 114.603 	 -10.3753 	 20.45 	 0.121218 	 168.705 	 0 	 0 	 NaN 	 NaN 	 0 	 0 	 0 	 NaN 	 NaN 	 NaN 	 NaN 	 0 	 0 	 NaN 	 NaN 	  DCIS 
70 	 484.623 	 195.766 	 1041.19 	 417.996 	 3056 	 71.1029 	 57.5772 	 0.586744 	 0.905481 	 240.066 	 1690.67 	 395.711 	 0.234056 	 902.397 	 1521.62 	 3943 	 0.837867 	 290.995 	 1009.8 	 958.55 	 759.522 	 0.641221 	 939.762 	 959.9 	 137.754 	 0.143711 	 0 	 0 	 NaN 	 NaN 	 0 	 0 	 0 	 NaN 	 NaN 	 NaN 	 NaN 	 0 	 0 	 NaN 	 NaN 	 136.106 	 29.2078 	 48.3436 	 0.254162 	 190.208 	 53 	 54 	 139.906 	 29.7652 	 1 	 0 	 0 	 NaN 	 NaN 	 NaN 	 NaN 	 53 	 53 	 53 	 0 	  DCIS 
71 	 491.216 	 98.4255 	 1132.62 	 452.418 	 2618 	 72.8919 	 46.8681 	 0.765882 	 0.944104 	 213.681 	 1964.51 	 577.575 	 0.294004 	 960.506 	 1795.47 	 3868 	 0.936562 	 262.326 	 1106.56 	 1106.41 	 907.381 	 0.510121 	 1098.11 	 1105.38 	 122.348 	 0.110581 	 0 	 0 	 NaN 	 NaN 	 0 	 0 	 0 	 NaN 	 NaN 	 NaN 	 NaN 	 0 	 0 	 NaN 	 NaN 	 147.83 	 -39.3726 	 38.6522 	 0.191412 	 201.932 	 0 	 0 	 NaN 	 NaN 	 0 	 0 	 0 	 NaN 	 NaN 	 NaN 	 NaN 	 0 	 0 	 NaN 	 NaN 	  DCIS 
72 	 525.017 	 553.389 	 761.864 	 193.685 	 9365 	 116.758 	 104.773 	 0.441313 	 0.96876 	 387.061 	 2254.3 	 818.081 	 0.362897 	 1574.87 	 2085.26 	 12290 	 0.904341 	 508.894 	 890.396 	 1062.92 	 863.893 	 0.266247 	 1522.43 	 993.645 	 425.36 	 0.400181 	 223 	 2163 	 226.61 	 29.7356 	 5 	 696.581 	 0.0743813 	 71.9719 	 25.0979 	 43.1761 	 16.1753 	 54 	 31 	 44.6 	 8.44393 	 106.443 	 -11.046 	 14.837 	 0.0924162 	 160.545 	 362 	 2930 	 130.5 	 20.3596 	 7 	 1175.66 	 0.125537 	 77.5075 	 9.93309 	 43.7194 	 17.8362 	 78 	 38 	 51.7143 	 13.2125 	  DCIS 
73 	 510.367 	 1160.83 	 479.818 	 313.249 	 2012 	 72.527 	 37.2217 	 0.858262 	 0.933643 	 199.966 	 1475.9 	 374.996 	 0.25408 	 926.289 	 1306.85 	 3227 	 0.916241 	 263.74 	 893.037 	 939.46 	 740.432 	 0.221774 	 1028.18 	 931.725 	 266.697 	 0.283884 	 38 	 38 	 143.289 	 -53.5848 	 1 	 0 	 0 	 NaN 	 NaN 	 NaN 	 NaN 	 38 	 38 	 38 	 0 	 89.8562 	 -7.1638 	 16.2553 	 0.112917 	 143.958 	 84 	 264 	 111.143 	 1.00244 	 2 	 667.337 	 0.331678 	 28.6509 	 28.6509 	 28.6509 	 0 	 50 	 34 	 42 	 11.3137 	  DCIS 
74 	 524.232 	 1935.07 	 583.168 	 517.232 	 6063 	 102.268 	 77.1855 	 0.656025 	 0.947196 	 368.475 	 1244.43 	 194.515 	 0.156309 	 627.715 	 1075.38 	 10227 	 0.824492 	 554.877 	 1492.92 	 1603.7 	 1404.67 	 0.936759 	 1615.77 	 1602.61 	 217.089 	 0.135368 	 45 	 45 	 238.711 	 41.8368 	 1 	 0 	 0 	 NaN 	 NaN 	 NaN 	 NaN 	 45 	 45 	 45 	 0 	 648.71 	 80.1078 	 101.561 	 0.144506 	 702.812 	 176 	 765 	 179.455 	 69.3141 	 4 	 1486.4 	 0.24516 	 44.2295 	 8.14732 	 25.9673 	 13.7302 	 56 	 36 	 44 	 8.83176 	  Tumour 
75 	 538.158 	 2027.14 	 654.212 	 502.928 	 5541 	 120.773 	 58.9824 	 0.872634 	 0.967522 	 317.948 	 1301.67 	 195.156 	 0.149928 	 711.525 	 1132.62 	 8662 	 0.847969 	 509.622 	 1533.68 	 1601.26 	 1402.24 	 0.590717 	 1516.83 	 1625.23 	 190.011 	 0.118663 	 0 	 0 	 NaN 	 NaN 	 0 	 0 	 0 	 NaN 	 NaN 	 NaN 	 NaN 	 0 	 0 	 NaN 	 NaN 	 826.03 	 218.591 	 173.896 	 0.197579 	 880.132 	 162 	 451 	 196.383 	 86.2423 	 3 	 1099.84 	 0.198491 	 19.7022 	 15.3033 	 18.2297 	 2.26678 	 90 	 30 	 54 	 31.749 	  Tumour 
76 	 560.272 	 1866.36 	 573.847 	 493.082 	 7815 	 131.119 	 77.3297 	 0.807574 	 0.946699 	 394.475 	 1537.79 	 300.085 	 0.19514 	 797.81 	 1368.75 	 13408 	 0.885952 	 591.362 	 1927.84 	 2084.55 	 1885.53 	 0.648148 	 2017.31 	 2111.4 	 586.731 	 0.281466 	 143 	 1336 	 210.797 	 13.9229 	 4 	 2585.66 	 0.330859 	 65.691 	 9.91632 	 38.5706 	 19.6875 	 45 	 31 	 35.75 	 6.39661 	 887.691 	 249.541 	 133.266 	 0.141502 	 941.793 	 273 	 1372 	 174.44 	 64.2991 	 6 	 1596.94 	 0.204343 	 64.6803 	 11.2222 	 32.8747 	 15.668 	 58 	 37 	 45.5 	 6.86294 	  Tumour 
77 	 523.984 	 1118.85 	 493.199 	 307.275 	 1342 	 56.0597 	 31.7469 	 0.824195 	 0.890511 	 174.409 	 1115.72 	 161.165 	 0.14445 	 526.083 	 946.673 	 2576 	 0.922636 	 222.912 	 848.981 	 953.37 	 754.342 	 0.307692 	 1046.77 	 929.56 	 463.897 	 0.486586 	 0 	 0 	 NaN 	 NaN 	 0 	 0 	 0 	 NaN 	 NaN 	 NaN 	 NaN 	 0 	 0 	 NaN 	 NaN 	 86.4323 	 -8.87188 	 13.5441 	 0.096376 	 140.534 	 0 	 0 	 NaN 	 NaN 	 0 	 0 	 0 	 NaN 	 NaN 	 NaN 	 NaN 	 0 	 0 	 NaN 	 NaN 	  DCIS 
78 	 607.623 	 728.439 	 1004.73 	 79.7621 	 18448 	 212.248 	 117.692 	 0.832181 	 0.923924 	 596.299 	 1803.22 	 358.688 	 0.198916 	 1099.26 	 1634.17 	 28860 	 0.839002 	 891.245 	 1194.1 	 1610 	 1410.97 	 0.429268 	 1596.9 	 1606.51 	 558.792 	 0.347077 	 476 	 9539 	 217.05 	 20.1761 	 11 	 2899.69 	 0.157182 	 128.407 	 11.1949 	 73.452 	 34.7694 	 56 	 31 	 43.2727 	 6.90059 	 504.458 	 185.481 	 191.166 	 0.342247 	 558.56 	 1055 	 8536 	 167.999 	 57.8586 	 17 	 2517.68 	 0.136474 	 131.928 	 9.75996 	 66.848 	 33.0943 	 144 	 30 	 62.0588 	 28.0033 	  Tumour 
79 	 559.608 	 263.204 	 1018.2 	 318.529 	 7985 	 132.702 	 94.9883 	 0.698303 	 0.800742 	 533.044 	 1804.87 	 384.346 	 0.212949 	 908.502 	 1635.82 	 10744 	 0.864152 	 541.522 	 792.398 	 874.541 	 675.513 	 0.552684 	 944.716 	 849.24 	 284.709 	 0.325553 	 0 	 0 	 NaN 	 NaN 	 0 	 0 	 0 	 NaN 	 NaN 	 NaN 	 NaN 	 0 	 0 	 NaN 	 NaN 	 91.403 	 -7.27604 	 22.6732 	 0.155824 	 145.505 	 273 	 2935 	 121.872 	 11.7314 	 6 	 782.692 	 0.0980202 	 78.3457 	 11.0302 	 44.6926 	 19.2544 	 61 	 31 	 45.5 	 12.9885 	    
80 	 547.09 	 368.998 	 921.928 	 289.928 	 5254 	 141.069 	 61.9069 	 0.898564 	 0.74472 	 385.161 	 1961.88 	 580.563 	 0.295921 	 1129.84 	 1792.83 	 6911 	 0.839835 	 426.652 	 643.973 	 666.725 	 467.697 	 0.343434 	 794.485 	 645.159 	 273.097 	 0.40961 	 90 	 531 	 188.578 	 -8.29651 	 2 	 402.18 	 0.0765475 	 63.3482 	 63.3482 	 63.3482 	 0 	 45 	 45 	 45 	 0 	 91.8039 	 21.658 	 29.4478 	 0.201827 	 145.906 	 33 	 34 	 109.455 	 -0.685872 	 1 	 0 	 0 	 NaN 	 NaN 	 NaN 	 NaN 	 33 	 33 	 33 	 0 	  Fib 
81 	 566.355 	 929.366 	 572.574 	 180.878 	 6729 	 115.897 	 76.9716 	 0.74761 	 0.897439 	 399.304 	 1559.41 	 413.959 	 0.265459 	 962.432 	 1390.36 	 9049 	 0.90735 	 431.095 	 797.299 	 763.916 	 564.888 	 0.148148 	 1084.28 	 737.457 	 329.167 	 0.430894 	 34 	 35 	 134.706 	 -62.1684 	 1 	 0 	 0 	 NaN 	 NaN 	 NaN 	 NaN 	 34 	 34 	 34 	 0 	 177.238 	 40.5079 	 33.234 	 0.143659 	 231.34 	 164 	 1543 	 123.915 	 13.7742 	 3 	 2109.06 	 0.313428 	 57.1069 	 38.3251 	 46.7308 	 8.53705 	 65 	 37 	 54.6667 	 15.3731 	  DCIS 
82 	 577.436 	 1467.32 	 522.082 	 288.007 	 9395 	 123.391 	 97.3292 	 0.614664 	 0.976713 	 384.191 	 1530.58 	 319.091 	 0.208478 	 958.622 	 1361.53 	 13795 	 0.931843 	 518.475 	 1521.83 	 1573.54 	 1374.51 	 0.344978 	 1657.42 	 1551.97 	 316.366 	 0.201054 	 264 	 3580 	 217.462 	 20.5878 	 6 	 2360.22 	 0.251221 	 93.2328 	 8.544 	 54.7384 	 25.2562 	 45 	 39 	 44 	 2.44949 	 869.708 	 359.586 	 187.215 	 0.202655 	 923.81 	 403 	 3027 	 177.079 	 66.939 	 8 	 1698.15 	 0.18075 	 84.5052 	 10.2674 	 44.6041 	 21.2665 	 77 	 32 	 50.375 	 16.3876 	  Tumour 
83 	 595.832 	 1566.33 	 530.06 	 347.248 	 8537 	 121.815 	 92.5597 	 0.650109 	 0.894489 	 410.576 	 1512.97 	 269.817 	 0.178336 	 715.038 	 1343.92 	 12617 	 0.895776 	 528.593 	 1410.94 	 1657.85 	 1458.82 	 0.569672 	 1628.26 	 1663.22 	 251.194 	 0.151518 	 33 	 35 	 244.152 	 47.2772 	 1 	 0 	 0 	 NaN 	 NaN 	 NaN 	 NaN 	 33 	 33 	 33 	 0 	 875.178 	 365.234 	 176.991 	 0.19046 	 929.28 	 218 	 1296 	 189.807 	 79.6669 	 3 	 2382.73 	 0.279106 	 45.0788 	 32.5318 	 38.4161 	 5.64352 	 89 	 56 	 72.6667 	 16.5025 	  Tumour 
84 	 579.286 	 1178.98 	 549.927 	 288.007 	 1348 	 49.4628 	 36.4994 	 0.674891 	 0.919509 	 147.882 	 1329.17 	 215.252 	 0.161945 	 884.476 	 1160.12 	 2418 	 0.946009 	 209.255 	 820.411 	 720.847 	 521.819 	 0 	 0 	 0 	 244.866 	 0.339692 	 0 	 0 	 NaN 	 NaN 	 0 	 0 	 0 	 NaN 	 NaN 	 NaN 	 NaN 	 0 	 0 	 NaN 	 NaN 	 110.335 	 18.9097 	 27.1874 	 0.165336 	 164.437 	 0 	 0 	 NaN 	 NaN 	 0 	 0 	 0 	 NaN 	 NaN 	 NaN 	 NaN 	 0 	 0 	 NaN 	 NaN 	  Other 
85 	 589.809 	 86.0556 	 1186.88 	 360.185 	 3167 	 73.8835 	 58.0629 	 0.61839 	 0.92198 	 242.894 	 1613.59 	 343.145 	 0.212659 	 765.805 	 1444.54 	 4463 	 0.939184 	 285.74 	 833.423 	 755.941 	 556.913 	 0 	 0 	 0 	 198.635 	 0.262766 	 32 	 32 	 225.031 	 28.157 	 1 	 0 	 0 	 NaN 	 NaN 	 NaN 	 NaN 	 32 	 32 	 32 	 0 	 126.21 	 20.8734 	 14.4961 	 0.0803945 	 180.312 	 130 	 483 	 115.862 	 5.72112 	 3 	 408.402 	 0.128956 	 37.6353 	 13.6474 	 26.1632 	 10.7581 	 47 	 41 	 43.3333 	 3.21455 	  DCIS 
86 	 618.896 	 602.739 	 791.608 	 125.483 	 4105 	 96.7619 	 54.603 	 0.825568 	 0.959785 	 259.238 	 2280.58 	 552.621 	 0.242316 	 1108.34 	 2111.53 	 5285 	 0.953111 	 310.711 	 869.557 	 904.393 	 705.365 	 0.558621 	 923.92 	 889.158 	 112.153 	 0.124009 	 0 	 0 	 NaN 	 NaN 	 0 	 0 	 0 	 NaN 	 NaN 	 NaN 	 NaN 	 0 	 0 	 NaN 	 NaN 	 129.365 	 -17.9196 	 22.0745 	 0.120319 	 183.467 	 149 	 380 	 138.738 	 28.5978 	 4 	 1443.93 	 0.35175 	 23.9321 	 10.3648 	 16.166 	 5.93418 	 47 	 33 	 37.25 	 6.65207 	  DCIS 
87 	 632.713 	 327.811 	 1005.2 	 222.767 	 5314 	 107.094 	 65.0187 	 0.79461 	 0.956788 	 311.522 	 1529.8 	 331.8 	 0.216891 	 713.837 	 1360.75 	 7011 	 0.797339 	 464.066 	 910.306 	 1013.89 	 814.859 	 0.605081 	 1044.08 	 999.629 	 482.995 	 0.47638 	 58 	 60 	 159.103 	 -37.7708 	 1 	 0 	 0 	 NaN 	 NaN 	 NaN 	 NaN 	 58 	 58 	 58 	 0 	 93.1507 	 -23.0714 	 43.1683 	 0.293158 	 147.253 	 129 	 222 	 120.767 	 10.627 	 2 	 758.05 	 0.142652 	 18.2899 	 18.2899 	 18.2899 	 0 	 90 	 39 	 64.5 	 36.0624 	  DCIS 
88 	 638.221 	 1681.78 	 582.107 	 404.358 	 13210 	 146.935 	 115.617 	 0.617137 	 0.966067 	 469.588 	 1881.33 	 401.163 	 0.213234 	 1142.48 	 1712.28 	 16350 	 0.920297 	 578.451 	 1385.26 	 1899.36 	 1700.34 	 0.208487 	 1624.87 	 1928.69 	 311.619 	 0.164065 	 682 	 8332 	 232.116 	 35.2416 	 14 	 1825.48 	 0.138189 	 112.09 	 11.1803 	 58.3664 	 27.9246 	 62 	 33 	 48.7143 	 8.53435 	 787.501 	 275.097 	 120.448 	 0.143117 	 841.603 	 1202 	 8872 	 196.637 	 86.4969 	 23 	 1603.82 	 0.121409 	 127.299 	 9.315 	 59.0152 	 28.0063 	 122 	 29 	 52.2609 	 20.772 	  Tumour 
89 	 618.731 	 648.759 	 761.577 	 79.7621 	 2561 	 81.7385 	 41.5683 	 0.861031 	 0.913664 	 218.811 	 1553.31 	 205.683 	 0.132416 	 710.736 	 1384.26 	 5100 	 0.84788 	 362.409 	 958.795 	 1053.61 	 854.579 	 0.816092 	 1075.73 	 1030.4 	 305.521 	 0.289977 	 0 	 0 	 NaN 	 NaN 	 0 	 0 	 0 	 NaN 	 NaN 	 NaN 	 NaN 	 0 	 0 	 NaN 	 NaN 	 129.183 	 -16.1399 	 34.766 	 0.189683 	 183.285 	 92 	 99 	 133.62 	 23.4791 	 1 	 0 	 0 	 NaN 	 NaN 	 NaN 	 NaN 	 92 	 92 	 92 	 0 	  DCIS 
90 	 629.966 	 2028.82 	 724.652 	 411.579 	 4814 	 95.3489 	 65.5046 	 0.726658 	 0.9628 	 288.291 	 1475.87 	 314.793 	 0.213292 	 710.477 	 1306.83 	 11115 	 0.897457 	 522.652 	 1386.87 	 1706.76 	 1507.73 	 0.73374 	 1823.17 	 1654.89 	 342.863 	 0.200886 	 90 	 180 	 211.144 	 14.2702 	 2 	 154.845 	 0.0321656 	 17.0294 	 17.0294 	 17.0294 	 0 	 45 	 45 	 45 	 0 	 660.378 	 134.29 	 108.257 	 0.151519 	 714.48 	 214 	 643 	 180.509 	 70.3689 	 5 	 1172.99 	 0.243663 	 30.9206 	 8.94427 	 18.1284 	 6.19927 	 45 	 35 	 42.8 	 4.38178 	  Tumour 
91 	 657.698 	 533.571 	 867.139 	 199.97 	 4706 	 95.0184 	 64.0077 	 0.739065 	 0.955921 	 282.836 	 1792.75 	 430.247 	 0.239993 	 921.459 	 1623.7 	 6924 	 0.923446 	 382.894 	 691.37 	 750.775 	 551.747 	 0.185185 	 938.369 	 735.087 	 147.336 	 0.196245 	 45 	 45 	 168.333 	 -28.541 	 1 	 0 	 0 	 NaN 	 NaN 	 NaN 	 NaN 	 45 	 45 	 45 	 0 	 114.391 	 20.0214 	 23.6516 	 0.140372 	 168.493 	 43 	 43 	 125.047 	 14.9061 	 1 	 0 	 0 	 NaN 	 NaN 	 NaN 	 NaN 	 43 	 43 	 43 	 0 	  DCIS 
92 	 649.988 	 984.448 	 636.68 	 124.844 	 4568 	 93.2896 	 62.6653 	 0.740797 	 0.970263 	 267.765 	 1098.24 	 182.857 	 0.1665 	 538.124 	 929.192 	 9963 	 0.93444 	 453.179 	 1428.77 	 1606.84 	 1407.81 	 0.411622 	 1665.95 	 1579.71 	 548.029 	 0.341061 	 178 	 306 	 213.691 	 16.8167 	 2 	 3560.43 	 0.779429 	 15.8441 	 15.8441 	 15.8441 	 0 	 133 	 45 	 89 	 62.2254 	 211.303 	 -4.43593 	 23.8281 	 0.0897801 	 265.405 	 344 	 1716 	 133.648 	 23.5078 	 7 	 505.386 	 0.110636 	 53.3794 	 10.0499 	 30.0388 	 13.8984 	 78 	 41 	 49.1429 	 12.8118 	  DCIS 
93 	 684.838 	 1947.03 	 722.696 	 355.826 	 9341 	 117.471 	 105.604 	 0.437983 	 0.954722 	 403.304 	 1698.53 	 341.552 	 0.201087 	 946.748 	 1529.48 	 11466 	 0.92707 	 482.309 	 1370.34 	 1936.21 	 1737.18 	 0.842222 	 1970.7 	 1892.69 	 382.976 	 0.197797 	 338 	 1404 	 205.515 	 8.64051 	 8 	 3393.2 	 0.363258 	 53.6004 	 8.84411 	 24.634 	 12.8264 	 45 	 29 	 42.25 	 5.75078 	 693.25 	 175.002 	 79.4393 	 0.106294 	 747.352 	 474 	 2247 	 193.863 	 83.7225 	 6 	 3178.81 	 0.340307 	 61.2983 	 8.846 	 36.025 	 16.4751 	 170 	 45 	 79 	 46.8999 	  Tumour 
94 	 692.066 	 1843.11 	 681.349 	 374.178 	 10488 	 133.005 	 101.462 	 0.646583 	 0.964414 	 406.718 	 1623.59 	 288.934 	 0.177959 	 910.087 	 1454.55 	 16612 	 0.845653 	 645.907 	 1625.96 	 2409.89 	 2210.86 	 0.460133 	 2574.33 	 2347.67 	 668.816 	 0.27753 	 355 	 3978 	 218.873 	 21.999 	 6 	 3436.1 	 0.327622 	 82.6604 	 10.7703 	 55.0533 	 24.7791 	 115 	 32 	 59.1667 	 32.8902 	 946.796 	 338.161 	 161.924 	 0.161779 	 1000.9 	 687 	 3837 	 195.124 	 84.9833 	 10 	 1671.96 	 0.159417 	 92.8381 	 12.8062 	 40.8189 	 19.765 	 117 	 36 	 68.7 	 28.1269 	  Tumour 
95 	 700.032 	 194.8 	 1152.13 	 232.034 	 4129 	 100.959 	 54.5449 	 0.841494 	 0.935009 	 274.149 	 2151.76 	 612.048 	 0.284441 	 1093.39 	 1982.71 	 7340 	 0.857376 	 432.551 	 1152.16 	 1281.42 	 1082.39 	 0.511278 	 1617.05 	 1153.65 	 813.67 	 0.634974 	 49 	 51 	 186.898 	 -9.97633 	 1 	 0 	 0 	 NaN 	 NaN 	 NaN 	 NaN 	 49 	 49 	 49 	 0 	 145.879 	 -2.9814 	 53.2095 	 0.266073 	 199.981 	 172 	 587 	 117.087 	 6.94679 	 4 	 1030.93 	 0.249679 	 62.955 	 15.0308 	 34.024 	 17.1619 	 58 	 31 	 43 	 11.1654 	  DCIS 
96 	 720.016 	 597.07 	 872.936 	 128.973 	 4342 	 92.3733 	 63.1077 	 0.730248 	 0.916227 	 283.664 	 1533.73 	 298.358 	 0.194531 	 659.809 	 1364.68 	 6045 	 0.798863 	 389.765 	 1117.52 	 1186.52 	 987.495 	 0.782857 	 1234.67 	 1173.75 	 294.395 	 0.248116 	 0 	 0 	 NaN 	 NaN 	 0 	 0 	 0 	 NaN 	 NaN 	 NaN 	 NaN 	 0 	 0 	 NaN 	 NaN 	 157.108 	 -18.8733 	 28.9449 	 0.137043 	 211.211 	 0 	 0 	 NaN 	 NaN 	 0 	 0 	 0 	 NaN 	 NaN 	 NaN 	 NaN 	 0 	 0 	 NaN 	 NaN 	  DCIS 
97 	 709.714 	 293.527 	 1079.33 	 181.135 	 2928 	 67.1464 	 56.1239 	 0.548966 	 0.935463 	 223.48 	 2114.51 	 448.951 	 0.212319 	 693.951 	 1945.46 	 8451 	 0.875026 	 450.409 	 1365.96 	 1542.79 	 1343.76 	 0.679335 	 1484.23 	 1561.57 	 451.543 	 0.292679 	 71 	 122 	 227.028 	 30.1539 	 2 	 1322.36 	 0.451626 	 13.2668 	 13.2668 	 13.2668 	 0 	 38 	 33 	 35.5 	 3.53553 	 172.851 	 -23.7705 	 17.0091 	 0.0749457 	 226.953 	 83 	 321 	 130.843 	 20.703 	 2 	 218.647 	 0.0746746 	 38.6249 	 38.6249 	 38.6249 	 0 	 47 	 36 	 41.5 	 7.77817 	  DCIS 
98 	 745.054 	 903.45 	 954.611 	 124.844 	 9397 	 141.126 	 88.5111 	 0.778875 	 0.955951 	 409.931 	 1803.02 	 387.31 	 0.214812 	 1094.2 	 1633.97 	 16687 	 0.873939 	 626.357 	 1316.34 	 1637.12 	 1438.09 	 0.705128 	 1612.81 	 1642.93 	 343.538 	 0.209843 	 349 	 4413 	 251.705 	 54.8306 	 7 	 2334.69 	 0.248451 	 92.7786 	 18.2003 	 51.2568 	 20.0432 	 86 	 33 	 49.8571 	 16.6976 	 697.336 	 273.63 	 112.839 	 0.150164 	 751.438 	 854 	 6815 	 169.459 	 59.3186 	 16 	 1134.98 	 0.120781 	 124.342 	 8 	 56.601 	 27.1639 	 95 	 31 	 53.375 	 17.2351 	  Tumour 
99 	 742.259 	 144.156 	 1218.05 	 197.8 	 2190 	 66.5144 	 46.1457 	 0.720197 	 0.846868 	 216.693 	 1733.2 	 544.614 	 0.314224 	 994.351 	 1564.15 	 4148 	 0.89166 	 304.853 	 1500.34 	 1565.26 	 1366.23 	 0.342857 	 1547.71 	 1554.65 	 769.304 	 0.491486 	 0 	 0 	 NaN 	 NaN 	 0 	 0 	 0 	 NaN 	 NaN 	 NaN 	 NaN 	 0 	 0 	 NaN 	 NaN 	 178.657 	 -11.5025 	 54.6888 	 0.234958 	 232.759 	 44 	 45 	 120.455 	 10.3141 	 1 	 0 	 0 	 NaN 	 NaN 	 NaN 	 NaN 	 44 	 44 	 44 	 0 	  DCIS 
100 	 765.594 	 548.608 	 938.766 	 133.36 	 4022 	 88.9897 	 58.1445 	 0.757026 	 0.97385 	 255.522 	 1944.43 	 520.812 	 0.267848 	 1281.1 	 1775.38 	 5282 	 0.969174 	 297.439 	 978.043 	 1059.09 	 860.064 	 0.25641 	 1073.63 	 1059.81 	 264.332 	 0.249584 	 0 	 0 	 NaN 	 NaN 	 0 	 0 	 0 	 NaN 	 NaN 	 NaN 	 NaN 	 0 	 0 	 NaN 	 NaN 	 143.877 	 -4.71279 	 13.5413 	 0.0683978 	 197.979 	 114 	 406 	 133.342 	 23.2017 	 2 	 401.048 	 0.0997136 	 31.0756 	 31.0756 	 31.0756 	 0 	 65 	 49 	 57 	 11.3137 	  DCIS 
101 	 784.88 	 1509.39 	 721.932 	 199.882 	 15897 	 182.67 	 111.734 	 0.791111 	 0.984091 	 499.973 	 1947.53 	 489.922 	 0.251561 	 1326 	 1778.48 	 43581 	 0.928045 	 973.553 	 1169.23 	 1330.87 	 1131.85 	 0.135632 	 1600.96 	 1312.19 	 417.417 	 0.313641 	 554 	 7473 	 245.675 	 48.8008 	 11 	 2377.26 	 0.149542 	 159.204 	 9.27684 	 72.1289 	 39.5902 	 109 	 36 	 50.3636 	 20.5391 	 249.218 	 -43.6582 	 51.0333 	 0.168249 	 303.32 	 987 	 8165 	 182.925 	 72.7846 	 16 	 2267.33 	 0.142626 	 128.063 	 10.4043 	 55.5425 	 27.6674 	 120 	 36 	 61.6875 	 27.9827 	  Tumour 
102 	 781.631 	 1932.04 	 800.512 	 262.011 	 7133 	 114.142 	 85.2543 	 0.664922 	 0.916367 	 363.12 	 2025.51 	 352.857 	 0.174207 	 984.256 	 1856.46 	 8650 	 0.864741 	 461.966 	 1482.57 	 1855.35 	 1656.33 	 1.00935 	 1867.93 	 1857.75 	 430.343 	 0.231947 	 222 	 1501 	 202.842 	 5.96806 	 5 	 1260.27 	 0.176681 	 53.017 	 12 	 33.4729 	 12.5577 	 45 	 43 	 44.4 	 0.894427 	 869.98 	 297.867 	 137.759 	 0.149077 	 924.082 	 418 	 1513 	 187.835 	 77.6945 	 6 	 1707.36 	 0.239361 	 41.9461 	 13.0404 	 27.8449 	 9.38633 	 129 	 45 	 69.6667 	 32.666 	  Tumour 
103 	 802.159 	 2018.65 	 860.07 	 239.719 	 12778 	 143.317 	 116.243 	 0.584921 	 0.943444 	 467.605 	 2111.3 	 477.299 	 0.226069 	 1336.88 	 1942.25 	 19355 	 0.89648 	 689.078 	 1414.42 	 1834.06 	 1635.03 	 0.560372 	 1686.53 	 1866.22 	 404.228 	 0.220401 	 510 	 9692 	 202.467 	 5.59238 	 11 	 2072.04 	 0.162157 	 124.251 	 9.15092 	 71.3909 	 31.314 	 70 	 30 	 46.3636 	 11.12 	 654.097 	 167.573 	 97.5525 	 0.137747 	 708.199 	 770 	 9792 	 169.265 	 59.1245 	 16 	 2252.84 	 0.176306 	 113.573 	 7.97593 	 56.9327 	 29.7184 	 80 	 31 	 48.125 	 14.2869 	  Tumour 
104 	 800.82 	 986.296 	 941.259 	 101.592 	 9225 	 134.16 	 88.1926 	 0.753567 	 0.966576 	 387.747 	 1598.52 	 348.741 	 0.218165 	 956.003 	 1429.47 	 13785 	 0.913458 	 548.167 	 1300.27 	 1751.96 	 1552.93 	 0.334615 	 1818.41 	 1717.71 	 601.939 	 0.34358 	 357 	 4713 	 202.933 	 6.05849 	 8 	 1768.15 	 0.19167 	 90.6799 	 10.0499 	 49.4757 	 24.4025 	 45 	 42 	 44.625 	 1.06066 	 544.589 	 190.403 	 91.3241 	 0.15254 	 598.691 	 631 	 4432 	 145.008 	 34.8675 	 11 	 1331.45 	 0.144331 	 78.8085 	 9.07461 	 41.7509 	 18.5962 	 107 	 31 	 52.5833 	 22.0184 	  Tumour 
105 	 840.021 	 838.055 	 1068.07 	 239.616 	 20141 	 185.872 	 142.95 	 0.639153 	 0.940202 	 592.524 	 1906.73 	 416.191 	 0.218275 	 1150.34 	 1737.68 	 27058 	 0.927756 	 737.671 	 1336.1 	 1471.79 	 1272.76 	 0.706422 	 1458.93 	 1475.97 	 299.677 	 0.203614 	 258 	 2106 	 267.543 	 70.6683 	 6 	 7251.13 	 0.360019 	 61.5564 	 9.569 	 36.396 	 15.19 	 54 	 34 	 43 	 7.74597 	 595.013 	 170.569 	 151.625 	 0.233587 	 649.115 	 923 	 8013 	 181.98 	 71.8401 	 18 	 3188 	 0.158284 	 132.816 	 8.06226 	 54.1497 	 27.2618 	 103 	 30 	 51.2778 	 18.9389 	  Tumour 
106 	 782.693 	 1693.11 	 726.808 	 263.638 	 8887 	 144.061 	 79.7662 	 0.832719 	 0.953438 	 409.446 	 1577.37 	 278.732 	 0.176707 	 773.107 	 1408.32 	 14500 	 0.880068 	 612.735 	 1541.01 	 2016.32 	 1817.29 	 0.475352 	 1980.09 	 2023.04 	 541.678 	 0.268647 	 249 	 956 	 229.57 	 32.696 	 5 	 1672.66 	 0.188214 	 40.1352 	 10.5445 	 25.7435 	 10.3882 	 76 	 34 	 49.8 	 15.6748 	 843.035 	 351.608 	 162.754 	 0.181415 	 897.137 	 343 	 2196 	 200.052 	 89.9121 	 5 	 1750.83 	 0.19701 	 91.0295 	 20.0947 	 46.3734 	 23.0113 	 108 	 45 	 68.6 	 26.0154 	  Tumour 
107 	 805.352 	 693.579 	 1149.14 	 128.973 	 11488 	 147.019 	 102.298 	 0.718226 	 0.929375 	 476.943 	 1280.54 	 165.369 	 0.129139 	 526.187 	 1111.5 	 21145 	 0.902129 	 675.203 	 1504.78 	 1732.81 	 1533.79 	 0.708674 	 1783.69 	 1681.81 	 515.016 	 0.297214 	 232 	 3235 	 246.164 	 49.2895 	 5 	 3097.53 	 0.269631 	 108.265 	 16.1555 	 64.7486 	 33.2032 	 67 	 34 	 46.4 	 12.3612 	 554.269 	 201.179 	 130.657 	 0.214765 	 608.371 	 334 	 2012 	 176.006 	 65.8656 	 5 	 2767.95 	 0.240943 	 98.9821 	 8.544 	 46.3105 	 32.2443 	 97 	 45 	 66.8 	 22.3204 	  Tumour 
108 	 782.202 	 244.485 	 1163.75 	 156.605 	 2050 	 70.5833 	 38.5706 	 0.837489 	 0.931818 	 197.966 	 1294.98 	 223.239 	 0.172389 	 602.534 	 1125.93 	 7221 	 0.832296 	 462.309 	 1875.06 	 1990.22 	 1791.19 	 0.460465 	 1916.21 	 2009.35 	 610.239 	 0.306619 	 0 	 0 	 NaN 	 NaN 	 0 	 0 	 0 	 NaN 	 NaN 	 NaN 	 NaN 	 0 	 0 	 NaN 	 NaN 	 389.07 	 44.0009 	 64.2395 	 0.144954 	 443.172 	 43 	 44 	 131.419 	 21.2782 	 1 	 0 	 0 	 NaN 	 NaN 	 NaN 	 NaN 	 43 	 43 	 43 	 0 	  Other 
109 	 829.691 	 432.271 	 1373.99 	 133.36 	 9335 	 130.687 	 91.7961 	 0.711771 	 0.972193 	 389.848 	 2237.4 	 675.902 	 0.302093 	 1499.87 	 2068.35 	 10116 	 0.92333 	 467.279 	 1387.62 	 1536 	 1336.97 	 0.516279 	 1798.23 	 1431.21 	 389.893 	 0.253837 	 653 	 4444 	 259.828 	 62.9542 	 10 	 2174.36 	 0.232926 	 85.5151 	 14.0231 	 46.1225 	 18.4415 	 217 	 32 	 65.3 	 55.3435 	 319.97 	 93.3888 	 45.7192 	 0.12222 	 374.072 	 800 	 3886 	 156.021 	 45.8808 	 15 	 1623.02 	 0.173864 	 83.3011 	 9.77044 	 41.4529 	 19.8533 	 130 	 30 	 53.3333 	 24.558 	  Tumour 
110 	 837.478 	 1316.26 	 826.514 	 85 	 4927 	 109.645 	 58.4663 	 0.845969 	 0.941345 	 304.149 	 1460.34 	 409.056 	 0.28011 	 958.009 	 1291.29 	 7977 	 0.888802 	 441.037 	 1239.45 	 1397.42 	 1198.4 	 0.335802 	 1640.51 	 1339.87 	 396.009 	 0.283385 	 203 	 1178 	 200.429 	 3.55429 	 5 	 934.529 	 0.189675 	 46.6147 	 12.5602 	 28.1153 	 10.3889 	 45 	 32 	 40.6 	 6.1887 	 720.595 	 341.986 	 216.255 	 0.279148 	 774.697 	 347 	 1390 	 171.352 	 61.2112 	 3 	 1348.64 	 0.273724 	 62.9886 	 9.21954 	 32.8086 	 17.3533 	 118 	 45 	 69.4 	 34.1218 	  DCIS 
111 	 872.54 	 373.012 	 1446.95 	 157.867 	 6744 	 138.199 	 69.0445 	 0.866254 	 0.867619 	 385.889 	 2026.93 	 601.777 	 0.296891 	 798.149 	 1857.88 	 10436 	 0.760032 	 591.706 	 1684.21 	 1943.44 	 1744.42 	 0.728782 	 1960.1 	 1932.48 	 371.174 	 0.190988 	 44 	 220 	 267.5 	 70.6257 	 2 	 3059.06 	 0.453598 	 38.7282 	 38.7282 	 38.7282 	 0 	 39 	 5 	 22 	 24.0416 	 416.831 	 58.1378 	 182.86 	 0.388293 	 470.933 	 20 	 21 	 189.5 	 79.3596 	 1 	 0 	 0 	 NaN 	 NaN 	 NaN 	 NaN 	 20 	 20 	 20 	 0 	  Tumour 
112 	 837.226 	 1081.28 	 807.676 	 101.592 	 1401 	 48.3883 	 37.1042 	 0.641885 	 0.97427 	 142.711 	 1711.38 	 447.846 	 0.261687 	 1144.05 	 1542.34 	 2897 	 0.896904 	 254.711 	 1257.05 	 1389.53 	 1190.51 	 0 	 0 	 0 	 655.497 	 0.471738 	 45 	 45 	 174.356 	 -22.5187 	 1 	 0 	 0 	 NaN 	 NaN 	 NaN 	 NaN 	 45 	 45 	 45 	 0 	 183.237 	 12.1891 	 22.3498 	 0.0941683 	 237.339 	 61 	 66 	 129.459 	 19.3186 	 1 	 0 	 0 	 NaN 	 NaN 	 NaN 	 NaN 	 61 	 61 	 61 	 0 	  Other 
113 	 864.996 	 1677.06 	 805.612 	 180.236 	 8684 	 119.08 	 93.3967 	 0.620355 	 0.976059 	 365.605 	 2002.07 	 393.882 	 0.196738 	 1356.07 	 1833.02 	 10087 	 0.872729 	 492.936 	 1447.23 	 1805.21 	 1606.19 	 0.731278 	 1747.01 	 1841.11 	 358.617 	 0.198656 	 424 	 4004 	 213.733 	 16.8592 	 10 	 1965.26 	 0.226308 	 92.5158 	 8.544 	 40.7569 	 21.2823 	 45 	 29 	 42.4 	 5.66078 	 780.007 	 322.722 	 122.774 	 0.147191 	 834.109 	 599 	 3680 	 174.294 	 64.1534 	 12 	 1798.68 	 0.207125 	 107.813 	 8.7016 	 49.3151 	 26.6305 	 113 	 31 	 49.9167 	 21.3816 	  Tumour 
114 	 887.631 	 1248.11 	 884.285 	 85 	 9854 	 118.738 	 106.443 	 0.443134 	 0.962869 	 400.132 	 1900.5 	 400.505 	 0.210736 	 1143.16 	 1731.45 	 13844 	 0.888461 	 572.735 	 1426.24 	 1592.51 	 1393.48 	 0.25947 	 1604.34 	 1585.55 	 298.6 	 0.187503 	 291 	 1750 	 235.773 	 38.8989 	 7 	 1837.07 	 0.186428 	 73.9796 	 8.8883 	 38.5199 	 22.2392 	 45 	 32 	 41.5714 	 5.8838 	 320.548 	 36.4632 	 103.914 	 0.277362 	 374.65 	 599 	 4357 	 156.352 	 46.2118 	 11 	 1346.01 	 0.136596 	 83.1544 	 10.9192 	 42.3462 	 21.0101 	 80 	 33 	 49.9167 	 15.3354 	  Tumour 
115 	 880.2 	 1760.01 	 834.98 	 202.054 	 5212 	 100.139 	 68.9175 	 0.725503 	 0.921662 	 306.291 	 1624.85 	 395.596 	 0.243466 	 882.017 	 1455.8 	 6994 	 0.858686 	 411.48 	 1492.58 	 1778.16 	 1579.13 	 0.65 	 1881.75 	 1731.23 	 338.762 	 0.190513 	 101 	 1006 	 213.663 	 16.7891 	 3 	 478.422 	 0.0917924 	 70.2925 	 25.8315 	 48.5242 	 19.8965 	 41 	 27 	 33.6667 	 7.02377 	 587.107 	 88.3883 	 73.4003 	 0.114472 	 641.209 	 250 	 778 	 167.372 	 57.2316 	 4 	 856.215 	 0.164278 	 61.9255 	 9.08104 	 34.1264 	 21.1929 	 89 	 34 	 62.5 	 23.1012 	  Tumour 
116 	 879.887 	 1895.6 	 875.374 	 181.246 	 6734 	 111.204 	 78.446 	 0.708785 	 0.947383 	 341.848 	 1445.96 	 287.18 	 0.198608 	 628.238 	 1276.91 	 17046 	 0.879657 	 660.534 	 1434.04 	 1890.54 	 1691.51 	 0.7 	 1996.67 	 1820.83 	 677.369 	 0.358295 	 138 	 2278 	 233.884 	 37.0098 	 3 	 801.323 	 0.118997 	 72.9066 	 46.8744 	 61.9901 	 12.0878 	 48 	 45 	 46 	 1.73205 	 492.038 	 85.5055 	 67.0606 	 0.12279 	 546.14 	 140 	 150 	 170.843 	 60.7024 	 1 	 0 	 0 	 NaN 	 NaN 	 NaN 	 NaN 	 140 	 140 	 140 	 0 	  Tumour 
117 	 931.675 	 199.22 	 1624.99 	 156.605 	 13716 	 151.525 	 116.435 	 0.639949 	 0.983155 	 468.073 	 1700.54 	 380.05 	 0.223488 	 967.272 	 1531.49 	 25109 	 0.906855 	 765.563 	 1705.2 	 2363.55 	 2164.53 	 0.273611 	 2125.4 	 2398.58 	 616.602 	 0.260879 	 442 	 3569 	 273.441 	 76.5669 	 9 	 4240.65 	 0.309175 	 74.8798 	 8.67714 	 41.9207 	 19.1859 	 86 	 29 	 49.1111 	 16.8185 	 795.546 	 363.4 	 199.096 	 0.234327 	 849.648 	 745 	 5878 	 177.879 	 67.7388 	 15 	 2317.21 	 0.168942 	 107.113 	 11.0818 	 46.8158 	 21.1518 	 90 	 34 	 49.6667 	 14.8452 	  Tumour 
118 	 918.869 	 512.011 	 1362.15 	 157.41 	 9739 	 129.546 	 99.9727 	 0.635966 	 0.935363 	 432.215 	 1704.35 	 450.742 	 0.264465 	 957.682 	 1535.31 	 13722 	 0.920075 	 539.279 	 1504.77 	 1854.72 	 1655.69 	 0.705179 	 2054.71 	 1745.57 	 430.757 	 0.232249 	 182 	 608 	 272.374 	 75.4993 	 4 	 2652.86 	 0.272395 	 31.6546 	 8.06226 	 20.6444 	 8.08052 	 47 	 45 	 45.5 	 1 	 379.866 	 28.632 	 75.4673 	 0.173901 	 433.968 	 407 	 4187 	 153.452 	 43.3117 	 9 	 1326.83 	 0.136239 	 102.787 	 8.64693 	 47.2631 	 25.2012 	 58 	 35 	 45.2222 	 6.86982 	  Tumour 
119 	 953.429 	 682.657 	 1257.24 	 230.054 	 17432 	 156.69 	 142.291 	 0.418738 	 0.980869 	 513.772 	 1810.35 	 374.598 	 0.20692 	 1100.07 	 1641.31 	 26061 	 0.88809 	 774.233 	 1478.52 	 1709.35 	 1510.32 	 0.672727 	 1699.39 	 1708.6 	 286.707 	 0.167729 	 580 	 6506 	 270.74 	 73.8654 	 9 	 4853.4 	 0.278419 	 116.334 	 11.1803 	 56.9866 	 28.2837 	 192 	 45 	 64.4444 	 48.0549 	 334.405 	 -43.0497 	 51.4926 	 0.13254 	 388.507 	 1090 	 9878 	 171.839 	 61.699 	 17 	 2396.51 	 0.137478 	 133.254 	 11.1116 	 65.4457 	 30.3016 	 151 	 32 	 64.1176 	 26.6221 	  Tumour 
120 	 949.707 	 329.131 	 1526.92 	 184.532 	 12385 	 130.467 	 123.065 	 0.332041 	 0.972135 	 440.902 	 1833.03 	 391.826 	 0.213758 	 1153.59 	 1663.99 	 15774 	 0.844975 	 677.12 	 1541.91 	 2028.49 	 1829.47 	 0.669856 	 2101.97 	 1983.92 	 487.034 	 0.240096 	 314 	 2855 	 239.634 	 42.7595 	 8 	 4251.01 	 0.343238 	 111.314 	 9.75518 	 43.2134 	 29.6014 	 53 	 10 	 39.25 	 13.3818 	 869.562 	 363.534 	 189.36 	 0.20501 	 923.664 	 803 	 4628 	 179.237 	 69.0962 	 14 	 2950.29 	 0.238215 	 109.423 	 9.33958 	 48.4968 	 26.7212 	 129 	 15 	 57.3571 	 34.6246 	  Tumour 
121 	 928.448 	 1818.33 	 895.868 	 177.341 	 5259 	 84.3805 	 80.4887 	 0.300196 	 0.962482 	 290.191 	 1611.32 	 294.022 	 0.182473 	 854.457 	 1442.27 	 6774 	 0.90853 	 375.238 	 1426.44 	 1755.13 	 1556.1 	 0.901449 	 1840.41 	 1654.23 	 383.946 	 0.218757 	 61 	 63 	 214.852 	 17.9782 	 1 	 0 	 0 	 NaN 	 NaN 	 NaN 	 NaN 	 61 	 61 	 61 	 0 	 633.169 	 134.74 	 83.9517 	 0.122152 	 687.271 	 154 	 686 	 155.136 	 44.9959 	 3 	 1168.3 	 0.222152 	 67.9641 	 10.0322 	 45.417 	 27.7508 	 54 	 46 	 51.3333 	 4.6188 	  Tumour 
122 	 959.901 	 854.324 	 1147.88 	 258.182 	 7378 	 147.661 	 74.4302 	 0.863667 	 0.828989 	 421.203 	 1228.1 	 300.997 	 0.245092 	 400.289 	 1059.05 	 10302 	 0.86688 	 500.936 	 1308.19 	 1573.38 	 1374.35 	 0.599567 	 1544.19 	 1574.04 	 405.644 	 0.257817 	 32 	 32 	 220.344 	 23.4695 	 1 	 0 	 0 	 NaN 	 NaN 	 NaN 	 NaN 	 32 	 32 	 32 	 0 	 508.047 	 23.3813 	 93.1046 	 0.165623 	 562.149 	 172 	 988 	 148.523 	 38.3828 	 4 	 1243.57 	 0.16855 	 46.5785 	 10.1129 	 29.1492 	 11.4288 	 52 	 33 	 43 	 7.78888 	  Tumour 
123 	 977.904 	 1724.94 	 924.416 	 101 	 9196 	 121.167 	 98.9898 	 0.576675 	 0.965459 	 394.86 	 2096.03 	 563.005 	 0.268606 	 1251.55 	 1926.98 	 12509 	 0.862928 	 579.664 	 1433.4 	 1822.91 	 1623.88 	 0.599628 	 1853.74 	 1792.44 	 358.652 	 0.196747 	 224 	 1854 	 221.237 	 24.3623 	 5 	 1981.04 	 0.215424 	 74.2496 	 11.6221 	 37.8239 	 17.5751 	 49 	 42 	 44.8 	 2.68328 	 671.113 	 251.67 	 125.166 	 0.172592 	 725.215 	 465 	 2537 	 176.985 	 66.8445 	 6 	 1212.55 	 0.131856 	 63.2539 	 11.8413 	 36.7189 	 13.6197 	 132 	 45 	 77.5 	 34.0044 	  Tumour 
124 	 994.907 	 1907.89 	 987.217 	 86.954 	 6675 	 119.462 	 76.0978 	 0.770861 	 0.912134 	 354.919 	 1691.3 	 352.738 	 0.20856 	 981.959 	 1522.26 	 9898 	 0.82073 	 542.149 	 1426.26 	 1872.61 	 1673.58 	 0.752515 	 1847.18 	 1885.16 	 548.198 	 0.292746 	 185 	 2421 	 223.957 	 27.0825 	 4 	 434.057 	 0.0650272 	 75.824 	 30.3674 	 51.3837 	 16.5979 	 62 	 36 	 46.25 	 11.2657 	 866.402 	 347.501 	 153.205 	 0.166436 	 920.504 	 275 	 1244 	 181.018 	 70.8778 	 4 	 1006.42 	 0.150774 	 48.0399 	 12.4005 	 33.9047 	 13.3858 	 90 	 42 	 68.75 	 23.1138 	  Tumour 
125 	 1026.56 	 473.089 	 1461.41 	 168.372 	 13434 	 156.207 	 109.963 	 0.710243 	 0.983095 	 457.428 	 1767.36 	 328.439 	 0.185837 	 976.87 	 1598.31 	 20229 	 0.928362 	 671.262 	 1497.26 	 2153.48 	 1954.45 	 0.486224 	 2150.92 	 2131.47 	 496.418 	 0.230519 	 544 	 7559 	 266.842 	 69.9676 	 11 	 2190 	 0.163019 	 107.722 	 12.8062 	 57.4903 	 25.2303 	 71 	 39 	 49.4545 	 9.67847 	 976.739 	 456.928 	 202.73 	 0.196665 	 1030.84 	 1364 	 8821 	 190.538 	 80.3977 	 24 	 1188.91 	 0.0885 	 120.263 	 8.17139 	 54.9799 	 25.3082 	 108 	 30 	 56.8333 	 20.3142 	  Tumour 
126 	 1020.36 	 1799.87 	 980.404 	 95.4254 	 6014 	 121.759 	 64.7881 	 0.846682 	 0.931248 	 337.321 	 2162.22 	 560.749 	 0.259339 	 1423.96 	 1993.17 	 10118 	 0.851468 	 505.362 	 1451.13 	 1720.26 	 1521.23 	 0.698238 	 1767.16 	 1679.76 	 261.848 	 0.152214 	 226 	 1420 	 210.305 	 13.431 	 5 	 851.296 	 0.141552 	 61.6117 	 11.0454 	 36.8796 	 19.4198 	 46 	 45 	 45.2 	 0.447214 	 843.258 	 323.019 	 126.771 	 0.141271 	 897.36 	 245 	 1986 	 179.151 	 69.0106 	 5 	 956.73 	 0.159084 	 76.8067 	 13.8922 	 47.5332 	 25.6848 	 93 	 26 	 49 	 25.6418 	  Tumour 
127 	 1050.55 	 1179.48 	 1061.25 	 134.134 	 11772 	 159.196 	 94.4474 	 0.804998 	 0.984199 	 435.889 	 1663.99 	 315.632 	 0.189684 	 1056.83 	 1494.94 	 22497 	 0.920085 	 684.943 	 1587.82 	 1732.34 	 1533.31 	 0.191736 	 1460.32 	 1764.17 	 309.754 	 0.178807 	 74 	 768 	 267.149 	 70.2744 	 2 	 3970.78 	 0.337307 	 96.7471 	 96.7471 	 96.7471 	 0 	 42 	 32 	 37 	 7.07107 	 214.114 	 -25.6484 	 31.8771 	 0.118849 	 268.216 	 424 	 4242 	 163.55 	 53.4091 	 8 	 2558.07 	 0.217301 	 104.24 	 13.4016 	 48.9221 	 23.5047 	 86 	 34 	 53 	 19.4863 	  Tumour 
128 	 1064.24 	 1401.86 	 1067.45 	 223.379 	 3256 	 286.595 	 18.7136 	 0.997866 	 0.637681 	 556.708 	 1241 	 228.386 	 0.184034 	 570.024 	 1071.95 	 7982 	 0.689054 	 675.21 	 1297 	 1276.47 	 1077.44 	 0.398246 	 1370.86 	 1253.96 	 415.716 	 0.325675 	 0 	 0 	 NaN 	 NaN 	 0 	 0 	 0 	 NaN 	 NaN 	 NaN 	 NaN 	 0 	 0 	 NaN 	 NaN 	 189.364 	 24.501 	 48.6579 	 0.199854 	 243.467 	 41 	 43 	 111.366 	 1.22544 	 1 	 0 	 0 	 NaN 	 NaN 	 NaN 	 NaN 	 41 	 41 	 41 	 0 	  Fib 
129 	 1061.11 	 1866.15 	 1036.96 	 119.05 	 8838 	 131.115 	 90.7511 	 0.721754 	 0.911322 	 414.86 	 2170.74 	 530.182 	 0.244241 	 1492.46 	 2001.69 	 12446 	 0.899212 	 580.149 	 1469.28 	 1851.14 	 1652.11 	 0.71028 	 1837.37 	 1855.87 	 333.276 	 0.180038 	 469 	 3491 	 213.48 	 16.6055 	 10 	 1115.96 	 0.126268 	 79.2474 	 12.1255 	 41.4881 	 18.8918 	 68 	 33 	 46.9 	 10.5772 	 995.615 	 352.726 	 133.723 	 0.12739 	 1049.72 	 381 	 3849 	 184.525 	 74.3845 	 8 	 900.032 	 0.101837 	 86.2851 	 11.5923 	 48.5272 	 21.9974 	 54 	 38 	 47.625 	 4.92624 	  Tumour 
130 	 1039.37 	 1630.07 	 1123.87 	 112.898 	 5722 	 103.654 	 70.9005 	 0.72947 	 0.960873 	 303.765 	 2603.37 	 783.531 	 0.300968 	 1564.95 	 2434.32 	 7915 	 0.911446 	 400.35 	 1177.59 	 1296.55 	 1097.53 	 0.537396 	 1104.51 	 1388.91 	 374.968 	 0.289204 	 119 	 627 	 196.336 	 -0.538151 	 3 	 540.655 	 0.094487 	 56.599 	 19.6469 	 38.2774 	 16.5272 	 45 	 29 	 39.6667 	 9.2376 	 141.591 	 -33.4768 	 36.765 	 0.18787 	 195.693 	 211 	 1065 	 140.047 	 29.907 	 4 	 831.337 	 0.145288 	 54.0898 	 13.4787 	 35.2906 	 15.6677 	 64 	 32 	 52.75 	 14.3149 	  DCIS 
131 	 1093.25 	 807.601 	 1281.2 	 217.681 	 22664 	 199.892 	 146.644 	 0.679568 	 0.96295 	 617.855 	 1920.84 	 413.396 	 0.215217 	 1080.38 	 1751.79 	 42568 	 0.935437 	 938.624 	 1383.8 	 1901.95 	 1702.92 	 0.666272 	 1687.73 	 2015.88 	 668.006 	 0.351222 	 723 	 14390 	 269.12 	 72.246 	 15 	 4900.81 	 0.216238 	 154.161 	 8.62862 	 87.2808 	 44.0647 	 90 	 30 	 48.2 	 16.1121 	 578.704 	 92.3214 	 84.0548 	 0.132829 	 632.806 	 1360 	 14983 	 183.659 	 73.5184 	 20 	 4203.46 	 0.185469 	 148.082 	 8.08936 	 78.6102 	 35.7845 	 236 	 29 	 68 	 44.1278 	  Tumour 
132 	 1038.51 	 1983.3 	 1318.55 	 86.954 	 2370 	 75.7023 	 40.2579 	 0.846875 	 0.949519 	 209.823 	 1206.3 	 146.107 	 0.12112 	 558.165 	 1037.25 	 6450 	 0.905263 	 388.894 	 1637.2 	 1809.88 	 1610.85 	 0.467787 	 1909.99 	 1758.14 	 593.712 	 0.328039 	 48 	 50 	 239.667 	 42.7924 	 1 	 0 	 0 	 NaN 	 NaN 	 NaN 	 NaN 	 48 	 48 	 48 	 0 	 650.184 	 136.562 	 65.0487 	 0.0923612 	 704.286 	 122 	 201 	 167.984 	 57.8432 	 2 	 950.341 	 0.400988 	 13.3414 	 13.3414 	 13.3414 	 0 	 79 	 43 	 61 	 25.4558 	  Other 
133 	 1046.65 	 1547.84 	 1097.49 	 189.974 	 4064 	 76.5369 	 67.8466 	 0.462811 	 0.975516 	 246.007 	 2110.46 	 608.087 	 0.28813 	 1350.34 	 1941.41 	 5732 	 0.934159 	 325.882 	 954.962 	 1037.36 	 838.332 	 0.620915 	 1112.56 	 1000.11 	 123.843 	 0.119382 	 85 	 170 	 187.929 	 -8.94487 	 2 	 521.977 	 0.128439 	 16.1576 	 16.1576 	 16.1576 	 0 	 45 	 40 	 42.5 	 3.53553 	 129.329 	 -16.1559 	 20.8962 	 0.113919 	 183.431 	 141 	 335 	 133.794 	 23.6539 	 2 	 289.503 	 0.071236 	 23.2376 	 23.2376 	 23.2376 	 0 	 81 	 60 	 70.5 	 14.8492 	  DCIS 
134 	 1053.36 	 1458.94 	 1072.73 	 267.854 	 3876 	 89.7606 	 55.3719 	 0.787054 	 0.961548 	 255.321 	 2097.85 	 683.708 	 0.32591 	 1431.34 	 1928.8 	 5433 	 0.907921 	 334.877 	 1095.49 	 1218.03 	 1019 	 0.597902 	 1298.11 	 1173.29 	 264.283 	 0.216975 	 90 	 233 	 190.111 	 -6.76317 	 2 	 379.812 	 0.0979907 	 24.5153 	 24.5153 	 24.5153 	 0 	 45 	 45 	 45 	 0 	 145.72 	 -14.5608 	 26.6856 	 0.133547 	 199.822 	 102 	 271 	 137.794 	 27.6537 	 2 	 872.711 	 0.225158 	 29.3077 	 29.3077 	 29.3077 	 0 	 65 	 37 	 51 	 19.799 	  DCIS 
135 	 1079.38 	 1725.03 	 1203.65 	 95.4254 	 4040 	 136.958 	 39.0211 	 0.958553 	 0.887522 	 329.99 	 1707.23 	 479.001 	 0.280573 	 922.436 	 1538.18 	 6438 	 0.773519 	 496.558 	 1323.73 	 1402 	 1202.97 	 0.414692 	 1197.85 	 1453.5 	 423.138 	 0.301812 	 42 	 43 	 229.929 	 33.0543 	 1 	 0 	 0 	 NaN 	 NaN 	 NaN 	 NaN 	 42 	 42 	 42 	 0 	 200.199 	 -27.8516 	 45.2893 	 0.178093 	 254.301 	 60 	 63 	 142.55 	 32.4096 	 1 	 0 	 0 	 NaN 	 NaN 	 NaN 	 NaN 	 60 	 60 	 60 	 0 	  Fib 
136 	 1129.96 	 674.851 	 1392.95 	 271.31 	 9126 	 138.058 	 85.1057 	 0.787393 	 0.970129 	 390.274 	 1637.3 	 340.877 	 0.208195 	 989.344 	 1468.25 	 20057 	 0.888539 	 671.026 	 1506.97 	 1618.31 	 1419.28 	 0.623917 	 1706.13 	 1578.11 	 340.83 	 0.210609 	 126 	 176 	 262.929 	 66.0543 	 2 	 4697.83 	 0.514775 	 13.9566 	 13.9566 	 13.9566 	 0 	 90 	 36 	 63 	 38.1838 	 746.957 	 300.65 	 225.509 	 0.281513 	 801.059 	 217 	 1398 	 189.309 	 79.1683 	 4 	 2716.37 	 0.297652 	 80.063 	 16.0001 	 47.2147 	 25.4382 	 85 	 39 	 54.25 	 21.1246 	  Tumour 
137 	 1119.94 	 1604.86 	 1186.89 	 185.914 	 3994 	 75.3028 	 70.5207 	 0.350682 	 0.914377 	 266.451 	 1823.6 	 478.06 	 0.262151 	 963.453 	 1654.56 	 5274 	 0.844245 	 344.953 	 1070.63 	 1085.43 	 886.399 	 0.640867 	 1113.35 	 1068.13 	 101.859 	 0.093842 	 71 	 183 	 231.746 	 34.8722 	 2 	 652.76 	 0.163435 	 20.7471 	 20.7471 	 20.7471 	 0 	 37 	 34 	 35.5 	 2.12132 	 188.207 	 8.95816 	 30.5541 	 0.126096 	 242.309 	 71 	 75 	 144.676 	 34.5356 	 1 	 0 	 0 	 NaN 	 NaN 	 NaN 	 NaN 	 71 	 71 	 71 	 0 	  DCIS 
138 	 1116.61 	 1534.17 	 1157.67 	 236.224 	 4581 	 82.1601 	 71.4589 	 0.493489 	 0.94943 	 276.35 	 2033.15 	 708.207 	 0.34833 	 1151.21 	 1864.1 	 5606 	 0.90668 	 332.953 	 1105.61 	 1135.43 	 936.406 	 0.787781 	 1174.41 	 1105.93 	 118.624 	 0.104475 	 86 	 91 	 232.977 	 36.1025 	 1 	 0 	 0 	 NaN 	 NaN 	 NaN 	 NaN 	 86 	 86 	 86 	 0 	 156.869 	 -6.70914 	 28.253 	 0.133919 	 210.971 	 78 	 100 	 147.372 	 37.2314 	 2 	 519.009 	 0.113296 	 8.22032 	 8.22032 	 8.22032 	 0 	 40 	 38 	 39 	 1.41421 	  DCIS 
139 	 1161.8 	 603.485 	 1464.26 	 261.503 	 11438 	 200.925 	 77.6995 	 0.922202 	 0.884199 	 500.985 	 1833.25 	 415.945 	 0.226889 	 1149.14 	 1664.21 	 15253 	 0.783813 	 681.428 	 1297.56 	 1582.88 	 1383.86 	 0.724541 	 1586.98 	 1586.96 	 352.299 	 0.222567 	 37 	 39 	 266.297 	 69.423 	 1 	 0 	 0 	 NaN 	 NaN 	 NaN 	 NaN 	 37 	 37 	 37 	 0 	 549.86 	 148.227 	 104.824 	 0.17356 	 603.962 	 830 	 5151 	 161.394 	 51.2536 	 15 	 2062.56 	 0.180325 	 149.644 	 12.6062 	 60.5281 	 35.5096 	 121 	 29 	 55.3333 	 25.0048 	  Tumour 
140 	 1125.54 	 1391.38 	 1124.98 	 224.876 	 2700 	 75.7492 	 46.3955 	 0.790479 	 0.96291 	 210.267 	 2438.01 	 580.699 	 0.238186 	 1120.49 	 2268.96 	 4517 	 0.893394 	 342.208 	 1232.58 	 1262.44 	 1063.42 	 0.791531 	 1298.37 	 1236.48 	 217.63 	 0.172388 	 45 	 45 	 207.467 	 10.5924 	 1 	 0 	 0 	 NaN 	 NaN 	 NaN 	 NaN 	 45 	 45 	 45 	 0 	 183.507 	 -43.905 	 46.7635 	 0.196808 	 237.609 	 33 	 33 	 134.394 	 24.2535 	 1 	 0 	 0 	 NaN 	 NaN 	 NaN 	 NaN 	 33 	 33 	 33 	 0 	  DCIS 
141 	 1162.87 	 2002.29 	 1177.54 	 125.447 	 7038 	 127.67 	 77.424 	 0.795131 	 0.871579 	 389.203 	 2004.65 	 508.852 	 0.253836 	 1141.75 	 1835.6 	 11026 	 0.709022 	 639.605 	 1292.28 	 1610.04 	 1411.02 	 0.647359 	 1664.06 	 1577.75 	 370.91 	 0.230373 	 187 	 1212 	 209.15 	 12.2754 	 4 	 1600.44 	 0.2274 	 42.8178 	 18.2919 	 31.8182 	 9.13961 	 77 	 31 	 46.75 	 21.0456 	 915.276 	 454.864 	 201.07 	 0.207422 	 969.378 	 297 	 1688 	 201.229 	 91.0885 	 5 	 1869.68 	 0.265654 	 59.296 	 12.0385 	 36.4765 	 14.4089 	 94 	 31 	 59.4 	 24.3475 	  Tumour 
142 	 1138.2 	 1949.23 	 1135.7 	 104.676 	 3827 	 89.082 	 55.7891 	 0.779609 	 0.949157 	 261.22 	 1849.38 	 448.128 	 0.242312 	 1179.12 	 1680.34 	 6364 	 0.820738 	 423.48 	 1785.87 	 2032.62 	 1833.6 	 0.673469 	 1924.32 	 2074.62 	 520.978 	 0.256308 	 30 	 31 	 201.367 	 4.49238 	 1 	 0 	 0 	 NaN 	 NaN 	 NaN 	 NaN 	 30 	 30 	 30 	 0 	 391.448 	 -24.824 	 137.46 	 0.308517 	 445.55 	 84 	 286 	 146.202 	 36.062 	 2 	 304.977 	 0.079691 	 32.8675 	 32.8675 	 32.8675 	 0 	 49 	 35 	 42 	 9.89949 	  Tumour 
143 	 1144.26 	 1738.64 	 1267.28 	 138.192 	 2785 	 83.3597 	 51.9658 	 0.781909 	 0.814566 	 264.108 	 1513.52 	 378.351 	 0.249981 	 1004.82 	 1344.47 	 4119 	 0.909874 	 296.066 	 810.607 	 829.03 	 630.002 	 0.328302 	 1009.06 	 797.287 	 222.5 	 0.268386 	 43 	 46 	 111.07 	 -85.8045 	 1 	 0 	 0 	 NaN 	 NaN 	 NaN 	 NaN 	 43 	 43 	 43 	 0 	 98.4305 	 4.73935 	 25.3907 	 0.166461 	 152.532 	 59 	 60 	 109.373 	 -0.767536 	 1 	 0 	 0 	 NaN 	 NaN 	 NaN 	 NaN 	 59 	 59 	 59 	 0 	  Other 
144 	 1185.03 	 1184.63 	 1155.17 	 134.134 	 6955 	 225.071 	 55.1456 	 0.969519 	 0.67224 	 525.026 	 1481.73 	 288.126 	 0.194453 	 722.96 	 1312.68 	 12685 	 0.635457 	 753.387 	 1303.46 	 1380.22 	 1181.2 	 0.530973 	 1330.38 	 1399.84 	 298.102 	 0.215981 	 45 	 45 	 202.644 	 5.77016 	 1 	 0 	 0 	 NaN 	 NaN 	 NaN 	 NaN 	 45 	 45 	 45 	 0 	 173.013 	 -10.7003 	 31.3991 	 0.138252 	 227.115 	 67 	 407 	 121.597 	 11.4566 	 2 	 2104.42 	 0.302576 	 61.8718 	 61.8718 	 61.8718 	 0 	 36 	 31 	 33.5 	 3.53553 	  Fib 
145 	 1134.38 	 343.055 	 1356.73 	 168.372 	 1333 	 82.0129 	 23.6246 	 0.957613 	 0.798204 	 186.569 	 1002.77 	 357.235 	 0.356248 	 610.528 	 833.722 	 2517 	 0.921303 	 228.77 	 377.008 	 367.757 	 168.729 	 0 	 0 	 0 	 139.844 	 0.380263 	 0 	 0 	 NaN 	 NaN 	 0 	 0 	 0 	 NaN 	 NaN 	 NaN 	 NaN 	 0 	 0 	 NaN 	 NaN 	 48.1185 	 16.1929 	 17.0707 	 0.166999 	 102.221 	 0 	 0 	 NaN 	 NaN 	 0 	 0 	 0 	 NaN 	 NaN 	 NaN 	 NaN 	 0 	 0 	 NaN 	 NaN 	  Other 
146 	 1165.55 	 1466.63 	 1183.12 	 310.111 	 4431 	 78.0242 	 73.16 	 0.34756 	 0.957433 	 269.421 	 2035.79 	 592.75 	 0.291165 	 1065.67 	 1866.74 	 5342 	 0.941986 	 309.983 	 1139.11 	 1113.96 	 914.931 	 0.552901 	 1135.95 	 1107.6 	 105.809 	 0.0949845 	 96 	 176 	 237.5 	 40.6257 	 2 	 685.009 	 0.154595 	 14.945 	 14.945 	 14.945 	 0 	 51 	 45 	 48 	 4.24264 	 185.057 	 -14.0025 	 29.1075 	 0.121708 	 239.159 	 119 	 185 	 162.79 	 52.6495 	 2 	 399.862 	 0.0902419 	 13.9716 	 13.9716 	 13.9716 	 0 	 66 	 53 	 59.5 	 9.19239 	  DCIS 
147 	 1202.61 	 163.647 	 1520.71 	 273.251 	 5190 	 159.873 	 64.6046 	 0.914715 	 0.668901 	 417.304 	 1712.85 	 516.27 	 0.30141 	 1021.66 	 1543.8 	 8162 	 0.789056 	 493.137 	 791.11 	 810.567 	 611.54 	 0 	 0 	 0 	 181.253 	 0.223613 	 42 	 43 	 235.405 	 38.5305 	 1 	 0 	 0 	 NaN 	 NaN 	 NaN 	 NaN 	 42 	 42 	 42 	 0 	 93.7144 	 -2.7334 	 33.9267 	 0.229519 	 147.816 	 112 	 421 	 110.446 	 0.306011 	 2 	 1560.23 	 0.300623 	 41.6175 	 41.6175 	 41.6175 	 0 	 60 	 52 	 56 	 5.65685 	  Fib 
148 	 1158.49 	 1338.44 	 1145.49 	 191.651 	 1244 	 67.4459 	 25.4651 	 0.925984 	 0.830441 	 170.853 	 1282.58 	 192.595 	 0.150162 	 487.825 	 1113.54 	 1719 	 0.863819 	 210.167 	 1442.68 	 1364.15 	 1165.12 	 0.851648 	 1343.18 	 1383.08 	 419.366 	 0.30742 	 0 	 0 	 NaN 	 NaN 	 0 	 0 	 0 	 NaN 	 NaN 	 NaN 	 NaN 	 0 	 0 	 NaN 	 NaN 	 262.121 	 109.698 	 103.346 	 0.326813 	 316.223 	 0 	 0 	 NaN 	 NaN 	 0 	 0 	 0 	 NaN 	 NaN 	 NaN 	 NaN 	 0 	 0 	 NaN 	 NaN 	  DCIS 
149 	 1185.74 	 1390.51 	 1183.46 	 251.334 	 4505 	 92.5031 	 63.7814 	 0.72428 	 0.954247 	 273.522 	 2080.15 	 548.235 	 0.263555 	 1310.94 	 1911.1 	 6138 	 0.888149 	 358.894 	 949.434 	 997.612 	 798.584 	 0.64526 	 1053.08 	 970.763 	 122.521 	 0.122814 	 90 	 230 	 202.156 	 5.28127 	 2 	 425.881 	 0.0945352 	 23.7697 	 23.7697 	 23.7697 	 0 	 45 	 45 	 45 	 0 	 126.832 	 -1.44949 	 21.3153 	 0.117807 	 180.934 	 97 	 132 	 140.763 	 30.6225 	 2 	 970.213 	 0.215364 	 9.51504 	 9.51504 	 9.51504 	 0 	 50 	 47 	 48.5 	 2.12132 	  DCIS 
150 	 1198.85 	 527.751 	 1542.01 	 196.087 	 9205 	 162.434 	 76.0926 	 0.883489 	 0.876917 	 466.316 	 2035.09 	 596.696 	 0.293203 	 1243.94 	 1866.04 	 11822 	 0.821771 	 614.392 	 1367.62 	 1608.05 	 1409.02 	 0.651408 	 1461.46 	 1687.77 	 350.439 	 0.217929 	 264 	 1749 	 265.981 	 69.1068 	 5 	 1828.84 	 0.198679 	 57.7307 	 21.5611 	 35.0469 	 12.9303 	 78 	 36 	 52.8 	 15.5306 	 539.985 	 188.338 	 127.499 	 0.214613 	 594.087 	 369 	 2068 	 173.938 	 63.7973 	 6 	 1841.79 	 0.200086 	 63.0789 	 13.5779 	 38.5824 	 15.9957 	 80 	 39 	 61.5 	 13.6345 	  Tumour 
151 	 1193 	 1544.31 	 1232.54 	 236.231 	 4398 	 79.4435 	 70.5987 	 0.458555 	 0.980165 	 252.35 	 2040.6 	 555.047 	 0.272002 	 1354.68 	 1871.55 	 6545 	 0.953248 	 334.711 	 930.885 	 1036.75 	 837.717 	 0.461783 	 1149.35 	 1007.07 	 217.039 	 0.209347 	 36 	 37 	 177.472 	 -19.4021 	 1 	 0 	 0 	 NaN 	 NaN 	 NaN 	 NaN 	 36 	 36 	 36 	 0 	 136.698 	 -50.2195 	 31.7215 	 0.166255 	 190.8 	 52 	 54 	 121.923 	 11.7827 	 1 	 0 	 0 	 NaN 	 NaN 	 NaN 	 NaN 	 52 	 52 	 52 	 0 	  DCIS 
152 	 1192.52 	 1235.18 	 1166.47 	 152.643 	 4966 	 87.1819 	 74.0271 	 0.528216 	 0.964272 	 283.48 	 2031.72 	 517.461 	 0.254691 	 1159.47 	 1862.67 	 6247 	 0.899367 	 351.823 	 1208.66 	 1336.12 	 1137.09 	 0.925466 	 1340.65 	 1313.01 	 236.035 	 0.176658 	 0 	 0 	 NaN 	 NaN 	 0 	 0 	 0 	 NaN 	 NaN 	 NaN 	 NaN 	 0 	 0 	 NaN 	 NaN 	 187.651 	 -26.8962 	 26.5686 	 0.1099 	 241.754 	 0 	 0 	 NaN 	 NaN 	 0 	 0 	 0 	 NaN 	 NaN 	 NaN 	 NaN 	 0 	 0 	 NaN 	 NaN 	  DCIS 
153 	 1193.69 	 1287.77 	 1173.28 	 179.805 	 1402 	 57.996 	 32.0061 	 0.833933 	 0.918742 	 164.853 	 1542.14 	 424.809 	 0.275466 	 699.581 	 1373.09 	 2096 	 0.90267 	 205.154 	 1165.76 	 1130.03 	 931.004 	 0.78836 	 1148.3 	 1113.69 	 147.548 	 0.13057 	 0 	 0 	 NaN 	 NaN 	 0 	 0 	 0 	 NaN 	 NaN 	 NaN 	 NaN 	 0 	 0 	 NaN 	 NaN 	 175.063 	 5.2855 	 26.3013 	 0.11477 	 229.165 	 0 	 0 	 NaN 	 NaN 	 0 	 0 	 0 	 NaN 	 NaN 	 NaN 	 NaN 	 0 	 0 	 NaN 	 NaN 	  DCIS 
154 	 1245.06 	 772.881 	 1425.36 	 120.283 	 9164 	 109.547 	 106.788 	 0.223034 	 0.976452 	 379.789 	 2144.87 	 641.676 	 0.299168 	 1409.17 	 1975.82 	 20412 	 0.828712 	 746.801 	 1294.89 	 1721.3 	 1522.27 	 0.596125 	 1637.17 	 1774.21 	 407.192 	 0.236561 	 344 	 2007 	 229.346 	 32.4716 	 6 	 1202.68 	 0.13124 	 71.2899 	 9 	 39.325 	 18.7178 	 105 	 45 	 57.3333 	 24.0139 	 592.355 	 212.663 	 99.9401 	 0.154597 	 646.457 	 678 	 2694 	 178.114 	 67.9732 	 11 	 1724.1 	 0.188138 	 63.0073 	 9.8457 	 32.2567 	 13.2799 	 90 	 36 	 61.6364 	 20.4268 	  Tumour 
155 	 1230.44 	 1321.97 	 1213.8 	 229.107 	 2941 	 73.6465 	 51.3966 	 0.716212 	 0.942628 	 223.723 	 1749.71 	 503.804 	 0.287936 	 889.756 	 1580.66 	 3760 	 0.912179 	 273.924 	 1111.15 	 1157.56 	 958.532 	 0.609023 	 1116.64 	 1161.61 	 139.818 	 0.120787 	 37 	 39 	 228.784 	 31.9095 	 1 	 0 	 0 	 NaN 	 NaN 	 NaN 	 NaN 	 37 	 37 	 37 	 0 	 158.16 	 -7.42623 	 22.5381 	 0.106181 	 212.262 	 31 	 32 	 124.129 	 13.9886 	 1 	 0 	 0 	 NaN 	 NaN 	 NaN 	 NaN 	 31 	 31 	 31 	 0 	  DCIS 
156 	 1259.91 	 1978.12 	 1260.5 	 221.057 	 5879 	 114.997 	 66.0383 	 0.818672 	 0.962666 	 316.208 	 1700.09 	 352.954 	 0.207609 	 852.571 	 1531.04 	 8987 	 0.921366 	 404.434 	 1451.6 	 1579.28 	 1380.25 	 0.236467 	 1467.69 	 1589.31 	 277.078 	 0.175446 	 0 	 0 	 NaN 	 NaN 	 0 	 0 	 0 	 NaN 	 NaN 	 NaN 	 NaN 	 0 	 0 	 NaN 	 NaN 	 781.433 	 218.409 	 122.173 	 0.146221 	 835.535 	 116 	 178 	 182.198 	 72.0579 	 2 	 1453.92 	 0.247308 	 13.7916 	 13.7916 	 13.7916 	 0 	 84 	 32 	 58 	 36.7696 	  Tumour 
157 	 1254.28 	 1623.71 	 1317.88 	 141.223 	 4213 	 88.2613 	 62.8036 	 0.702621 	 0.927157 	 271.078 	 1921.36 	 473.181 	 0.246274 	 1301.13 	 1752.32 	 7626 	 0.883969 	 440.593 	 988.983 	 1223.69 	 1024.66 	 0.2775 	 1521.14 	 1171.01 	 628.67 	 0.513749 	 90 	 212 	 161.311 	 -35.5632 	 2 	 379.3 	 0.0900309 	 20.8087 	 20.8087 	 20.8087 	 0 	 45 	 45 	 45 	 0 	 112.765 	 -18.0581 	 27.5713 	 0.165229 	 166.867 	 87 	 312 	 115.552 	 5.41131 	 2 	 315.601 	 0.0749112 	 32.6525 	 32.6525 	 32.6525 	 0 	 45 	 42 	 43.5 	 2.12132 	  DCIS 
158 	 1282.05 	 915.591 	 1269.68 	 147.709 	 4810 	 133.461 	 47.0337 	 0.935844 	 0.911157 	 352.576 	 1598.79 	 390.919 	 0.24451 	 937.86 	 1429.74 	 6570 	 0.940587 	 371.622 	 1467.18 	 1499.15 	 1300.12 	 0.428571 	 1565.16 	 1493.91 	 598.5 	 0.399226 	 0 	 0 	 NaN 	 NaN 	 0 	 0 	 0 	 NaN 	 NaN 	 NaN 	 NaN 	 0 	 0 	 NaN 	 NaN 	 194.676 	 -51.8304 	 50.0932 	 0.201357 	 248.778 	 31 	 32 	 119.419 	 9.27894 	 1 	 0 	 0 	 NaN 	 NaN 	 NaN 	 NaN 	 31 	 31 	 31 	 0 	  Fib 
159 	 1268.29 	 1355.85 	 1256.94 	 280.032 	 2441 	 70.6113 	 45.5568 	 0.764033 	 0.889253 	 210.752 	 1587.96 	 349.031 	 0.219799 	 900.036 	 1418.91 	 3530 	 0.935099 	 250.024 	 1182.89 	 1179.91 	 980.879 	 0.39823 	 1190.71 	 1172.97 	 156.207 	 0.13239 	 0 	 0 	 NaN 	 NaN 	 0 	 0 	 0 	 NaN 	 NaN 	 NaN 	 NaN 	 0 	 0 	 NaN 	 NaN 	 212.884 	 40.8209 	 24.8379 	 0.0930307 	 266.986 	 49 	 49 	 143.918 	 33.7779 	 1 	 0 	 0 	 NaN 	 NaN 	 NaN 	 NaN 	 49 	 49 	 49 	 0 	  DCIS 
160 	 1272.57 	 1467.35 	 1286.13 	 295.205 	 4678 	 98.7539 	 61.5895 	 0.78169 	 0.959984 	 279.037 	 2215.73 	 573.756 	 0.258947 	 1411.48 	 2046.68 	 6180 	 0.904302 	 364.853 	 918.458 	 921.356 	 722.328 	 0.317647 	 972.593 	 909.601 	 247.472 	 0.268596 	 38 	 39 	 210.237 	 13.3626 	 1 	 0 	 0 	 NaN 	 NaN 	 NaN 	 NaN 	 38 	 38 	 38 	 0 	 156.901 	 -24.5985 	 32.3972 	 0.153539 	 211.003 	 154 	 606 	 129.591 	 19.4505 	 3 	 269.595 	 0.0576305 	 63.0738 	 22.384 	 42.0969 	 18.2233 	 58 	 43 	 51.3333 	 7.63763 	  DCIS 
161 	 1284.37 	 1761.51 	 1232.42 	 141.223 	 6475 	 104.553 	 79.2542 	 0.65222 	 0.97427 	 313.806 	 1302.06 	 215.316 	 0.165366 	 780.691 	 1133.01 	 20766 	 0.928172 	 645.12 	 1615.83 	 1881.33 	 1682.31 	 0.0621849 	 2607.78 	 1843.22 	 458.355 	 0.243633 	 83 	 256 	 248.723 	 51.8486 	 2 	 231.528 	 0.0357573 	 28.763 	 28.763 	 28.763 	 0 	 49 	 34 	 41.5 	 10.6066 	 340.098 	 16.7196 	 25.3467 	 0.0642991 	 394.2 	 184 	 554 	 165.027 	 54.8868 	 3 	 618.309 	 0.0954918 	 42.4079 	 9.95582 	 28.6107 	 14.9928 	 67 	 50 	 61.3333 	 9.81495 	  Tumour 
162 	 1282.53 	 571.102 	 1577.05 	 272.369 	 10332 	 142.086 	 97.4173 	 0.727957 	 0.925558 	 448.174 	 1788.09 	 422.295 	 0.236171 	 1050.39 	 1619.04 	 17408 	 0.897135 	 680.049 	 1402.86 	 1715.87 	 1516.85 	 0.278481 	 1529.77 	 1750.71 	 491.296 	 0.286324 	 122 	 683 	 266.057 	 69.1831 	 3 	 3434.71 	 0.332434 	 87.4047 	 16.3864 	 58.2699 	 33.2601 	 45 	 37 	 40.6667 	 4.04145 	 719.084 	 372.081 	 180.08 	 0.232907 	 773.186 	 462 	 3423 	 184.325 	 74.1843 	 9 	 2295.75 	 0.222198 	 100.281 	 9.18507 	 44.4196 	 22.7319 	 101 	 29 	 51.3333 	 23.8223 	  Tumour 
163 	 1289.33 	 1165.24 	 1258.41 	 238.411 	 5381 	 91.7078 	 78.8086 	 0.511398 	 0.911416 	 320.007 	 2683.47 	 863.134 	 0.321649 	 1519.68 	 2514.42 	 8745 	 0.807554 	 478.652 	 1175.17 	 1344.69 	 1145.66 	 0.712054 	 1370.78 	 1329.72 	 213.028 	 0.158422 	 31 	 33 	 224.548 	 27.6741 	 1 	 0 	 0 	 NaN 	 NaN 	 NaN 	 NaN 	 31 	 31 	 31 	 0 	 167.343 	 -36.1408 	 25.3225 	 0.114351 	 221.445 	 77 	 186 	 130.065 	 19.9245 	 2 	 1262.06 	 0.234539 	 19.18 	 19.18 	 19.18 	 0 	 39 	 38 	 38.5 	 0.707107 	  DCIS 
164 	 1273.06 	 1230.59 	 1245.86 	 228.009 	 1488 	 59.3616 	 35.8652 	 0.796847 	 0.811341 	 177.924 	 1397.89 	 252.097 	 0.180341 	 463.276 	 1228.85 	 3695 	 0.7343 	 352.309 	 1310.69 	 1353.99 	 1154.96 	 0.869697 	 1352.87 	 1352.63 	 153.924 	 0.113682 	 0 	 0 	 NaN 	 NaN 	 0 	 0 	 0 	 NaN 	 NaN 	 NaN 	 NaN 	 0 	 0 	 NaN 	 NaN 	 187.501 	 -39.499 	 29.4633 	 0.121949 	 241.603 	 0 	 0 	 NaN 	 NaN 	 0 	 0 	 0 	 NaN 	 NaN 	 NaN 	 NaN 	 0 	 0 	 NaN 	 NaN 	  DCIS 
165 	 1301.83 	 46.3221 	 1672.43 	 400.386 	 3927 	 105.949 	 49.354 	 0.884876 	 0.890476 	 279.38 	 1683.92 	 385.44 	 0.228894 	 978.008 	 1514.87 	 5278 	 0.845427 	 356.953 	 771.532 	 795.269 	 596.241 	 0.310448 	 921.644 	 771.844 	 213.762 	 0.268792 	 45 	 45 	 211.956 	 15.0813 	 1 	 0 	 0 	 NaN 	 NaN 	 NaN 	 NaN 	 45 	 45 	 45 	 0 	 101.449 	 -8.31207 	 35.0998 	 0.225649 	 155.551 	 104 	 166 	 126.308 	 16.1673 	 2 	 888.591 	 0.226277 	 14.0319 	 14.0319 	 14.0319 	 0 	 63 	 41 	 52 	 15.5563 	  DCIS 
166 	 1289.18 	 1284.95 	 1267.15 	 260.538 	 5055 	 92.7643 	 70.6391 	 0.648177 	 0.947872 	 292.492 	 2248.31 	 561.623 	 0.249798 	 1229.61 	 2079.26 	 6270 	 0.924779 	 342.309 	 1127.21 	 1222.04 	 1023.01 	 0.583871 	 1213.51 	 1215.15 	 125.64 	 0.102812 	 45 	 45 	 236.311 	 39.4368 	 1 	 0 	 0 	 NaN 	 NaN 	 NaN 	 NaN 	 45 	 45 	 45 	 0 	 144.9 	 -29.4553 	 25.7198 	 0.129244 	 199.002 	 118 	 237 	 150.737 	 40.5969 	 2 	 391.823 	 0.0775119 	 21.2058 	 21.2058 	 21.2058 	 0 	 67 	 51 	 59 	 11.3137 	  DCIS 
167 	 1285.05 	 1013.32 	 1259.73 	 243.311 	 2924 	 115.903 	 35.7612 	 0.951209 	 0.873357 	 280.534 	 1642.07 	 465.331 	 0.283381 	 1014.93 	 1473.02 	 4042 	 0.847735 	 333.765 	 947.796 	 976.017 	 776.989 	 0.255102 	 993.987 	 962.224 	 397.04 	 0.406796 	 50 	 53 	 229 	 32.1257 	 1 	 0 	 0 	 NaN 	 NaN 	 NaN 	 NaN 	 50 	 50 	 50 	 0 	 143.894 	 32.0497 	 26.1525 	 0.132086 	 197.996 	 145 	 472 	 124.345 	 14.2044 	 3 	 490.24 	 0.167661 	 39.5442 	 19.1468 	 26.8244 	 9.92294 	 56 	 44 	 48.3333 	 6.65833 	  DCIS 
168 	 1321.36 	 1563.18 	 1359.78 	 202.41 	 6054 	 107.76 	 73.3893 	 0.73224 	 0.957911 	 330.635 	 2209.96 	 553.163 	 0.250305 	 1126.08 	 2040.91 	 7528 	 0.949546 	 373.539 	 919.812 	 917.239 	 718.211 	 0.213068 	 985.693 	 904.839 	 92.5008 	 0.100847 	 36 	 38 	 223.861 	 26.9868 	 1 	 0 	 0 	 NaN 	 NaN 	 NaN 	 NaN 	 36 	 36 	 36 	 0 	 146.763 	 2.79327 	 18.3499 	 0.0913542 	 200.865 	 201 	 1145 	 132.682 	 22.5412 	 4 	 1430.02 	 0.236211 	 38.199 	 13.5051 	 29.5231 	 9.3185 	 68 	 38 	 50.25 	 14.0564 	  DCIS 
169 	 1333.02 	 855.264 	 1331.35 	 120.283 	 4959 	 131.898 	 52.4606 	 0.9175 	 0.907577 	 350.132 	 1753.9 	 494.837 	 0.282136 	 1007.91 	 1584.85 	 8625 	 0.836729 	 474.894 	 1160.6 	 1348.91 	 1149.88 	 0.636569 	 1358.04 	 1337.42 	 485.076 	 0.359605 	 45 	 45 	 210.467 	 13.5924 	 1 	 0 	 0 	 NaN 	 NaN 	 NaN 	 NaN 	 45 	 45 	 45 	 0 	 225.442 	 -73.988 	 77.9509 	 0.27885 	 279.544 	 124 	 507 	 126.589 	 16.4483 	 2 	 823.708 	 0.166104 	 51.1309 	 51.1309 	 51.1309 	 0 	 69 	 55 	 62 	 9.89949 	  Fib 
170 	 1316.19 	 1039.94 	 1288.36 	 276.279 	 4748 	 115.743 	 53.344 	 0.887461 	 0.945252 	 317.505 	 2505.13 	 616.557 	 0.246118 	 1844.3 	 2336.08 	 4892 	 0.93181 	 325.362 	 1042.82 	 1098.73 	 899.706 	 0.583942 	 1129.92 	 1086.27 	 553.249 	 0.503533 	 0 	 0 	 0 	 -196.874 	 0 	 0 	 0 	 NaN 	 NaN 	 NaN 	 NaN 	 0 	 0 	 NaN 	 NaN 	 144.325 	 34.3823 	 18.5788 	 0.0936302 	 198.427 	 0 	 0 	 NaN 	 NaN 	 0 	 0 	 0 	 NaN 	 NaN 	 NaN 	 NaN 	 0 	 0 	 NaN 	 NaN 	  DCIS 
171 	 1323.6 	 96.735 	 1656.85 	 405.053 	 4072 	 78.5943 	 69.3948 	 0.469469 	 0.946097 	 259.179 	 1932.75 	 633.506 	 0.327775 	 1284.91 	 1763.7 	 5586 	 0.945818 	 319.882 	 823.855 	 781.82 	 582.792 	 0.35 	 899.676 	 757.18 	 226.691 	 0.289953 	 0 	 0 	 0 	 -196.874 	 0 	 0 	 0 	 NaN 	 NaN 	 NaN 	 NaN 	 0 	 0 	 NaN 	 NaN 	 134.055 	 16.6252 	 21.7968 	 0.115844 	 188.157 	 99 	 232 	 122.101 	 11.9606 	 2 	 616.366 	 0.151367 	 22.3241 	 22.3241 	 22.3241 	 0 	 51 	 48 	 49.5 	 2.12132 	  DCIS 
172 	 1330.14 	 1080.11 	 1300.08 	 296.044 	 2481 	 121.982 	 35.0601 	 0.957804 	 0.664613 	 301.463 	 1758.97 	 442.91 	 0.2518 	 639.005 	 1589.93 	 4736 	 0.704238 	 393.765 	 1276.2 	 1251.04 	 1052.01 	 0.531073 	 1349.44 	 1223.47 	 359.038 	 0.286992 	 0 	 0 	 0 	 -196.874 	 0 	 0 	 0 	 NaN 	 NaN 	 NaN 	 NaN 	 0 	 0 	 NaN 	 NaN 	 161.494 	 -33.8431 	 42.5081 	 0.197165 	 215.596 	 0 	 0 	 0 	 -110.14 	 0 	 0 	 0 	 NaN 	 NaN 	 NaN 	 NaN 	 0 	 0 	 NaN 	 NaN 	  Other 
173 	 1323.27 	 1474.32 	 1336.24 	 290.629 	 2569 	 73.669 	 47.1373 	 0.768498 	 0.928107 	 214.894 	 2066.78 	 459.13 	 0.222148 	 1002.88 	 1897.73 	 3777 	 0.913643 	 286.711 	 923.722 	 923.09 	 724.062 	 0.413534 	 965.073 	 910.055 	 183.54 	 0.198832 	 0 	 0 	 0 	 -196.874 	 0 	 0 	 0 	 NaN 	 NaN 	 NaN 	 NaN 	 0 	 0 	 NaN 	 NaN 	 157.614 	 14.3732 	 32.5914 	 0.153939 	 211.716 	 0 	 0 	 0 	 -110.14 	 0 	 0 	 0 	 NaN 	 NaN 	 NaN 	 NaN 	 0 	 0 	 NaN 	 NaN 	  DCIS 
