rownames 	XLoc 	YLoc 	NNDistSame 	NNDistOpp 	dapi_Area 	dapi_MajorAxisLength 	dapi_MinorAxisLength 	dapi_Eccentricity 	dapi_Solidity 	dapi_Perimeter 	dapi_MeanIntensity 	dapi_PixelSD 	dapi_PixelCV 	dapi_NucAdjustedInt 	dapi_BackAdjustedInt 	memb_Area 	memb_Solidity 	memb_Perimeter 	memb_MeanIntensity 	memb_MembraneIntensity 	memb_temp 	memb_pcTouch 	memb_OverLapIntensity 	memb_nonLapIntensity 	memb_PixelSD 	memb_PixelCV 	cent_Area 	cent_ConvexArea 	cent_MeanIntensity 	cent_BackAdjustedInt 	cent_CN 	cent_AreaSD 	cent_CoeffVar 	cent_MaxSpotDist 	cent_MinSpotDist 	cent_MeanSpotDist 	cent_SDSpotDist 	cent_SpotAreaMax 	cent_SpotAreaMin 	cent_SpotAreaMean 	cent_SpotAreaSD 	nucl_BackgroundAdjust 	nucl_NuclearAdjustedInt 	nucl_PixelSD 	nucl_PixelCV 	nucl_MeanIntensity 	Her2_Area 	Her2_ConvexArea 	Her2_MeanIntensity 	Her2_BackAdjustedInt 	Her2_CN 	Her2_AreaSD 	Her2_CoeffVar 	Her2_MaxSpotDist 	Her2_MinSpotDist 	Her2_MeanSpotDist 	Her2_SDSpotDist 	Her2_SpotAreaMax 	Her2_SpotAreaMin 	Her2_SpotAreaMean 	Her2_SpotAreaSD 	CellLabels 	
1 	 75.1815 	 438.477 	 57.9396 	 505.57 	 2892 	 67.0228 	 56.3922 	 0.540432 	 0.962716 	 219.907 	 1240.44 	 321.936 	 0.259534 	 80.0243 	 1099.02 	 4319 	 0.885949 	 321.907 	 1108.35 	 1158.34 	 902.491 	 0.21223 	 1338.86 	 1134.31 	 196.236 	 0.169412 	 0 	 0 	 NaN 	 NaN 	 0 	 0 	 0 	 NaN 	 NaN 	 NaN 	 NaN 	 0 	 0 	 NaN 	 NaN 	 65.2707 	 -176.399 	 19.8039 	 0.157062 	 126.089 	 128 	 215 	 138.852 	 -9.3151 	 2 	 1755.9 	 0.607158 	 18.2855 	 18.2855 	 18.2855 	 0 	 83 	 45 	 64 	 26.8701 	  DCIS 
2 	 65.385 	 755.508 	 67.0075 	 286.295 	 748 	 37.842 	 25.7914 	 0.731766 	 0.946835 	 110.912 	 894.654 	 144.127 	 0.161098 	 -208.73 	 753.238 	 1268 	 0.904422 	 160.024 	 1664.99 	 1834.63 	 1578.78 	 0.220588 	 1469.23 	 1861 	 696.501 	 0.379641 	 0 	 0 	 NaN 	 NaN 	 0 	 0 	 0 	 NaN 	 NaN 	 NaN 	 NaN 	 0 	 0 	 NaN 	 NaN 	 112.976 	 -163.646 	 25.7264 	 0.148028 	 173.794 	 48 	 49 	 118.104 	 -30.0625 	 1 	 0 	 0 	 NaN 	 NaN 	 NaN 	 NaN 	 48 	 48 	 48 	 0 	  Other 
3 	 131.71 	 754.672 	 322.084 	 228.02 	 2844 	 75.2179 	 53.5326 	 0.702482 	 0.939544 	 235.179 	 1299.26 	 361.118 	 0.27794 	 504.518 	 1157.85 	 3878 	 0.831119 	 320.392 	 694.147 	 747.905 	 492.058 	 0.113139 	 1397.97 	 705.35 	 397.622 	 0.531648 	 0 	 0 	 NaN 	 NaN 	 0 	 0 	 0 	 NaN 	 NaN 	 NaN 	 NaN 	 0 	 0 	 NaN 	 NaN 	 32.5943 	 -73.2446 	 10.0468 	 0.107553 	 93.4128 	 90 	 215 	 104.544 	 -43.6222 	 2 	 404.224 	 0.142132 	 21.095 	 21.095 	 21.095 	 0 	 45 	 45 	 45 	 0 	  DCIS 
4 	 128.77 	 417.429 	 57.9396 	 500.546 	 2063 	 66.5907 	 39.9115 	 0.800484 	 0.961323 	 184.652 	 1143.6 	 299.161 	 0.261596 	 -28.583 	 1002.19 	 2742 	 0.916444 	 219.48 	 1094.76 	 1032.01 	 776.158 	 0.319149 	 1328.98 	 976.788 	 252.061 	 0.244244 	 0 	 0 	 NaN 	 NaN 	 0 	 0 	 0 	 NaN 	 NaN 	 NaN 	 NaN 	 0 	 0 	 NaN 	 NaN 	 54.5189 	 -158.589 	 13.3134 	 0.11543 	 115.337 	 0 	 0 	 NaN 	 NaN 	 0 	 0 	 0 	 NaN 	 NaN 	 NaN 	 NaN 	 0 	 0 	 NaN 	 NaN 	  DCIS 
5 	 202.573 	 505.108 	 144.475 	 392.135 	 2706 	 71.6514 	 48.4981 	 0.73611 	 0.966084 	 206.551 	 1420.8 	 398.352 	 0.280372 	 668.227 	 1279.38 	 3316 	 0.971295 	 224.652 	 832.904 	 814.948 	 559.101 	 0 	 0 	 0 	 117.109 	 0.143701 	 90 	 254 	 265.456 	 60.7187 	 2 	 218.131 	 0.08061 	 25.9422 	 25.9422 	 25.9422 	 0 	 45 	 45 	 45 	 0 	 42.8874 	 -55.0645 	 8.10859 	 0.0781884 	 103.706 	 59 	 60 	 127.627 	 -20.5395 	 1 	 0 	 0 	 NaN 	 NaN 	 NaN 	 NaN 	 59 	 59 	 59 	 0 	  DCIS 
6 	 249.382 	 395.353 	 179.234 	 395.648 	 2266 	 71.8604 	 41.0982 	 0.820312 	 0.955312 	 200.51 	 1195.82 	 351.899 	 0.294274 	 304.02 	 1054.41 	 2805 	 0.965577 	 214.61 	 893.398 	 829.047 	 573.2 	 0 	 0 	 0 	 138.715 	 0.167318 	 45 	 45 	 291.844 	 87.1076 	 1 	 0 	 0 	 NaN 	 NaN 	 NaN 	 NaN 	 45 	 45 	 45 	 0 	 94.2371 	 -139.03 	 27.3297 	 0.176258 	 155.056 	 69 	 73 	 124.783 	 -23.3841 	 1 	 0 	 0 	 NaN 	 NaN 	 NaN 	 NaN 	 69 	 69 	 69 	 0 	  DCIS 
7 	 274.238 	 974.167 	 571.749 	 108.24 	 627 	 36.1642 	 22.8754 	 0.774525 	 0.942857 	 99.1543 	 857.6 	 125.517 	 0.146358 	 -317.725 	 716.184 	 7669 	 0.923086 	 379.99 	 1384.93 	 2004.46 	 1748.62 	 0.114907 	 2469.51 	 1956.89 	 711.531 	 0.354973 	 0 	 0 	 NaN 	 NaN 	 0 	 0 	 0 	 NaN 	 NaN 	 NaN 	 NaN 	 0 	 0 	 NaN 	 NaN 	 160.095 	 -102.986 	 36.4233 	 0.164876 	 220.914 	 0 	 0 	 NaN 	 NaN 	 0 	 0 	 0 	 NaN 	 NaN 	 NaN 	 NaN 	 0 	 0 	 NaN 	 NaN 	  Other 
8 	 322.124 	 117.629 	 404.239 	 275.835 	 3127 	 88.9151 	 44.9421 	 0.862856 	 0.969312 	 232.167 	 1890.57 	 611.101 	 0.323237 	 1058.21 	 1749.16 	 4308 	 0.897687 	 307.622 	 1091.88 	 1114.35 	 858.502 	 0.411765 	 1371.43 	 1049.69 	 347.201 	 0.311573 	 34 	 35 	 258.853 	 54.1161 	 1 	 0 	 0 	 NaN 	 NaN 	 NaN 	 NaN 	 34 	 34 	 34 	 0 	 104.646 	 -32.1466 	 46.282 	 0.279709 	 165.465 	 58 	 59 	 125.5 	 -22.6667 	 1 	 0 	 0 	 NaN 	 NaN 	 NaN 	 NaN 	 58 	 58 	 58 	 0 	  DCIS 
9 	 306.358 	 474.673 	 233.944 	 400.225 	 1711 	 60.9373 	 39.3349 	 0.763762 	 0.900526 	 190.752 	 1232 	 386.147 	 0.31343 	 505.251 	 1090.59 	 2177 	 0.90332 	 202.61 	 796.058 	 796.363 	 540.516 	 0.173184 	 817.226 	 794.991 	 107.745 	 0.135296 	 0 	 0 	 NaN 	 NaN 	 0 	 0 	 0 	 NaN 	 NaN 	 NaN 	 NaN 	 0 	 0 	 NaN 	 NaN 	 29.6631 	 -42.5173 	 8.5263 	 0.0942324 	 90.4816 	 51 	 120 	 115.412 	 -32.7549 	 2 	 475.535 	 0.277928 	 14.0151 	 14.0151 	 14.0151 	 0 	 34 	 17 	 25.5 	 12.0208 	  DCIS 
10 	 323.582 	 877.632 	 243.298 	 108.24 	 4969 	 83.2424 	 76.7366 	 0.387559 	 0.97892 	 274.836 	 1422.46 	 388.188 	 0.2729 	 961.845 	 1281.04 	 6652 	 0.967564 	 333.12 	 1547.95 	 1776.31 	 1520.47 	 0.130742 	 2308.11 	 1753.59 	 617.84 	 0.347821 	 190 	 785 	 280.168 	 75.4316 	 3 	 976.306 	 0.196479 	 28.3088 	 26.1444 	 27.1649 	 0.972624 	 88 	 45 	 63.3333 	 22.1886 	 513.405 	 291.973 	 190.139 	 0.331123 	 574.224 	 423 	 992 	 183.449 	 35.2825 	 5 	 1810.94 	 0.364448 	 38.9774 	 9.34077 	 21.3017 	 8.56851 	 198 	 45 	 84.6 	 66.3197 	  Tumour 
11 	 338.425 	 701.707 	 372.646 	 176.556 	 1244 	 55.8122 	 29.0939 	 0.853384 	 0.948894 	 142.912 	 938.797 	 121.795 	 0.129735 	 506.524 	 797.382 	 2010 	 0.82716 	 222.167 	 993.706 	 1037.66 	 781.811 	 0.212435 	 835.878 	 1058.54 	 469.799 	 0.452749 	 0 	 0 	 NaN 	 NaN 	 0 	 0 	 0 	 NaN 	 NaN 	 NaN 	 NaN 	 0 	 0 	 NaN 	 NaN 	 58.241 	 -10.8289 	 15.9527 	 0.133989 	 119.059 	 62 	 66 	 114.968 	 -33.1989 	 1 	 0 	 0 	 NaN 	 NaN 	 NaN 	 NaN 	 62 	 62 	 62 	 0 	  Other 
12 	 337.212 	 324.442 	 285.727 	 284.06 	 1799 	 65.3498 	 35.5955 	 0.838637 	 0.970858 	 169.823 	 1162.11 	 260.421 	 0.224093 	 806.037 	 1020.7 	 2486 	 0.935642 	 215.037 	 862.88 	 861.302 	 605.454 	 0 	 0 	 0 	 186.261 	 0.216255 	 0 	 0 	 NaN 	 NaN 	 0 	 0 	 0 	 NaN 	 NaN 	 NaN 	 NaN 	 0 	 0 	 NaN 	 NaN 	 38.0987 	 8.34477 	 7.85607 	 0.0794207 	 98.9172 	 71 	 74 	 121.521 	 -26.6455 	 1 	 0 	 0 	 NaN 	 NaN 	 NaN 	 NaN 	 71 	 71 	 71 	 0 	  DCIS 
13 	 356.341 	 164.666 	 391.778 	 233.452 	 2588 	 65.0732 	 52.7018 	 0.586589 	 0.947291 	 208.794 	 1337.46 	 352.607 	 0.263639 	 772.457 	 1196.05 	 3764 	 0.791255 	 314.392 	 988.97 	 1024.99 	 769.141 	 0.458955 	 1350.37 	 920.093 	 453.325 	 0.442273 	 0 	 0 	 NaN 	 NaN 	 0 	 0 	 0 	 NaN 	 NaN 	 NaN 	 NaN 	 0 	 0 	 NaN 	 NaN 	 81.4284 	 29.2036 	 30.4548 	 0.214098 	 142.247 	 90 	 282 	 92.1444 	 -56.0222 	 2 	 354.663 	 0.137041 	 29.8329 	 29.8329 	 29.8329 	 0 	 45 	 45 	 45 	 0 	  DCIS 
14 	 358.138 	 666.156 	 363.418 	 214.709 	 1673 	 60.5205 	 36.3272 	 0.799815 	 0.929444 	 177.338 	 1099.96 	 232.417 	 0.211296 	 700.694 	 958.546 	 2208 	 0.949677 	 192.853 	 638.572 	 659.518 	 403.67 	 0.244048 	 814.707 	 637.766 	 140.487 	 0.213014 	 45 	 45 	 184.089 	 -20.648 	 1 	 0 	 0 	 NaN 	 NaN 	 NaN 	 NaN 	 45 	 45 	 45 	 0 	 30.7637 	 -0.215348 	 18.7774 	 0.205034 	 91.5822 	 95 	 128 	 106.758 	 -41.4088 	 2 	 243.414 	 0.145495 	 9.99194 	 9.99194 	 9.99194 	 0 	 51 	 44 	 47.5 	 4.94975 	  DCIS 
15 	 361.622 	 472.845 	 289.126 	 361.386 	 1242 	 61.2386 	 26.94 	 0.898037 	 0.875882 	 166.024 	 1399.47 	 518.306 	 0.370359 	 733.239 	 1258.06 	 1618 	 0.819656 	 192.995 	 920.398 	 880.427 	 624.579 	 0.542683 	 887.831 	 877.308 	 67.2251 	 0.0763551 	 0 	 0 	 NaN 	 NaN 	 0 	 0 	 0 	 NaN 	 NaN 	 NaN 	 NaN 	 0 	 0 	 NaN 	 NaN 	 51.6501 	 19.6423 	 14.2594 	 0.126786 	 112.469 	 90 	 131 	 135.489 	 -12.6778 	 2 	 130.384 	 0.104979 	 10.7703 	 10.7703 	 10.7703 	 0 	 45 	 45 	 45 	 0 	  DCIS 
16 	 355.97 	 505.737 	 289.111 	 373.374 	 1716 	 68.1059 	 32.8025 	 0.876369 	 0.937705 	 182.267 	 2342.48 	 592.617 	 0.252987 	 1048.73 	 2201.06 	 2192 	 0.958042 	 197.439 	 913.457 	 895.092 	 639.245 	 0.32948 	 924.439 	 891.17 	 82.848 	 0.0925581 	 0 	 0 	 NaN 	 NaN 	 0 	 0 	 0 	 NaN 	 NaN 	 NaN 	 NaN 	 0 	 0 	 NaN 	 NaN 	 55.1413 	 10.7006 	 9.7693 	 0.0842473 	 115.96 	 45 	 45 	 142.822 	 -5.34444 	 1 	 0 	 0 	 NaN 	 NaN 	 NaN 	 NaN 	 45 	 45 	 45 	 0 	  DCIS 
17 	 413.614 	 133.579 	 455.343 	 183.098 	 2960 	 86.509 	 43.7489 	 0.862701 	 0.979484 	 222.51 	 2323.16 	 505.872 	 0.217752 	 748.909 	 2181.74 	 15915 	 0.940269 	 540.014 	 1775.19 	 2035.87 	 1780.02 	 0.303493 	 1514.45 	 2102.93 	 670.686 	 0.329435 	 45 	 45 	 263.089 	 58.352 	 1 	 0 	 0 	 NaN 	 NaN 	 NaN 	 NaN 	 45 	 45 	 45 	 0 	 156.252 	 -38.9746 	 39.5653 	 0.182269 	 217.071 	 147 	 396 	 138.966 	 -9.20068 	 3 	 1055.03 	 0.35643 	 30.0436 	 11.7914 	 21.0161 	 8.16404 	 57 	 45 	 49 	 6.9282 	  DCIS 
18 	 410.805 	 685.321 	 417.019 	 211.703 	 2685 	 86.3826 	 39.9159 	 0.886837 	 0.963402 	 219.581 	 1054.32 	 230.826 	 0.218934 	 684.613 	 912.9 	 3298 	 0.96292 	 239.338 	 599.192 	 621.594 	 365.747 	 0 	 0 	 619.038 	 114.526 	 0.184245 	 45 	 45 	 194.556 	 -10.1813 	 1 	 0 	 0 	 NaN 	 NaN 	 NaN 	 NaN 	 45 	 45 	 45 	 0 	 31.3454 	 -1.55272 	 11.9766 	 0.129949 	 92.1639 	 94 	 149 	 100.34 	 -47.8262 	 2 	 1141.84 	 0.425266 	 11.6777 	 11.6777 	 11.6777 	 0 	 48 	 46 	 47 	 1.41421 	  DCIS 
19 	 433.013 	 376.016 	 363.329 	 241.35 	 2758 	 66.3252 	 53.5934 	 0.589129 	 0.959638 	 215.279 	 1552.63 	 734.049 	 0.472779 	 1089.38 	 1411.21 	 3346 	 0.968732 	 223.924 	 761.099 	 678.721 	 422.873 	 0 	 0 	 0 	 116.341 	 0.171412 	 90 	 122 	 236.633 	 31.8965 	 2 	 156.387 	 0.0567032 	 11 	 11 	 11 	 0 	 45 	 45 	 45 	 0 	 55.1608 	 18.5497 	 18.8788 	 0.162777 	 115.979 	 140 	 218 	 121.729 	 -26.4381 	 2 	 680.215 	 0.246633 	 15.5904 	 15.5904 	 15.5904 	 0 	 101 	 39 	 70 	 43.8406 	  DCIS 
20 	 492.109 	 243.684 	 459.918 	 109.659 	 2166 	 70.0907 	 40.8921 	 0.812173 	 0.922095 	 206.752 	 1168.96 	 223.825 	 0.191474 	 592.672 	 1027.54 	 2563 	 0.926944 	 222.309 	 1011.89 	 1003.5 	 747.653 	 0.405263 	 1094.86 	 981.498 	 530.302 	 0.528452 	 0 	 0 	 NaN 	 NaN 	 0 	 0 	 0 	 NaN 	 NaN 	 NaN 	 NaN 	 0 	 0 	 NaN 	 NaN 	 73.6035 	 -5.16039 	 30.7173 	 0.228514 	 134.422 	 49 	 50 	 125.673 	 -22.4932 	 1 	 0 	 0 	 NaN 	 NaN 	 NaN 	 NaN 	 49 	 49 	 49 	 0 	  DCIS 
21 	 538.562 	 245.306 	 502.539 	 72.9178 	 1907 	 81.701 	 30.898 	 0.925731 	 0.945464 	 201.966 	 1384.36 	 291.36 	 0.210466 	 400.413 	 1242.94 	 3882 	 0.696323 	 402.132 	 1093.54 	 1189.16 	 933.314 	 0.223529 	 1083.42 	 1194.92 	 444.676 	 0.373941 	 45 	 45 	 219.489 	 14.752 	 1 	 0 	 0 	 NaN 	 NaN 	 NaN 	 NaN 	 45 	 45 	 45 	 0 	 78.5119 	 -10.7463 	 17.0322 	 0.122243 	 139.33 	 43 	 43 	 109.93 	 -38.2364 	 1 	 0 	 0 	 NaN 	 NaN 	 NaN 	 NaN 	 43 	 43 	 43 	 0 	  DCIS 
22 	 530.327 	 611.571 	 487.136 	 260.302 	 2090 	 57.6926 	 46.8505 	 0.583559 	 0.961804 	 181.095 	 1466.39 	 572.373 	 0.390329 	 809.715 	 1324.97 	 2585 	 0.978425 	 194.024 	 957.619 	 968.2 	 712.353 	 0 	 0 	 0 	 90.9249 	 0.0939113 	 0 	 0 	 NaN 	 NaN 	 0 	 0 	 0 	 NaN 	 NaN 	 NaN 	 NaN 	 0 	 0 	 NaN 	 NaN 	 54.8839 	 -4.31006 	 18.5257 	 0.160115 	 115.702 	 0 	 0 	 NaN 	 NaN 	 0 	 0 	 0 	 NaN 	 NaN 	 NaN 	 NaN 	 0 	 0 	 NaN 	 NaN 	  DCIS 
23 	 552.676 	 489.544 	 480.82 	 254.778 	 4645 	 88.6333 	 68.267 	 0.63778 	 0.947766 	 277.907 	 1454.93 	 452.925 	 0.311304 	 918.146 	 1313.51 	 5721 	 0.939255 	 324.635 	 1010.66 	 947.307 	 691.459 	 0 	 0 	 945.966 	 178.423 	 0.188347 	 0 	 0 	 NaN 	 NaN 	 0 	 0 	 0 	 NaN 	 NaN 	 NaN 	 NaN 	 0 	 0 	 NaN 	 NaN 	 78.5602 	 6.14587 	 19.3349 	 0.138722 	 139.379 	 98 	 297 	 130.969 	 -17.1973 	 2 	 1159.25 	 0.24957 	 31.3136 	 31.3136 	 31.3136 	 0 	 53 	 45 	 49 	 5.65685 	  DCIS 
24 	 587.808 	 190.649 	 122.589 	 72.9178 	 9891 	 166.182 	 78.0827 	 0.882739 	 0.947686 	 468.985 	 1871.56 	 445.443 	 0.238006 	 866.707 	 1730.15 	 16407 	 0.914752 	 637.252 	 1313.27 	 1638.22 	 1382.38 	 0.131679 	 1561.72 	 1622.1 	 690.914 	 0.421746 	 135 	 413 	 300.119 	 95.3817 	 3 	 3710.48 	 0.375137 	 26.4197 	 11.1803 	 19.9345 	 7.03823 	 45 	 45 	 45 	 0 	 162.311 	 19.2553 	 44.5015 	 0.199442 	 223.13 	 709 	 4651 	 143.405 	 -4.76187 	 11 	 2162.75 	 0.218658 	 114.595 	 10.4403 	 51.6621 	 26.4408 	 103 	 29 	 64.4545 	 26.9049 	  Tumour 
25 	 595.497 	 1005.24 	 299.282 	 270.751 	 6670 	 111.201 	 77.7549 	 0.714895 	 0.974434 	 333.421 	 1140.93 	 222.859 	 0.195332 	 470.563 	 999.513 	 8003 	 0.942861 	 390.877 	 1457.35 	 1644.42 	 1388.58 	 0.181287 	 1246.11 	 1652.58 	 627.862 	 0.381813 	 294 	 2231 	 225.806 	 21.0693 	 5 	 416.909 	 0.0625051 	 76.4297 	 11.4018 	 47.3295 	 24.1294 	 119 	 40 	 58.8 	 33.7224 	 411.988 	 130.349 	 102.396 	 0.216572 	 472.806 	 683 	 2962 	 147.531 	 -0.635188 	 10 	 852.45 	 0.127804 	 73.7213 	 8.544 	 38.2374 	 18.5334 	 106 	 45 	 62.0909 	 24.3247 	  Tumour 
26 	 585.634 	 687.093 	 568.438 	 226.738 	 4188 	 91.5753 	 58.7756 	 0.766849 	 0.963645 	 260.836 	 1257.79 	 394.548 	 0.313685 	 303.981 	 1116.37 	 4974 	 0.968458 	 277.865 	 864.971 	 870.448 	 614.601 	 0 	 0 	 0 	 86.6495 	 0.0995458 	 0 	 0 	 NaN 	 NaN 	 0 	 0 	 0 	 NaN 	 NaN 	 NaN 	 NaN 	 0 	 0 	 NaN 	 NaN 	 61.2899 	 -2.70043 	 11.4168 	 0.093497 	 122.108 	 140 	 478 	 132.871 	 -15.2952 	 3 	 1023.58 	 0.244407 	 39.1683 	 9.443 	 26.861 	 13.8705 	 51 	 44 	 46.6667 	 3.78594 	  DCIS 
27 	 625.347 	 334.494 	 559.746 	 99.2472 	 3075 	 71.1556 	 55.6418 	 0.623312 	 0.985261 	 208.995 	 1702.35 	 443.059 	 0.260263 	 519.992 	 1560.94 	 3535 	 0.974366 	 230.752 	 807.307 	 765.887 	 510.039 	 0.275862 	 867.571 	 747.845 	 235.758 	 0.307824 	 0 	 0 	 NaN 	 NaN 	 0 	 0 	 0 	 NaN 	 NaN 	 NaN 	 NaN 	 0 	 0 	 NaN 	 NaN 	 74.549 	 17.4379 	 19.9182 	 0.147142 	 135.367 	 60 	 62 	 126.667 	 -21.5 	 1 	 0 	 0 	 NaN 	 NaN 	 NaN 	 NaN 	 60 	 60 	 60 	 0 	  DCIS 
28 	 641.899 	 470.173 	 567.902 	 187.257 	 3758 	 83.2999 	 58.0145 	 0.717602 	 0.97585 	 241.179 	 1571.06 	 599.639 	 0.381679 	 1040.94 	 1429.64 	 4369 	 0.972618 	 257.622 	 828.199 	 803.153 	 547.306 	 0.135135 	 895.7 	 800.058 	 149.09 	 0.185631 	 0 	 0 	 NaN 	 NaN 	 0 	 0 	 0 	 NaN 	 NaN 	 NaN 	 NaN 	 0 	 0 	 NaN 	 NaN 	 58.1757 	 8.26139 	 13.6249 	 0.1145 	 118.994 	 101 	 113 	 127.257 	 -20.9092 	 1 	 0 	 0 	 NaN 	 NaN 	 NaN 	 NaN 	 101 	 101 	 101 	 0 	  DCIS 
29 	 655.538 	 47.7055 	 699.758 	 158.345 	 1630 	 56.7497 	 37.533 	 0.750053 	 0.922467 	 170.61 	 1828.37 	 558.929 	 0.305698 	 610.634 	 1686.96 	 2054 	 0.921489 	 187.196 	 681.324 	 705.707 	 449.86 	 0.219512 	 827.056 	 697.79 	 146.658 	 0.207817 	 0 	 0 	 NaN 	 NaN 	 0 	 0 	 0 	 NaN 	 NaN 	 NaN 	 NaN 	 0 	 0 	 NaN 	 NaN 	 57.4465 	 -20.6966 	 15.1762 	 0.128323 	 118.265 	 0 	 0 	 NaN 	 NaN 	 0 	 0 	 0 	 NaN 	 NaN 	 NaN 	 NaN 	 0 	 0 	 NaN 	 NaN 	  DCIS 
30 	 664.542 	 365.942 	 594.377 	 109.882 	 2901 	 72.3946 	 53.9702 	 0.666505 	 0.909119 	 223.137 	 1730.22 	 427.91 	 0.247315 	 908.128 	 1588.8 	 3484 	 0.906819 	 247.622 	 874.755 	 809.047 	 553.2 	 0.34434 	 874.082 	 793.748 	 213.007 	 0.263282 	 45 	 45 	 243.867 	 39.1298 	 1 	 0 	 0 	 NaN 	 NaN 	 NaN 	 NaN 	 45 	 45 	 45 	 0 	 67.338 	 -1.3282 	 24.1719 	 0.188612 	 128.156 	 172 	 548 	 142.459 	 -5.70736 	 3 	 729.329 	 0.251406 	 28.2465 	 14.5666 	 22.3627 	 6.2946 	 68 	 41 	 57.3333 	 14.3643 	  DCIS 
31 	 689.825 	 258.902 	 719.108 	 72.4707 	 4488 	 102.719 	 56.7085 	 0.833796 	 0.97417 	 270.836 	 2057.56 	 450.464 	 0.218931 	 868.761 	 1916.15 	 6214 	 0.919367 	 357.262 	 1211.39 	 1314.73 	 1058.88 	 0.372937 	 1386.89 	 1288.97 	 400.697 	 0.304776 	 45 	 45 	 287.422 	 82.6854 	 1 	 0 	 0 	 NaN 	 NaN 	 NaN 	 NaN 	 45 	 45 	 45 	 0 	 99.4222 	 -6.05557 	 21.1343 	 0.131891 	 160.241 	 135 	 640 	 132.696 	 -15.4704 	 3 	 894.068 	 0.199213 	 30.1496 	 20.5913 	 26.5803 	 4.66749 	 45 	 45 	 45 	 0 	  Tumour 
32 	 685.923 	 750.224 	 686.05 	 180.649 	 2136 	 73.9992 	 38.093 	 0.857325 	 0.895222 	 216.936 	 1035.05 	 286.751 	 0.277042 	 536.016 	 893.633 	 2718 	 0.92449 	 224.066 	 806.943 	 714.917 	 459.07 	 0 	 0 	 714.87 	 145.247 	 0.203167 	 0 	 0 	 NaN 	 NaN 	 0 	 0 	 0 	 NaN 	 NaN 	 NaN 	 NaN 	 0 	 0 	 NaN 	 NaN 	 63.2873 	 15.2215 	 18.1918 	 0.146583 	 124.106 	 90 	 440 	 114.544 	 -33.6222 	 3 	 195.604 	 0.0915749 	 40.2209 	 8.22174 	 28.2526 	 15.6139 	 53 	 6 	 30 	 23.516 	  DCIS 
33 	 681.76 	 520.07 	 612.514 	 125.718 	 1978 	 55.3424 	 45.7991 	 0.561379 	 0.971036 	 170.167 	 1330.08 	 332.14 	 0.249714 	 891.825 	 1188.67 	 3493 	 0.847816 	 288.635 	 1615.59 	 1660.55 	 1404.7 	 0.161826 	 1255.67 	 1682.31 	 800.043 	 0.481793 	 0 	 0 	 NaN 	 NaN 	 0 	 0 	 0 	 NaN 	 NaN 	 NaN 	 NaN 	 0 	 0 	 NaN 	 NaN 	 124.593 	 -32.957 	 60.797 	 0.327904 	 185.411 	 96 	 106 	 124.375 	 -23.7917 	 1 	 0 	 0 	 NaN 	 NaN 	 NaN 	 NaN 	 96 	 96 	 96 	 0 	  DCIS 
34 	 678.799 	 89.1339 	 697.579 	 136.693 	 1890 	 60.058 	 40.7104 	 0.7352 	 0.956478 	 174.953 	 1440.27 	 457.847 	 0.31789 	 695.648 	 1298.85 	 3093 	 0.88321 	 323.907 	 1052.77 	 1079.88 	 824.028 	 0.317857 	 1131.85 	 1062.59 	 251.508 	 0.232904 	 0 	 0 	 NaN 	 NaN 	 0 	 0 	 0 	 NaN 	 NaN 	 NaN 	 NaN 	 0 	 0 	 NaN 	 NaN 	 84.1498 	 3.85327 	 15.4835 	 0.106806 	 144.968 	 56 	 59 	 127.839 	 -20.3274 	 1 	 0 	 0 	 NaN 	 NaN 	 NaN 	 NaN 	 56 	 56 	 56 	 0 	  DCIS 
35 	 724.492 	 194.575 	 693.001 	 72.4707 	 3356 	 98.2446 	 44.2998 	 0.892568 	 0.948023 	 254.936 	 1192.77 	 287.404 	 0.240955 	 493.539 	 1051.35 	 5422 	 0.935473 	 342.09 	 1250.6 	 1130.37 	 874.525 	 0.149826 	 1130.84 	 1128.8 	 189.21 	 0.167387 	 0 	 0 	 NaN 	 NaN 	 0 	 0 	 0 	 NaN 	 NaN 	 NaN 	 NaN 	 0 	 0 	 NaN 	 NaN 	 69.8421 	 3.04889 	 13.6327 	 0.104337 	 130.661 	 0 	 0 	 NaN 	 NaN 	 0 	 0 	 0 	 NaN 	 NaN 	 NaN 	 NaN 	 0 	 0 	 NaN 	 NaN 	  DCIS 
36 	 711.024 	 360.977 	 640.644 	 104.139 	 657 	 31.4497 	 27.0617 	 0.50949 	 0.957726 	 99.2548 	 1015.06 	 199.156 	 0.196201 	 437.329 	 873.642 	 990 	 0.969638 	 119.841 	 826.737 	 818.972 	 563.124 	 0.158879 	 931.588 	 807.909 	 120.131 	 0.146685 	 0 	 0 	 NaN 	 NaN 	 0 	 0 	 0 	 NaN 	 NaN 	 NaN 	 NaN 	 0 	 0 	 NaN 	 NaN 	 92.5894 	 6.38513 	 16.064 	 0.104714 	 153.408 	 0 	 0 	 NaN 	 NaN 	 0 	 0 	 0 	 NaN 	 NaN 	 NaN 	 NaN 	 0 	 0 	 NaN 	 NaN 	  DCIS 
37 	 772.235 	 798.355 	 784.48 	 164.712 	 3857 	 136.094 	 38.9481 	 0.958175 	 0.899697 	 321.179 	 1058.57 	 194.938 	 0.184151 	 593.974 	 917.159 	 4724 	 0.92032 	 335.137 	 850.687 	 847.109 	 591.262 	 0 	 0 	 0 	 119.405 	 0.140955 	 31 	 31 	 255.226 	 50.489 	 1 	 0 	 0 	 NaN 	 NaN 	 NaN 	 NaN 	 31 	 31 	 31 	 0 	 65.4797 	 5.05005 	 11.8586 	 0.093894 	 126.298 	 130 	 278 	 121.138 	 -27.0282 	 2 	 373.944 	 0.0969521 	 21.3389 	 21.3389 	 21.3389 	 0 	 68 	 62 	 65 	 4.24264 	  DCIS 
38 	 756.424 	 139.948 	 743.347 	 136.077 	 2523 	 77.4803 	 42.2278 	 0.838428 	 0.952075 	 212.066 	 1458.81 	 441.807 	 0.302855 	 618.462 	 1317.39 	 3792 	 0.842667 	 312.149 	 1051.75 	 1056.03 	 800.186 	 0.374532 	 1303.04 	 990.963 	 280.965 	 0.266057 	 0 	 0 	 NaN 	 NaN 	 0 	 0 	 0 	 NaN 	 NaN 	 NaN 	 NaN 	 0 	 0 	 NaN 	 NaN 	 77.0043 	 8.84518 	 22.8087 	 0.165493 	 137.823 	 166 	 274 	 130.355 	 -17.8112 	 2 	 432.209 	 0.171308 	 21.0454 	 21.0454 	 21.0454 	 0 	 121 	 45 	 83 	 53.7401 	  DCIS 
39 	 789.426 	 586.021 	 549.08 	 103.817 	 10572 	 131.541 	 107.355 	 0.577866 	 0.945617 	 428.701 	 2004.69 	 623.492 	 0.311017 	 1421.06 	 1863.27 	 12174 	 0.913827 	 506.943 	 1899.15 	 2302.05 	 2046.21 	 0.508197 	 2016.12 	 2401.7 	 614.272 	 0.266836 	 403 	 2797 	 349.04 	 144.303 	 7 	 2135.96 	 0.202039 	 101 	 11.6376 	 51.1454 	 30.3813 	 86 	 45 	 57.5714 	 17.028 	 420.121 	 136.268 	 91.6385 	 0.190541 	 480.939 	 595 	 2820 	 189.059 	 40.8922 	 5 	 2710.86 	 0.256419 	 62.1052 	 12.3491 	 40.207 	 16.2643 	 266 	 52 	 119 	 87.1837 	  Tumour 
40 	 757.796 	 734.208 	 744.382 	 116.387 	 1583 	 51.9936 	 38.956 	 0.662292 	 0.971762 	 154.267 	 1199.08 	 294.905 	 0.245942 	 777.647 	 1057.67 	 2038 	 0.982169 	 169.882 	 877.63 	 768.48 	 512.633 	 0 	 0 	 0 	 111.157 	 0.144646 	 0 	 0 	 NaN 	 NaN 	 0 	 0 	 0 	 NaN 	 NaN 	 NaN 	 NaN 	 0 	 0 	 NaN 	 NaN 	 74.0564 	 14.0669 	 11.7366 	 0.0870185 	 134.875 	 77 	 79 	 126.169 	 -21.9978 	 1 	 0 	 0 	 NaN 	 NaN 	 NaN 	 NaN 	 77 	 77 	 77 	 0 	  DCIS 
41 	 773.922 	 360.893 	 703.228 	 132.136 	 4122 	 87.5564 	 61.6644 	 0.70992 	 0.955937 	 260.652 	 1731.68 	 450.766 	 0.260306 	 708.491 	 1590.26 	 4602 	 0.947108 	 284.409 	 848.132 	 791.584 	 535.737 	 0.392157 	 742.14 	 803.118 	 147.64 	 0.186512 	 0 	 0 	 NaN 	 NaN 	 0 	 0 	 0 	 NaN 	 NaN 	 NaN 	 NaN 	 0 	 0 	 NaN 	 NaN 	 62.8853 	 -3.30633 	 14.5682 	 0.117766 	 123.704 	 156 	 637 	 131.962 	 -16.2051 	 3 	 353.944 	 0.085867 	 30.9984 	 16.3559 	 25.683 	 7.2482 	 69 	 31 	 52 	 19.3132 	  DCIS 
42 	 784.488 	 419.185 	 709.255 	 167.075 	 3880 	 90.3733 	 56.9412 	 0.776541 	 0.891544 	 293.078 	 1327.08 	 419.902 	 0.316411 	 701.472 	 1185.66 	 4795 	 0.89794 	 313.765 	 948.756 	 879.033 	 623.185 	 0.30292 	 803.964 	 895.355 	 145.939 	 0.166023 	 0 	 0 	 NaN 	 NaN 	 0 	 0 	 0 	 NaN 	 NaN 	 NaN 	 NaN 	 0 	 0 	 NaN 	 NaN 	 58.456 	 6.24045 	 11.4089 	 0.0956521 	 119.274 	 62 	 63 	 130.161 	 -18.0054 	 1 	 0 	 0 	 NaN 	 NaN 	 NaN 	 NaN 	 62 	 62 	 62 	 0 	  DCIS 
43 	 775.722 	 482.99 	 702.443 	 103.817 	 3382 	 81.1649 	 54.5158 	 0.740853 	 0.946014 	 253.765 	 1579.84 	 584.54 	 0.369999 	 992.131 	 1438.43 	 6096 	 0.795926 	 417.404 	 1305.27 	 1452.16 	 1196.31 	 0.277008 	 1731.99 	 1404.64 	 668.89 	 0.460617 	 0 	 0 	 NaN 	 NaN 	 0 	 0 	 0 	 NaN 	 NaN 	 NaN 	 NaN 	 0 	 0 	 NaN 	 NaN 	 70.288 	 -22.2792 	 24.6495 	 0.188011 	 131.106 	 90 	 180 	 126.589 	 -21.5778 	 2 	 400.356 	 0.118379 	 17.0294 	 17.0294 	 17.0294 	 0 	 45 	 45 	 45 	 0 	  DCIS 
44 	 780.109 	 77.6195 	 791.596 	 202.141 	 2497 	 60.6878 	 52.8899 	 0.49038 	 0.964465 	 196.409 	 1384.44 	 446.49 	 0.322506 	 735.653 	 1243.02 	 4328 	 0.807312 	 359.321 	 948.279 	 1013.24 	 757.394 	 0.260317 	 1346.17 	 959.973 	 321.539 	 0.317337 	 45 	 45 	 201.889 	 -2.84795 	 1 	 0 	 0 	 NaN 	 NaN 	 NaN 	 NaN 	 45 	 45 	 45 	 0 	 48.4791 	 -5.5534 	 14.4155 	 0.131893 	 109.298 	 0 	 0 	 NaN 	 NaN 	 0 	 0 	 0 	 NaN 	 NaN 	 NaN 	 NaN 	 0 	 0 	 NaN 	 NaN 	  DCIS 
45 	 860.804 	 895.349 	 909.2 	 199.324 	 7699 	 290.334 	 47.8793 	 0.986308 	 0.670236 	 617.63 	 1111.14 	 306.628 	 0.275958 	 754.17 	 969.725 	 9382 	 0.704619 	 620.274 	 816.44 	 757.536 	 501.689 	 0 	 0 	 0 	 341.483 	 0.450782 	 0 	 0 	 NaN 	 NaN 	 0 	 0 	 0 	 NaN 	 NaN 	 NaN 	 NaN 	 0 	 0 	 NaN 	 NaN 	 60.6661 	 12.6654 	 30.1825 	 0.248447 	 121.485 	 292 	 2654 	 100.116 	 -48.0502 	 5 	 2158.57 	 0.28037 	 129.375 	 10.0513 	 68.095 	 43.1744 	 121 	 36 	 58.4 	 35.2108 	  Fib 
46 	 832.975 	 644.688 	 559.795 	 96.0417 	 5315 	 123.398 	 56.014 	 0.891038 	 0.969183 	 311.99 	 1803.01 	 544.806 	 0.302165 	 1304.21 	 1661.59 	 6224 	 0.904257 	 366.233 	 2044.25 	 2283.63 	 2027.78 	 0.592834 	 2326.68 	 2253.48 	 520.918 	 0.22811 	 392 	 693 	 374.898 	 170.161 	 4 	 1629.1 	 0.30651 	 24.5576 	 10.1042 	 16.4893 	 4.98286 	 205 	 35 	 78.4 	 71.4339 	 519.929 	 130.453 	 97.0925 	 0.167185 	 580.747 	 304 	 630 	 174.836 	 26.6689 	 2 	 2052.14 	 0.386103 	 28.0494 	 28.0494 	 28.0494 	 0 	 213 	 91 	 152 	 86.267 	  Tumour 
47 	 845.227 	 360.232 	 773.941 	 185.003 	 3041 	 83.0201 	 47.9601 	 0.816254 	 0.943824 	 230.451 	 1589.84 	 368.889 	 0.232029 	 667.873 	 1448.43 	 4877 	 0.859989 	 360.191 	 1017.56 	 1124.67 	 868.818 	 0.13961 	 761.07 	 1151.81 	 430.41 	 0.3827 	 0 	 0 	 NaN 	 NaN 	 0 	 0 	 0 	 NaN 	 NaN 	 NaN 	 NaN 	 0 	 0 	 NaN 	 NaN 	 58.4998 	 -21.4068 	 25.6584 	 0.215042 	 119.318 	 125 	 189 	 125.768 	 -22.3987 	 2 	 964.414 	 0.317137 	 14.0801 	 14.0801 	 14.0801 	 0 	 66 	 59 	 62.5 	 4.94975 	  DCIS 
48 	 915.022 	 595.251 	 854.546 	 54.7449 	 3410 	 89.2136 	 49.6535 	 0.830801 	 0.923869 	 250.652 	 1667.7 	 607.121 	 0.364046 	 1136.56 	 1526.29 	 4562 	 0.876465 	 336.149 	 1585.32 	 1635.8 	 1379.95 	 0.512027 	 2278.1 	 1407.05 	 799.825 	 0.48895 	 0 	 0 	 NaN 	 NaN 	 0 	 0 	 0 	 NaN 	 NaN 	 NaN 	 NaN 	 0 	 0 	 NaN 	 NaN 	 171.093 	 83.2605 	 108.082 	 0.466051 	 231.911 	 90 	 204 	 138.644 	 -9.52222 	 2 	 193.541 	 0.0567568 	 19.7231 	 19.7231 	 19.7231 	 0 	 45 	 45 	 45 	 0 	  DCIS 
49 	 924.272 	 649.188 	 642.216 	 54.7449 	 4966 	 104.495 	 61.4673 	 0.808693 	 0.97583 	 284.208 	 1183.82 	 231.293 	 0.195378 	 779.659 	 1042.41 	 6036 	 0.943862 	 332.735 	 2062.9 	 2350.85 	 2095.01 	 0.423611 	 2534.24 	 2264.8 	 572.87 	 0.243686 	 0 	 0 	 NaN 	 NaN 	 0 	 0 	 0 	 NaN 	 NaN 	 NaN 	 NaN 	 0 	 0 	 NaN 	 NaN 	 348.48 	 51.1079 	 64.9332 	 0.158645 	 409.298 	 217 	 1089 	 150.535 	 2.3679 	 5 	 1145.34 	 0.230637 	 49.9124 	 12.6757 	 30.5681 	 12.9199 	 45 	 38 	 43.4 	 3.04959 	  Tumour 
50 	 941.025 	 254.392 	 885.332 	 251.05 	 3778 	 119.721 	 43.8571 	 0.930486 	 0.863543 	 325.99 	 2214.67 	 861.404 	 0.388954 	 892.946 	 2073.25 	 6029 	 0.971949 	 329.019 	 1310.27 	 1300.94 	 1045.09 	 0.130435 	 1236.47 	 1306.34 	 159.923 	 0.122929 	 0 	 0 	 NaN 	 NaN 	 0 	 0 	 0 	 NaN 	 NaN 	 NaN 	 NaN 	 0 	 0 	 NaN 	 NaN 	 99.2959 	 7.47798 	 32.1219 	 0.200619 	 160.114 	 134 	 581 	 155.881 	 7.71393 	 2 	 357.999 	 0.0947588 	 48.9643 	 48.9643 	 48.9643 	 0 	 89 	 45 	 67 	 31.1127 	  DCIS 
51 	 1001.85 	 302.426 	 936.923 	 314.949 	 2895 	 71.6437 	 53.5483 	 0.664346 	 0.942076 	 218.794 	 1444.24 	 507.743 	 0.351565 	 826.324 	 1302.82 	 3861 	 0.864532 	 288.735 	 1172.46 	 1209.62 	 953.774 	 0.203252 	 1297.16 	 1200.59 	 150.364 	 0.124307 	 0 	 0 	 NaN 	 NaN 	 0 	 0 	 0 	 NaN 	 NaN 	 NaN 	 NaN 	 0 	 0 	 NaN 	 NaN 	 67.6706 	 11.903 	 23.0747 	 0.179585 	 128.489 	 0 	 0 	 NaN 	 NaN 	 0 	 0 	 0 	 NaN 	 NaN 	 NaN 	 NaN 	 0 	 0 	 NaN 	 NaN 	  DCIS 
52 	 1020.45 	 481.852 	 946.024 	 192.627 	 2077 	 111.559 	 25.4337 	 0.973665 	 0.855789 	 264.35 	 1465.92 	 453.083 	 0.309077 	 723.759 	 1324.51 	 2648 	 0.834279 	 284.007 	 725.776 	 723.154 	 467.306 	 0.439834 	 897.802 	 669.997 	 215.522 	 0.298031 	 90 	 351 	 243.044 	 38.3076 	 2 	 669.236 	 0.322213 	 38.0132 	 38.0132 	 38.0132 	 0 	 45 	 45 	 45 	 0 	 56.0491 	 4.66081 	 12.7406 	 0.109017 	 116.868 	 137 	 497 	 111.518 	 -36.6484 	 3 	 621.164 	 0.299068 	 37.0039 	 10.8936 	 25.4334 	 11.9012 	 69 	 30 	 45.6667 	 20.5994 	  DCIS 
53 	 1047.6 	 550.003 	 979.425 	 158.673 	 4768 	 83.3639 	 79.5483 	 0.299075 	 0.897759 	 296.451 	 1459.92 	 466.869 	 0.319791 	 945.104 	 1318.5 	 5680 	 0.850936 	 359.321 	 658.171 	 761.156 	 505.308 	 0.333333 	 942.79 	 716.471 	 274.435 	 0.36055 	 0 	 0 	 NaN 	 NaN 	 0 	 0 	 0 	 NaN 	 NaN 	 NaN 	 NaN 	 0 	 0 	 NaN 	 NaN 	 50.2182 	 -0.328637 	 22.0118 	 0.198239 	 111.037 	 61 	 62 	 112.525 	 -35.6421 	 1 	 0 	 0 	 NaN 	 NaN 	 NaN 	 NaN 	 61 	 61 	 61 	 0 	  DCIS 
54 	 1055.49 	 460.954 	 980.27 	 229.14 	 2975 	 78.5836 	 52.1317 	 0.748272 	 0.90812 	 247.522 	 1723.88 	 576.516 	 0.334429 	 755.69 	 1582.47 	 5183 	 0.758525 	 412.96 	 1070.35 	 1083.13 	 827.284 	 0.394286 	 991.79 	 1098.79 	 232.638 	 0.214783 	 0 	 0 	 NaN 	 NaN 	 0 	 0 	 0 	 NaN 	 NaN 	 NaN 	 NaN 	 0 	 0 	 NaN 	 NaN 	 63.279 	 -14.3617 	 13.5624 	 0.109288 	 124.097 	 78 	 88 	 123.385 	 -24.7821 	 1 	 0 	 0 	 NaN 	 NaN 	 NaN 	 NaN 	 78 	 78 	 78 	 0 	  DCIS 
55 	 1049 	 881.908 	 1070.43 	 156.707 	 988 	 51.3831 	 24.9052 	 0.874682 	 0.932075 	 136.468 	 989.898 	 203.594 	 0.205671 	 548.386 	 848.482 	 1526 	 0.900295 	 171.539 	 1080.92 	 1110.07 	 854.226 	 0 	 0 	 0 	 160.883 	 0.14493 	 0 	 0 	 NaN 	 NaN 	 0 	 0 	 0 	 NaN 	 NaN 	 NaN 	 NaN 	 0 	 0 	 NaN 	 NaN 	 62.9892 	 0.559006 	 7.94277 	 0.0641541 	 123.808 	 0 	 0 	 NaN 	 NaN 	 0 	 0 	 0 	 NaN 	 NaN 	 NaN 	 NaN 	 0 	 0 	 NaN 	 NaN 	  Other 
56 	 1076.98 	 398.107 	 1002.8 	 293.956 	 2288 	 68.9031 	 43.5333 	 0.775128 	 0.94702 	 194.51 	 1382.46 	 387.586 	 0.280359 	 579.886 	 1241.05 	 4298 	 0.88309 	 308.635 	 1409.56 	 1299.83 	 1043.98 	 0.455939 	 1273.57 	 1300.35 	 265.87 	 0.204543 	 0 	 0 	 NaN 	 NaN 	 0 	 0 	 0 	 NaN 	 NaN 	 NaN 	 NaN 	 0 	 0 	 NaN 	 NaN 	 91.0976 	 1.92634 	 17.495 	 0.115162 	 151.916 	 69 	 71 	 118.101 	 -30.0652 	 1 	 0 	 0 	 NaN 	 NaN 	 NaN 	 NaN 	 69 	 69 	 69 	 0 	  DCIS 
57 	 1117.24 	 326.327 	 1048 	 376.269 	 6782 	 112.808 	 77.9929 	 0.722494 	 0.971494 	 337.605 	 1722.04 	 722.232 	 0.419405 	 1114.11 	 1580.62 	 8667 	 0.879184 	 441.647 	 1035.67 	 1121.13 	 865.283 	 0.229167 	 1302.44 	 1096.91 	 257.832 	 0.229975 	 0 	 0 	 NaN 	 NaN 	 0 	 0 	 0 	 NaN 	 NaN 	 NaN 	 NaN 	 0 	 0 	 NaN 	 NaN 	 54.4973 	 6.50374 	 16.372 	 0.141975 	 115.316 	 180 	 1340 	 129.856 	 -18.3111 	 4 	 2378.58 	 0.350719 	 48.9965 	 11.3818 	 35.3536 	 12.8392 	 45 	 45 	 45 	 0 	  DCIS 
58 	 1134.59 	 750.774 	 820.884 	 76.6551 	 5318 	 139.847 	 50.21 	 0.933324 	 0.918322 	 360.475 	 1108.97 	 306.581 	 0.276455 	 654.283 	 967.557 	 16244 	 0.965525 	 523.085 	 2036.95 	 1953.26 	 1697.42 	 0 	 0 	 1956.77 	 582.973 	 0.298461 	 206 	 1803 	 280.471 	 75.734 	 4 	 1004.15 	 0.188821 	 60.8964 	 25.5185 	 42.1446 	 14.7419 	 74 	 42 	 51.5 	 15.0665 	 278.218 	 70.7304 	 52.6174 	 0.155197 	 339.037 	 628 	 2203 	 158.702 	 10.5356 	 9 	 1360.89 	 0.255903 	 68.7078 	 9.20248 	 34.5691 	 17.8964 	 202 	 44 	 69.7778 	 51.5456 	  Tumour 
59 	 1100.42 	 916.265 	 1130.98 	 168.671 	 1004 	 54.2574 	 23.8948 	 0.897803 	 0.952562 	 135.196 	 877.85 	 110.323 	 0.125674 	 467.404 	 736.434 	 1780 	 0.876847 	 209.622 	 1061.57 	 1050.19 	 794.342 	 0 	 0 	 1049.02 	 158.461 	 0.150888 	 0 	 0 	 NaN 	 NaN 	 0 	 0 	 0 	 NaN 	 NaN 	 NaN 	 NaN 	 0 	 0 	 NaN 	 NaN 	 83.1765 	 -2.08733 	 10.936 	 0.0759471 	 143.995 	 0 	 0 	 NaN 	 NaN 	 0 	 0 	 0 	 NaN 	 NaN 	 NaN 	 NaN 	 0 	 0 	 NaN 	 NaN 	  Other 
60 	 1112.83 	 567.038 	 1045.99 	 185.311 	 3929 	 78.5979 	 65.5122 	 0.552502 	 0.932811 	 253.622 	 1567.97 	 339.165 	 0.216309 	 694.765 	 1426.55 	 4583 	 0.918069 	 279.137 	 859.975 	 796.919 	 541.071 	 0.447154 	 838.973 	 786.612 	 242.594 	 0.304415 	 45 	 45 	 234.156 	 29.4187 	 1 	 0 	 0 	 NaN 	 NaN 	 NaN 	 NaN 	 45 	 45 	 45 	 0 	 85.8308 	 16.3793 	 23.6035 	 0.160952 	 146.649 	 47 	 49 	 120.149 	 -28.0177 	 1 	 0 	 0 	 NaN 	 NaN 	 NaN 	 NaN 	 47 	 47 	 47 	 0 	  DCIS 
61 	 1145.34 	 675.047 	 1095.93 	 76.6551 	 878 	 38.0695 	 29.9041 	 0.618843 	 0.95747 	 115.154 	 1298.28 	 431.465 	 0.332335 	 849.559 	 1156.87 	 1146 	 0.922705 	 138.711 	 924.186 	 1039.69 	 783.839 	 0.398305 	 1213.15 	 992.93 	 500.941 	 0.481819 	 0 	 0 	 NaN 	 NaN 	 0 	 0 	 0 	 NaN 	 NaN 	 NaN 	 NaN 	 0 	 0 	 NaN 	 NaN 	 94.6838 	 38.6268 	 33.495 	 0.215399 	 155.502 	 0 	 0 	 NaN 	 NaN 	 0 	 0 	 0 	 NaN 	 NaN 	 NaN 	 NaN 	 0 	 0 	 NaN 	 NaN 	  DCIS 
62 	 1184.05 	 657.477 	 1130.42 	 106.005 	 3490 	 75.7323 	 61.0208 	 0.592265 	 0.909091 	 245.522 	 1754.93 	 684.117 	 0.389826 	 1221.59 	 1613.51 	 5524 	 0.864205 	 367.463 	 1161.17 	 1128.42 	 872.569 	 0.326019 	 1116.26 	 1128.19 	 410.305 	 0.363611 	 34 	 34 	 377.441 	 172.704 	 1 	 0 	 0 	 NaN 	 NaN 	 NaN 	 NaN 	 34 	 34 	 34 	 0 	 90.3537 	 32.7236 	 27.6214 	 0.182715 	 151.172 	 125 	 386 	 143.896 	 -4.27067 	 3 	 546.889 	 0.156702 	 28.8563 	 12.0045 	 20.1445 	 7.54932 	 54 	 33 	 41.6667 	 10.9697 	  DCIS 
63 	 1174.48 	 580.693 	 1108.26 	 174.416 	 1913 	 55.1324 	 44.6297 	 0.587119 	 0.957457 	 173.681 	 1452.16 	 532.125 	 0.366437 	 807.106 	 1310.75 	 3191 	 0.874007 	 246.066 	 1147.09 	 1094.13 	 838.287 	 0.460465 	 1083.81 	 1094.23 	 379.377 	 0.346737 	 0 	 0 	 NaN 	 NaN 	 0 	 0 	 0 	 NaN 	 NaN 	 NaN 	 NaN 	 0 	 0 	 NaN 	 NaN 	 106.291 	 42.4597 	 30.8816 	 0.184798 	 167.11 	 45 	 47 	 159.089 	 10.9222 	 1 	 0 	 0 	 NaN 	 NaN 	 NaN 	 NaN 	 45 	 45 	 45 	 0 	  DCIS 
64 	 1188.74 	 929.497 	 1217.41 	 186.011 	 1901 	 62.5594 	 39.3582 	 0.777298 	 0.956237 	 175.924 	 1189.67 	 298.314 	 0.250755 	 729.399 	 1048.25 	 2666 	 0.865866 	 236.309 	 1055.32 	 1072.28 	 816.437 	 0.333333 	 1342.1 	 1017.97 	 251.157 	 0.234226 	 0 	 0 	 NaN 	 NaN 	 0 	 0 	 0 	 NaN 	 NaN 	 NaN 	 NaN 	 0 	 0 	 NaN 	 NaN 	 96.9506 	 18.8922 	 35.4961 	 0.224988 	 157.769 	 0 	 0 	 NaN 	 NaN 	 0 	 0 	 0 	 NaN 	 NaN 	 NaN 	 NaN 	 0 	 0 	 NaN 	 NaN 	  DCIS 
65 	 1225.46 	 443.149 	 1150.01 	 320.88 	 6744 	 120.645 	 73.4872 	 0.793078 	 0.945332 	 349.563 	 2383.45 	 877.905 	 0.368333 	 1057.23 	 2242.04 	 8651 	 0.924153 	 457.831 	 1162.03 	 1173.04 	 917.197 	 0.251948 	 1371.64 	 1142.64 	 227.807 	 0.194201 	 5 	 5 	 309.2 	 104.463 	 1 	 0 	 0 	 NaN 	 NaN 	 NaN 	 NaN 	 5 	 5 	 5 	 0 	 87.8083 	 17.9676 	 26.9786 	 0.181519 	 148.627 	 135 	 1206 	 158.407 	 10.2407 	 3 	 1131.16 	 0.167728 	 58.1808 	 32.6956 	 43.7746 	 11.6851 	 45 	 45 	 45 	 0 	  DCIS 
66 	 1208.38 	 886.325 	 1218.36 	 153.473 	 3338 	 79.261 	 54.0261 	 0.731704 	 0.956173 	 237.966 	 981.362 	 154.983 	 0.157927 	 433.475 	 839.947 	 4438 	 0.938663 	 288.208 	 1126.28 	 1173.84 	 917.994 	 0.268775 	 1330 	 1153.97 	 251.705 	 0.214428 	 0 	 0 	 NaN 	 NaN 	 0 	 0 	 0 	 NaN 	 NaN 	 NaN 	 NaN 	 0 	 0 	 NaN 	 NaN 	 112.527 	 20.2973 	 36.1961 	 0.208809 	 173.346 	 45 	 45 	 110.289 	 -37.8778 	 1 	 0 	 0 	 NaN 	 NaN 	 NaN 	 NaN 	 45 	 45 	 45 	 0 	  DCIS 
67 	 1215.85 	 610.927 	 1154.04 	 161.744 	 1446 	 51.4334 	 37.0324 	 0.693967 	 0.918679 	 163.581 	 1360.35 	 464.935 	 0.341775 	 705.142 	 1218.94 	 4115 	 0.901029 	 309.664 	 1228.21 	 1219.15 	 963.298 	 0.553633 	 1228.17 	 1217.12 	 255.808 	 0.209826 	 0 	 0 	 NaN 	 NaN 	 0 	 0 	 0 	 NaN 	 NaN 	 NaN 	 NaN 	 0 	 0 	 NaN 	 NaN 	 94.3461 	 24.9356 	 21.8857 	 0.141049 	 155.165 	 64 	 65 	 132.781 	 -15.3854 	 1 	 0 	 0 	 NaN 	 NaN 	 NaN 	 NaN 	 64 	 64 	 64 	 0 	  DCIS 
68 	 1243.33 	 325.793 	 1173.36 	 438.508 	 8046 	 142.814 	 74.4735 	 0.853269 	 0.938418 	 405.789 	 1667.43 	 544.821 	 0.326744 	 999.082 	 1526.01 	 9385 	 0.914985 	 458.174 	 893.767 	 899.735 	 643.888 	 0 	 0 	 0 	 189.658 	 0.210794 	 0 	 0 	 NaN 	 NaN 	 0 	 0 	 0 	 NaN 	 NaN 	 NaN 	 NaN 	 0 	 0 	 NaN 	 NaN 	 67.8682 	 6.08681 	 18.6482 	 0.144911 	 128.687 	 144 	 781 	 125.944 	 -22.2222 	 2 	 301.236 	 0.0374393 	 76.9281 	 76.9281 	 76.9281 	 0 	 79 	 65 	 72 	 9.89949 	  DCIS 
69 	 1267.04 	 573.409 	 1199.62 	 221.603 	 760 	 45.0057 	 21.7064 	 0.876004 	 0.962025 	 113.983 	 1066.65 	 340.339 	 0.319073 	 520.772 	 925.233 	 1960 	 0.885276 	 194.995 	 1494.77 	 1514.03 	 1258.18 	 0.608434 	 1516.05 	 1517.36 	 128.672 	 0.0849864 	 0 	 0 	 NaN 	 NaN 	 0 	 0 	 0 	 NaN 	 NaN 	 NaN 	 NaN 	 0 	 0 	 NaN 	 NaN 	 62.1762 	 -1.23467 	 8.63519 	 0.0702078 	 122.995 	 0 	 0 	 NaN 	 NaN 	 0 	 0 	 0 	 NaN 	 NaN 	 NaN 	 NaN 	 0 	 0 	 NaN 	 NaN 	  Other 
70 	 1283.71 	 862.64 	 1281.52 	 186.4 	 3040 	 74.9832 	 52.5561 	 0.713254 	 0.965999 	 219.723 	 1537.89 	 538.399 	 0.35009 	 1037.6 	 1396.47 	 5262 	 0.918806 	 312.836 	 1053.05 	 1069.2 	 813.348 	 0 	 0 	 1071.89 	 224.333 	 0.209814 	 0 	 0 	 NaN 	 NaN 	 0 	 0 	 0 	 NaN 	 NaN 	 NaN 	 NaN 	 0 	 0 	 NaN 	 NaN 	 78.5861 	 -1.20752 	 15.1305 	 0.108536 	 139.405 	 45 	 45 	 135.356 	 -12.8111 	 1 	 0 	 0 	 NaN 	 NaN 	 NaN 	 NaN 	 45 	 45 	 45 	 0 	  DCIS 
71 	 1284.38 	 953.933 	 1314.51 	 191.084 	 2819 	 73.0635 	 49.3838 	 0.736991 	 0.977462 	 209.823 	 1622.81 	 571.848 	 0.352382 	 855.533 	 1481.39 	 6716 	 0.752915 	 489.345 	 1295.96 	 1410.02 	 1154.17 	 0 	 0 	 1401.11 	 531.279 	 0.376789 	 0 	 0 	 NaN 	 NaN 	 0 	 0 	 0 	 NaN 	 NaN 	 NaN 	 NaN 	 0 	 0 	 NaN 	 NaN 	 95.1918 	 15.4418 	 24.6005 	 0.157685 	 156.01 	 45 	 45 	 132.222 	 -15.9444 	 1 	 0 	 0 	 NaN 	 NaN 	 NaN 	 NaN 	 45 	 45 	 45 	 0 	  DCIS 
72 	 1316.76 	 513.94 	 1244.32 	 298.819 	 3921 	 99.8442 	 55.2877 	 0.83269 	 0.873858 	 296.877 	 1341.8 	 461.487 	 0.343932 	 792.899 	 1200.38 	 8491 	 0.871229 	 457.103 	 1716.39 	 1830.33 	 1574.48 	 0.417949 	 1773.02 	 1844.75 	 517.516 	 0.282744 	 5 	 5 	 356.2 	 151.463 	 1 	 0 	 0 	 NaN 	 NaN 	 NaN 	 NaN 	 5 	 5 	 5 	 0 	 235.186 	 47.2974 	 99.2311 	 0.335235 	 296.005 	 7 	 7 	 144 	 -4.16667 	 1 	 0 	 0 	 NaN 	 NaN 	 NaN 	 NaN 	 7 	 7 	 7 	 0 	  DCIS 
73 	 1306.41 	 444.469 	 1231.01 	 351.411 	 3459 	 81.1057 	 56.5567 	 0.716759 	 0.912665 	 247.095 	 1688.85 	 426.714 	 0.252665 	 984.341 	 1547.44 	 8295 	 0.860745 	 440.676 	 1765.37 	 1962.91 	 1707.06 	 0.331606 	 1774.06 	 1953.36 	 609.027 	 0.310267 	 51 	 135 	 338.471 	 133.734 	 3 	 2542.67 	 0.735088 	 25.8434 	 9.70436 	 17.2826 	 7.25759 	 33 	 2 	 17 	 15.5242 	 242.799 	 43.5483 	 53.1135 	 0.174936 	 303.617 	 72 	 74 	 208.847 	 60.6806 	 1 	 0 	 0 	 NaN 	 NaN 	 NaN 	 NaN 	 72 	 72 	 72 	 0 	  DCIS 
74 	 57.7231 	 1556.2 	 728.313 	 326.156 	 12042 	 135.028 	 115.629 	 0.516422 	 0.967151 	 432.233 	 1987.92 	 473.381 	 0.238128 	 1174.74 	 1846.51 	 15270 	 0.901098 	 602.936 	 1513.26 	 1661.75 	 1405.9 	 0 	 0 	 0 	 409.235 	 0.246268 	 361 	 2468 	 233.166 	 28.4294 	 7 	 2386.19 	 0.198155 	 96.5824 	 8.51469 	 43.2896 	 23.3894 	 88 	 45 	 51.5714 	 16.1024 	 304.554 	 96.8052 	 71.4107 	 0.195446 	 365.372 	 855 	 7835 	 153.395 	 5.22865 	 14 	 1633.38 	 0.13564 	 110.928 	 15 	 56.1025 	 23.5299 	 147 	 31 	 61.0714 	 33.5157 	  Tumour 
75 	 82.7416 	 1885.71 	 1036.41 	 548.293 	 14127 	 221.753 	 86.3597 	 0.921051 	 0.881615 	 587.127 	 1436.3 	 369.746 	 0.25743 	 904.421 	 1294.88 	 17567 	 0.872808 	 660.458 	 1887.65 	 2001.34 	 1745.5 	 0.25729 	 2171.23 	 1962.06 	 502.096 	 0.250879 	 90 	 112 	 243.878 	 39.1409 	 2 	 5866.86 	 0.415294 	 9.05539 	 9.05539 	 9.05539 	 0 	 45 	 45 	 45 	 0 	 194.271 	 23.5506 	 32.2076 	 0.12626 	 255.09 	 267 	 4297 	 137.697 	 -10.47 	 4 	 5516.66 	 0.390505 	 188.695 	 24.9226 	 111.025 	 57.4655 	 112 	 44 	 66.75 	 30.7828 	  Tumour 
76 	 112.527 	 1098.71 	 305.552 	 203.828 	 2721 	 73.4574 	 51.3521 	 0.71505 	 0.912475 	 226.652 	 1287.06 	 276.901 	 0.215142 	 786.34 	 1145.64 	 3740 	 0.891963 	 296.711 	 1576.73 	 1616.58 	 1360.73 	 0.365942 	 1999.92 	 1521.45 	 394.17 	 0.24383 	 86 	 91 	 273.988 	 69.2515 	 1 	 0 	 0 	 NaN 	 NaN 	 NaN 	 NaN 	 86 	 86 	 86 	 0 	 194.931 	 59.0388 	 42.3051 	 0.165416 	 255.749 	 33 	 33 	 134.758 	 -13.4091 	 1 	 0 	 0 	 NaN 	 NaN 	 NaN 	 NaN 	 33 	 33 	 33 	 0 	  Tumour 
77 	 146.768 	 1880.2 	 1017.51 	 504.168 	 4410 	 83.651 	 68.2121 	 0.578845 	 0.957239 	 270.007 	 1286.41 	 204.346 	 0.158849 	 583.233 	 1145 	 6245 	 0.916765 	 356.752 	 1615.25 	 2033.93 	 1778.08 	 0.790274 	 1970.38 	 2063.53 	 386.785 	 0.190167 	 160 	 379 	 233.444 	 28.7069 	 2 	 2500.98 	 0.567116 	 31.6139 	 31.6139 	 31.6139 	 0 	 115 	 45 	 80 	 49.4975 	 260.1 	 14.5763 	 28.155 	 0.0877326 	 320.919 	 332 	 1779 	 137.967 	 -10.1998 	 8 	 928.648 	 0.210578 	 54.1545 	 8.544 	 31.2754 	 13.1335 	 45 	 32 	 41.5 	 4.84031 	  Tumour 
78 	 194.166 	 1804.89 	 936.071 	 415.838 	 8933 	 121.674 	 94.7963 	 0.626899 	 0.967717 	 380.475 	 1408.8 	 298.658 	 0.211994 	 761.272 	 1267.39 	 17944 	 0.893759 	 660.049 	 1504.17 	 1891 	 1635.16 	 0.673203 	 1967.4 	 1845.24 	 384.238 	 0.203192 	 336 	 2431 	 228.357 	 23.6203 	 8 	 1740.12 	 0.194797 	 82.4924 	 9.84886 	 40.8338 	 20.7616 	 45 	 21 	 42 	 8.48528 	 417.282 	 169.26 	 84.6823 	 0.177122 	 478.101 	 350 	 2393 	 159.283 	 11.1162 	 7 	 2117.91 	 0.237088 	 78.2448 	 11.4979 	 37.1806 	 18.422 	 75 	 34 	 50 	 16.8721 	  Tumour 
79 	 168.643 	 1089.82 	 262.619 	 156.464 	 5380 	 110.833 	 63.7431 	 0.818062 	 0.939738 	 306.309 	 1413.4 	 281.501 	 0.199166 	 778.103 	 1271.99 	 7513 	 0.896112 	 414.024 	 1597.58 	 1855.47 	 1599.62 	 0.389744 	 2224.73 	 1793.46 	 518.772 	 0.279591 	 45 	 45 	 229.844 	 25.1076 	 1 	 0 	 0 	 NaN 	 NaN 	 NaN 	 NaN 	 45 	 45 	 45 	 0 	 287.342 	 73.2574 	 58.1139 	 0.166917 	 348.161 	 113 	 169 	 143.15 	 -5.01622 	 2 	 524.828 	 0.0975517 	 9.90726 	 9.90726 	 9.90726 	 0 	 67 	 46 	 56.5 	 14.8492 	  Tumour 
80 	 218.946 	 1451.31 	 582.541 	 138.058 	 14937 	 161.995 	 126.074 	 0.627943 	 0.897009 	 561.772 	 1421.61 	 334.381 	 0.235213 	 924.678 	 1280.2 	 20366 	 0.833989 	 804.333 	 1445.27 	 1582.8 	 1326.95 	 0 	 0 	 1581.61 	 576.613 	 0.3643 	 168 	 248 	 235.458 	 30.7215 	 2 	 2578.45 	 0.172621 	 14.5204 	 14.5204 	 14.5204 	 0 	 89 	 79 	 84 	 7.07107 	 137.227 	 20.2915 	 43.7692 	 0.221006 	 198.046 	 927 	 7792 	 120.509 	 -27.6575 	 19 	 3247.34 	 0.217402 	 148.436 	 8.544 	 62.0598 	 36.7727 	 86 	 33 	 48.7895 	 13.0707 	  Tumour 
81 	 283.811 	 1702.17 	 824.97 	 279.846 	 11561 	 272.727 	 68.8476 	 0.967612 	 0.694855 	 675.938 	 1519.86 	 412.156 	 0.271181 	 1008.35 	 1378.44 	 18185 	 0.751602 	 810.86 	 949.626 	 1037.84 	 781.989 	 0.426846 	 1386.75 	 936.432 	 632.131 	 0.609085 	 384 	 6199 	 181.299 	 -23.4374 	 8 	 1966.54 	 0.170101 	 149.03 	 25.8118 	 68.9605 	 33.6711 	 74 	 40 	 48 	 10.6503 	 186.286 	 109.56 	 105.868 	 0.428434 	 247.105 	 476 	 3332 	 122.59 	 -25.5763 	 8 	 3149.33 	 0.27241 	 131.828 	 12.8001 	 56.2769 	 34.9405 	 135 	 45 	 59.5 	 30.8499 	  Tumour 
82 	 215.468 	 1933.77 	 1061.61 	 516.14 	 9432 	 122.549 	 99.4536 	 0.584294 	 0.938227 	 405.203 	 1486.41 	 385.06 	 0.259053 	 861.206 	 1345 	 10139 	 0.92848 	 454.309 	 1858.67 	 2026.36 	 1770.51 	 0.402844 	 2004.35 	 2044.28 	 369.772 	 0.182481 	 325 	 1492 	 242.025 	 37.2878 	 6 	 1632.63 	 0.173095 	 78.5175 	 10.053 	 40.1434 	 21.3982 	 90 	 45 	 54.1667 	 18.0046 	 267.87 	 19.5256 	 38.0927 	 0.115893 	 328.688 	 158 	 1286 	 142.994 	 -5.173 	 4 	 770.281 	 0.0816668 	 57.1337 	 11.1134 	 40.719 	 18.0504 	 45 	 31 	 39.5 	 6.19139 	  Tumour 
83 	 226.666 	 1595.75 	 724.523 	 247.13 	 7746 	 108.726 	 91.4546 	 0.540804 	 0.978895 	 341.706 	 1441.48 	 344.82 	 0.239213 	 960.001 	 1300.06 	 10973 	 0.936263 	 472.652 	 1062.26 	 1206.06 	 950.211 	 0.131222 	 1767.97 	 1159.5 	 604.13 	 0.500913 	 214 	 965 	 226.593 	 21.8566 	 5 	 1374.64 	 0.177465 	 41.6957 	 8.24621 	 26.2949 	 10.338 	 59 	 31 	 42.8 	 11.0544 	 289.924 	 185.663 	 103.213 	 0.294269 	 350.742 	 444 	 1933 	 158.82 	 10.6532 	 6 	 2147.98 	 0.277302 	 51.4843 	 14.6292 	 31.6408 	 10.7876 	 170 	 42 	 74 	 50.323 	  Tumour 
84 	 260.664 	 1113.07 	 243.298 	 139.607 	 7423 	 118.91 	 81.0237 	 0.731923 	 0.975812 	 350.877 	 1673.7 	 396.817 	 0.237089 	 852.976 	 1532.29 	 14733 	 0.905309 	 567.279 	 1739.55 	 2060.59 	 1804.74 	 0.101887 	 2639.19 	 2043.96 	 478.199 	 0.232069 	 258 	 2557 	 267.795 	 63.0577 	 3 	 1179.06 	 0.158839 	 88.3802 	 28.8989 	 53.7976 	 20.7988 	 139 	 35 	 64.5 	 49.8364 	 498.184 	 222.711 	 140.633 	 0.251579 	 559.003 	 704 	 4476 	 160.118 	 11.9512 	 8 	 977.211 	 0.131646 	 86.6678 	 14.9198 	 45.4868 	 18.1296 	 135 	 38 	 78.2222 	 34.0359 	  Tumour 
85 	 294.711 	 1760.56 	 883.476 	 325.576 	 6846 	 118.956 	 75.3286 	 0.773947 	 0.983762 	 334.25 	 2327.42 	 456.826 	 0.19628 	 1194.51 	 2186.01 	 8163 	 0.891936 	 428.25 	 1378.02 	 1621.51 	 1365.67 	 0.854167 	 1565.01 	 1692.13 	 674.037 	 0.415684 	 158 	 1096 	 240.513 	 35.7758 	 3 	 657.288 	 0.0960106 	 48.13 	 32 	 38.5445 	 7.58842 	 68 	 45 	 52.6667 	 13.2791 	 298.054 	 -22.6374 	 55.3946 	 0.154357 	 358.873 	 322 	 966 	 170.63 	 22.4638 	 4 	 980.728 	 0.143256 	 36.8413 	 15.9308 	 24.1593 	 8.45066 	 103 	 62 	 80.5 	 16.9411 	  Tumour 
86 	 305.415 	 1343.36 	 933.769 	 138.058 	 4851 	 107.472 	 59.3486 	 0.833696 	 0.960404 	 303.463 	 1907.16 	 839.669 	 0.440272 	 1330.77 	 1765.74 	 7285 	 0.943653 	 384.409 	 945.992 	 923.67 	 667.823 	 0.0450704 	 1138.44 	 918.528 	 201.337 	 0.217975 	 85 	 97 	 246.859 	 42.122 	 1 	 0 	 0 	 NaN 	 NaN 	 NaN 	 NaN 	 85 	 85 	 85 	 0 	 58.3512 	 8.75416 	 11.7363 	 0.098484 	 119.17 	 145 	 669 	 128.69 	 -19.477 	 4 	 979.038 	 0.201822 	 30.9832 	 12.1211 	 21.9312 	 7.62147 	 43 	 31 	 36.25 	 5.7373 	  DCIS 
87 	 379.012 	 1824.4 	 947.597 	 360.035 	 7768 	 113.04 	 89.9904 	 0.605176 	 0.917011 	 385.889 	 1736.29 	 549.457 	 0.316455 	 973.01 	 1594.87 	 12447 	 0.863955 	 537.622 	 1775.37 	 1871.87 	 1616.02 	 0.159363 	 1757.16 	 1876.01 	 763.462 	 0.407862 	 256 	 1503 	 222.816 	 18.0796 	 5 	 1281.14 	 0.164925 	 73.3502 	 9.43398 	 40.3845 	 20.9531 	 90 	 31 	 51.2 	 22.5211 	 522.051 	 278.689 	 241.311 	 0.414006 	 582.869 	 597 	 3534 	 174.806 	 26.639 	 9 	 1233.16 	 0.158749 	 70.4154 	 10.4403 	 36.5361 	 16.5501 	 161 	 34 	 66.3333 	 42.1782 	  Tumour 
88 	 413.315 	 1408.39 	 1027.2 	 198.708 	 6001 	 111.402 	 86.5146 	 0.629997 	 0.814026 	 407.404 	 1207.51 	 230.536 	 0.190918 	 687.874 	 1066.1 	 9252 	 0.842623 	 473.262 	 1005.93 	 990.621 	 734.773 	 0.205251 	 891.36 	 1000.36 	 213.98 	 0.216006 	 0 	 0 	 NaN 	 NaN 	 0 	 0 	 0 	 NaN 	 NaN 	 NaN 	 NaN 	 0 	 0 	 NaN 	 NaN 	 58.6601 	 -2.76686 	 14.8337 	 0.124153 	 119.479 	 87 	 250 	 116.816 	 -31.3506 	 2 	 1331.99 	 0.221961 	 26.8391 	 26.8391 	 26.8391 	 0 	 48 	 39 	 43.5 	 6.36396 	  DCIS 
89 	 439.468 	 1469.12 	 1093.37 	 156.247 	 2222 	 70.744 	 41.8966 	 0.80577 	 0.955288 	 209.238 	 1567.61 	 377.363 	 0.240725 	 1073.01 	 1426.19 	 3135 	 0.967593 	 246.125 	 781.214 	 863.942 	 608.095 	 0.306667 	 832.261 	 866.835 	 129.226 	 0.149577 	 45 	 45 	 180.178 	 -24.5591 	 1 	 0 	 0 	 NaN 	 NaN 	 NaN 	 NaN 	 45 	 45 	 45 	 0 	 43.164 	 -3.7532 	 9.16673 	 0.0881565 	 103.982 	 118 	 320 	 105.712 	 -42.4548 	 3 	 103.494 	 0.0465768 	 20.4497 	 12.1768 	 16.4793 	 3.70867 	 45 	 30 	 39.3333 	 8.14453 	  DCIS 
90 	 460.251 	 2010.58 	 1141.13 	 465.151 	 7328 	 125.704 	 77.9815 	 0.784317 	 0.913716 	 378.233 	 1016.24 	 152.948 	 0.150505 	 485.484 	 874.821 	 12764 	 0.892026 	 537.966 	 1927.47 	 2167.97 	 1912.12 	 0 	 0 	 0 	 461.164 	 0.212717 	 96 	 179 	 258.604 	 53.8673 	 2 	 3249.74 	 0.443469 	 15.5814 	 15.5814 	 15.5814 	 0 	 67 	 29 	 48 	 26.8701 	 296.939 	 2.46391 	 34.7255 	 0.0970643 	 357.758 	 178 	 770 	 153.331 	 5.16479 	 3 	 3097.67 	 0.422717 	 39.219 	 20.305 	 29.111 	 8.51852 	 74 	 31 	 59.3333 	 24.5425 	  Tumour 
91 	 458.836 	 1212.4 	 360.251 	 153.681 	 3425 	 75.059 	 58.6893 	 0.623393 	 0.966695 	 230.066 	 1263.31 	 258.674 	 0.204758 	 876.25 	 1121.9 	 9260 	 0.985316 	 371.747 	 1544.67 	 1208.95 	 953.099 	 0 	 0 	 1199.72 	 467.838 	 0.38698 	 282 	 782 	 237.592 	 32.8554 	 3 	 313.882 	 0.0916443 	 30.8219 	 15.9617 	 23.4057 	 6.64571 	 127 	 34 	 94 	 52.0481 	 360.276 	 115.723 	 69.829 	 0.165827 	 421.095 	 216 	 899 	 163.042 	 14.875 	 3 	 1137.32 	 0.332065 	 34.8889 	 24.0308 	 29.6724 	 4.86702 	 133 	 38 	 72 	 52.9434 	  Tumour 
92 	 520.985 	 1602.42 	 750.323 	 136.444 	 6627 	 136.154 	 62.3356 	 0.889038 	 0.96971 	 352.534 	 1207.32 	 321.361 	 0.266177 	 685.434 	 1065.91 	 9512 	 0.8869 	 477.137 	 1694.19 	 1945.5 	 1689.65 	 0.306306 	 2247.03 	 1884.02 	 385.821 	 0.198315 	 221 	 1659 	 231.294 	 26.5573 	 4 	 3132.63 	 0.472707 	 55.7315 	 12.7769 	 38.5623 	 14.538 	 86 	 45 	 55.25 	 20.5 	 266.124 	 15.4281 	 41.7834 	 0.127801 	 326.942 	 181 	 661 	 123.729 	 -24.4374 	 4 	 1423.31 	 0.214774 	 33.0606 	 8.94427 	 23.4571 	 8.42101 	 46 	 45 	 45.25 	 0.5 	  Tumour 
93 	 509.665 	 1465.85 	 1116.25 	 136.444 	 1279 	 45.2481 	 36.1192 	 0.602331 	 0.972624 	 134.811 	 1338.25 	 433.949 	 0.324267 	 707.35 	 1196.83 	 2108 	 0.952123 	 187.598 	 1251.31 	 1229.17 	 973.323 	 0 	 0 	 1229.03 	 92.6733 	 0.075395 	 0 	 0 	 NaN 	 NaN 	 0 	 0 	 0 	 NaN 	 NaN 	 NaN 	 NaN 	 0 	 0 	 NaN 	 NaN 	 77.1737 	 7.8776 	 8.86501 	 0.0642428 	 137.992 	 0 	 0 	 NaN 	 NaN 	 0 	 0 	 0 	 NaN 	 NaN 	 NaN 	 NaN 	 0 	 0 	 NaN 	 NaN 	  DCIS 
94 	 536.337 	 1345.48 	 1017.43 	 153.681 	 2186 	 63.1957 	 46.6298 	 0.67495 	 0.950848 	 192.066 	 1584.41 	 573.63 	 0.362047 	 908.234 	 1442.99 	 3896 	 0.896457 	 285.397 	 1220.39 	 1188.6 	 932.753 	 0.156716 	 926.976 	 1213.15 	 266.562 	 0.224266 	 0 	 0 	 NaN 	 NaN 	 0 	 0 	 0 	 NaN 	 NaN 	 NaN 	 NaN 	 0 	 0 	 NaN 	 NaN 	 75.9276 	 7.53228 	 16.4818 	 0.120529 	 136.746 	 0 	 0 	 NaN 	 NaN 	 0 	 0 	 0 	 NaN 	 NaN 	 NaN 	 NaN 	 0 	 0 	 NaN 	 NaN 	  DCIS 
95 	 559.837 	 1416.71 	 1092.55 	 189.066 	 3502 	 90.1433 	 49.7155 	 0.834164 	 0.979306 	 236.208 	 1680.95 	 565.477 	 0.336404 	 799.377 	 1539.53 	 5837 	 0.942211 	 332.693 	 777.285 	 760.183 	 504.336 	 0.271186 	 927.013 	 736.391 	 162.732 	 0.21407 	 73 	 73 	 200.205 	 -4.53136 	 1 	 0 	 0 	 NaN 	 NaN 	 NaN 	 NaN 	 73 	 73 	 73 	 0 	 60.3129 	 12.4174 	 12.4033 	 0.102395 	 121.131 	 144 	 313 	 127.264 	 -20.9028 	 3 	 823.663 	 0.235198 	 17.484 	 12.5957 	 14.6869 	 2.25347 	 54 	 40 	 48 	 7.2111 	  DCIS 
96 	 638.467 	 1183.88 	 438.443 	 190.591 	 11332 	 140.822 	 106.567 	 0.653705 	 0.920926 	 440.416 	 1418.53 	 222.78 	 0.15705 	 794.971 	 1277.11 	 11793 	 0.882115 	 522.777 	 1705.31 	 2090.05 	 1834.2 	 0.541401 	 2065.64 	 2104.4 	 527.641 	 0.252454 	 444 	 4462 	 218.59 	 13.8532 	 9 	 2279.98 	 0.201198 	 106.892 	 10.5996 	 56.437 	 28.2161 	 77 	 30 	 49.3333 	 13.9821 	 549.966 	 174.314 	 99.7679 	 0.163344 	 610.784 	 491 	 4058 	 145.77 	 -2.39681 	 9 	 1141.96 	 0.100773 	 99.0874 	 11.6254 	 45.7179 	 24.0923 	 90 	 30 	 54.5556 	 16.0788 	  Tumour 
97 	 617.151 	 1486.74 	 1180.75 	 149.803 	 3986 	 86.1551 	 60.704 	 0.709616 	 0.937 	 260.007 	 1511.71 	 392.808 	 0.259844 	 719.386 	 1370.29 	 5192 	 0.937015 	 308.853 	 1021.99 	 1132.85 	 877.005 	 0.355634 	 1363.19 	 1063.13 	 440.475 	 0.38882 	 0 	 0 	 NaN 	 NaN 	 0 	 0 	 0 	 NaN 	 NaN 	 NaN 	 NaN 	 0 	 0 	 NaN 	 NaN 	 86.0317 	 -3.35725 	 28.3422 	 0.193001 	 146.85 	 135 	 370 	 121.259 	 -26.9074 	 3 	 305.025 	 0.0765242 	 25.6062 	 15.0383 	 18.5799 	 5.44262 	 49 	 41 	 45 	 4 	  DCIS 
98 	 622.915 	 1098.87 	 371.809 	 260.931 	 6334 	 102.143 	 80.3659 	 0.617211 	 0.971026 	 314.35 	 1371.73 	 331.411 	 0.241601 	 555.417 	 1230.31 	 14537 	 0.926927 	 541.99 	 1749.2 	 1659.88 	 1404.04 	 0.403292 	 1629.97 	 1700.87 	 391.695 	 0.235977 	 239 	 1091 	 204.184 	 -0.552742 	 5 	 1584.55 	 0.250166 	 40 	 8.544 	 26.6777 	 8.73582 	 59 	 45 	 47.8 	 6.26099 	 471.315 	 155.675 	 103.206 	 0.193947 	 532.133 	 293 	 1704 	 144.652 	 -3.51479 	 6 	 2353.85 	 0.371622 	 59.6918 	 14.6672 	 30.7254 	 12.011 	 75 	 29 	 48.8333 	 19.6715 	  Tumour 
99 	 625.998 	 1719.52 	 894.521 	 132.966 	 5047 	 89.8148 	 73.855 	 0.56905 	 0.951546 	 286.35 	 1219.28 	 243.877 	 0.200017 	 679.444 	 1077.87 	 9784 	 0.723883 	 580.551 	 1155.28 	 1388.62 	 1132.78 	 0.427788 	 1807.02 	 1245.56 	 698.936 	 0.50333 	 218 	 1749 	 158.193 	 -46.5442 	 4 	 953.415 	 0.188907 	 48.5489 	 29.4109 	 37.9796 	 7.29006 	 83 	 45 	 54.5 	 19 	 227.058 	 92.2401 	 49.823 	 0.173071 	 287.877 	 457 	 2084 	 118.582 	 -29.5846 	 7 	 635.224 	 0.125862 	 52.5978 	 11.3484 	 29.1275 	 11.2213 	 86 	 46 	 65.2857 	 15.5318 	  Tumour 
100 	 662.003 	 1592.43 	 1294.71 	 112.294 	 5201 	 173.174 	 39.3182 	 0.973884 	 0.937286 	 399.12 	 1734.52 	 545.166 	 0.314303 	 889.417 	 1593.11 	 7239 	 0.810729 	 523.279 	 1539.64 	 1683.47 	 1427.62 	 0.475309 	 2011.84 	 1574.97 	 499.28 	 0.296578 	 52 	 53 	 261.385 	 56.6478 	 1 	 0 	 0 	 NaN 	 NaN 	 NaN 	 NaN 	 52 	 52 	 52 	 0 	 188.395 	 7.5072 	 80.7187 	 0.323894 	 249.214 	 160 	 983 	 145.856 	 -2.31042 	 3 	 505.506 	 0.097194 	 88.1887 	 13.8924 	 58.9742 	 35.4267 	 70 	 45 	 53.3333 	 14.4338 	  Fib 
101 	 688.383 	 1527.04 	 1249.68 	 149.054 	 3057 	 75.8518 	 51.9856 	 0.728207 	 0.972638 	 217.723 	 1324.17 	 322.67 	 0.243677 	 789.781 	 1182.75 	 5515 	 0.917943 	 329.054 	 1003.65 	 1082.73 	 826.882 	 0.335484 	 1632.6 	 976.434 	 494.791 	 0.456985 	 0 	 0 	 NaN 	 NaN 	 0 	 0 	 0 	 NaN 	 NaN 	 NaN 	 NaN 	 0 	 0 	 NaN 	 NaN 	 63.9741 	 -9.88967 	 10.2949 	 0.0824959 	 124.793 	 116 	 393 	 116.629 	 -31.5374 	 2 	 158.844 	 0.0519606 	 37.5487 	 37.5487 	 37.5487 	 0 	 60 	 56 	 58 	 2.82843 	  DCIS 
102 	 722.221 	 1252.3 	 546.15 	 196.023 	 10725 	 135.168 	 101.369 	 0.661496 	 0.978201 	 400.475 	 1674.47 	 359.538 	 0.214718 	 1117.23 	 1533.05 	 16324 	 0.924035 	 588.735 	 1931.39 	 2518.74 	 2262.89 	 0.222426 	 2320.97 	 2525.69 	 568.576 	 0.225739 	 311 	 3887 	 242.707 	 37.9706 	 7 	 1396.51 	 0.130211 	 89.0505 	 12.3693 	 53.9601 	 23.0917 	 45 	 41 	 44.4286 	 1.51186 	 592.456 	 203.731 	 110.377 	 0.168959 	 653.274 	 649 	 4238 	 159.197 	 11.0306 	 10 	 3245.42 	 0.302603 	 96.7815 	 9.08273 	 41.2569 	 21.6525 	 106 	 30 	 59 	 24.0458 	  Tumour 
103 	 718.933 	 1448.34 	 1197.85 	 180.136 	 3660 	 88.171 	 52.9828 	 0.799317 	 0.978348 	 236.894 	 1883.86 	 589.563 	 0.312954 	 1365.03 	 1742.45 	 5196 	 0.955674 	 311.296 	 725.91 	 630.261 	 374.414 	 0.178694 	 802.269 	 613.989 	 203.676 	 0.323161 	 90 	 170 	 183.033 	 -21.7035 	 2 	 122.919 	 0.0335843 	 15.8114 	 15.8114 	 15.8114 	 0 	 45 	 45 	 45 	 0 	 76.2515 	 18.8211 	 13.3333 	 0.0972739 	 137.07 	 164 	 457 	 128.232 	 -19.935 	 3 	 559.969 	 0.152997 	 34.7728 	 10.8018 	 23.6886 	 10.8107 	 69 	 34 	 54.6667 	 18.3394 	  DCIS 
104 	 748.527 	 1662.63 	 892.665 	 112.294 	 9949 	 152.302 	 84.8877 	 0.830269 	 0.947795 	 429.22 	 1804.78 	 437.823 	 0.242591 	 1206.17 	 1663.36 	 16874 	 0.867692 	 759.848 	 1392.11 	 1901.81 	 1645.96 	 0.752125 	 1943.19 	 1859.43 	 582.956 	 0.306527 	 333 	 4229 	 217.072 	 12.3352 	 6 	 2214.9 	 0.222626 	 93.5193 	 17.1642 	 53.623 	 25.0685 	 89 	 26 	 55.5 	 23.2185 	 567.678 	 385.354 	 199.597 	 0.317578 	 628.496 	 332 	 2431 	 150.217 	 2.0502 	 7 	 1912.5 	 0.19223 	 122.833 	 12.0258 	 62.2317 	 41.0251 	 63 	 35 	 47.4286 	 11.5305 	  Tumour 
105 	 743.109 	 1731.17 	 950.353 	 160.879 	 6909 	 140.809 	 67.3787 	 0.878082 	 0.86287 	 380.836 	 1772.49 	 486.034 	 0.274209 	 1172.01 	 1631.08 	 9375 	 0.84528 	 486.894 	 1685.53 	 2007.66 	 1751.81 	 0.898901 	 2013.18 	 1998.79 	 454.17 	 0.226219 	 239 	 1432 	 234.971 	 30.2339 	 5 	 3623.75 	 0.524497 	 58.4123 	 9.53588 	 32.7974 	 14.0498 	 59 	 45 	 47.8 	 6.26099 	 531.006 	 128.173 	 80.8976 	 0.136692 	 591.825 	 349 	 3189 	 161.181 	 13.0138 	 6 	 2160.45 	 0.3127 	 90.3331 	 7.05286 	 52.9279 	 30.2041 	 88 	 16 	 49.8571 	 25.9578 	  Tumour 
106 	 751.718 	 1820.71 	 1035.58 	 244.632 	 7881 	 107.917 	 94.7756 	 0.478246 	 0.965809 	 380.132 	 1391.09 	 298.69 	 0.214717 	 754.065 	 1249.67 	 11330 	 0.893463 	 502.451 	 1748.61 	 2154.5 	 1898.65 	 0.534335 	 2233.91 	 2098.66 	 535.51 	 0.248554 	 384 	 3901 	 244.661 	 39.9246 	 8 	 945.087 	 0.11992 	 90.5286 	 9.6566 	 48.694 	 21.1682 	 82 	 15 	 48 	 18.8452 	 473.846 	 133.474 	 98.5281 	 0.18428 	 534.665 	 322 	 2415 	 160.795 	 12.6284 	 7 	 1325.14 	 0.168143 	 84.6716 	 8.18067 	 42.8163 	 21.2026 	 56 	 32 	 46 	 7.54983 	  Tumour 
107 	 783.59 	 1494.86 	 1272.76 	 127.047 	 3600 	 80.4212 	 58.1715 	 0.690496 	 0.941669 	 250.149 	 1454.54 	 417.061 	 0.28673 	 951.013 	 1313.13 	 5343 	 0.929541 	 316.368 	 799.133 	 793.303 	 537.455 	 0.180272 	 801.717 	 789.46 	 145.684 	 0.183642 	 0 	 0 	 NaN 	 NaN 	 0 	 0 	 0 	 NaN 	 NaN 	 NaN 	 NaN 	 0 	 0 	 NaN 	 NaN 	 55.2932 	 -11.5537 	 13.5471 	 0.116673 	 116.112 	 46 	 48 	 106.674 	 -41.4928 	 1 	 0 	 0 	 NaN 	 NaN 	 NaN 	 NaN 	 46 	 46 	 46 	 0 	  DCIS 
108 	 830.854 	 1879.02 	 1122.07 	 232.835 	 9908 	 127.789 	 99.0717 	 0.631622 	 0.977024 	 390.576 	 1960.37 	 477.981 	 0.243822 	 1375.51 	 1818.96 	 14797 	 0.892461 	 607.706 	 1615.35 	 2022.17 	 1766.32 	 0.639785 	 2052.16 	 2011.65 	 422.694 	 0.20903 	 263 	 3289 	 253.015 	 48.2784 	 5 	 1489.3 	 0.150313 	 103.833 	 9.05539 	 55.2497 	 30.2481 	 83 	 45 	 52.6 	 16.9941 	 575.352 	 201.648 	 113.682 	 0.178697 	 636.17 	 524 	 3981 	 182.813 	 34.6463 	 8 	 1904.55 	 0.192224 	 85.87 	 10.9102 	 44.892 	 20.4378 	 131 	 44 	 65.5 	 33.8104 	  Tumour 
109 	 850.792 	 1723.22 	 995.868 	 120.599 	 7841 	 111.546 	 91.9819 	 0.565705 	 0.949849 	 359.262 	 1563.37 	 360.8 	 0.230784 	 992.709 	 1421.95 	 10618 	 0.869188 	 496.208 	 1439.91 	 1731.03 	 1475.19 	 0.442516 	 1931.52 	 1669.35 	 549.03 	 0.317169 	 280 	 1797 	 221.739 	 17.0024 	 6 	 1361.5 	 0.173639 	 76.3883 	 12.8395 	 38.8819 	 19.6731 	 53 	 33 	 46.6667 	 7.60701 	 416.787 	 135.289 	 124.224 	 0.260097 	 477.605 	 696 	 2794 	 155.999 	 7.8319 	 10 	 1319.45 	 0.168276 	 75.3416 	 11.0144 	 35.9356 	 18.2277 	 150 	 34 	 69.6 	 35.9975 	  Tumour 
110 	 850.917 	 1977.66 	 1219.72 	 210.44 	 8613 	 158.679 	 82.5382 	 0.85407 	 0.81493 	 452.617 	 1532.33 	 322.541 	 0.210491 	 903.165 	 1390.91 	 12161 	 0.678589 	 633.831 	 1751.44 	 1848.29 	 1592.45 	 0.639432 	 1830.17 	 1851.29 	 557.746 	 0.301763 	 29 	 30 	 294.862 	 90.1252 	 1 	 0 	 0 	 NaN 	 NaN 	 NaN 	 NaN 	 29 	 29 	 29 	 0 	 391.577 	 139.296 	 81.4837 	 0.180116 	 452.395 	 140 	 479 	 183.486 	 35.319 	 2 	 2480.42 	 0.287986 	 36.0706 	 36.0706 	 36.0706 	 0 	 73 	 67 	 70 	 4.24264 	  Tumour 
111 	 863.359 	 1602.66 	 1406.47 	 120.599 	 5475 	 94.3514 	 74.5045 	 0.613559 	 0.964758 	 292.635 	 1314.5 	 328.971 	 0.250264 	 744.87 	 1173.08 	 7570 	 0.972008 	 351.882 	 1026.89 	 1025.61 	 769.767 	 0.0753012 	 1008.56 	 1026.87 	 207.088 	 0.201917 	 90 	 190 	 228.178 	 23.4409 	 2 	 1662.53 	 0.303659 	 18.0278 	 18.0278 	 18.0278 	 0 	 45 	 45 	 45 	 0 	 96.7148 	 -7.56762 	 23.5542 	 0.149519 	 157.533 	 107 	 269 	 128.43 	 -19.7368 	 2 	 669.43 	 0.12227 	 23.6247 	 23.6247 	 23.6247 	 0 	 59 	 48 	 53.5 	 7.77817 	  DCIS 
112 	 899.225 	 1441.18 	 804.732 	 127.047 	 6758 	 113.014 	 76.9995 	 0.731981 	 0.962678 	 332.434 	 1200.85 	 220.352 	 0.183497 	 744.498 	 1059.43 	 12873 	 0.801906 	 615.706 	 1416.28 	 1587.49 	 1331.65 	 0.196113 	 1842.44 	 1551.61 	 346.166 	 0.218058 	 135 	 760 	 223.474 	 18.7372 	 3 	 961.721 	 0.142308 	 32.45 	 27.0185 	 29.6265 	 2.43475 	 45 	 45 	 45 	 0 	 269.098 	 69.763 	 83.2242 	 0.252258 	 329.917 	 157 	 634 	 137.045 	 -11.1221 	 3 	 1062.34 	 0.157198 	 35.3896 	 14.5641 	 26.4655 	 9.59472 	 74 	 37 	 52.3333 	 19.2959 	  Tumour 
113 	 940.58 	 1277.4 	 734.772 	 232.332 	 10813 	 140.014 	 98.7984 	 0.708577 	 0.968213 	 421.203 	 1196.01 	 206.724 	 0.172845 	 646.577 	 1054.59 	 24755 	 0.923728 	 751.103 	 1646.78 	 2036.56 	 1780.71 	 0.181287 	 2167.75 	 2019.59 	 400.052 	 0.196435 	 80 	 776 	 224.775 	 20.0382 	 2 	 2445.75 	 0.226187 	 99.3123 	 99.3123 	 99.3123 	 0 	 44 	 36 	 40 	 5.65685 	 399.773 	 83.5918 	 51.1064 	 0.110958 	 460.591 	 164 	 4717 	 148.787 	 0.619919 	 4 	 1317.43 	 0.121838 	 102.657 	 27.8684 	 77.5124 	 27.8078 	 49 	 34 	 41 	 7.16473 	  Tumour 
114 	 929.879 	 1992.46 	 1268.16 	 139.205 	 10505 	 119.79 	 112.925 	 0.333663 	 0.977573 	 396.534 	 1796.11 	 403.563 	 0.224687 	 1052.9 	 1654.69 	 16584 	 0.900668 	 589.747 	 1606.84 	 1799.07 	 1543.22 	 0.628518 	 1807.76 	 1796.19 	 257.571 	 0.143169 	 164 	 1114 	 269.073 	 64.3363 	 4 	 2884.78 	 0.27461 	 79.2465 	 10.198 	 50.8792 	 28.9257 	 45 	 29 	 41 	 8 	 478.054 	 164.086 	 91.3848 	 0.169585 	 538.873 	 498 	 3443 	 179.137 	 30.9699 	 8 	 2386.91 	 0.227217 	 80.8707 	 11.3185 	 39.2397 	 17.8161 	 162 	 32 	 62.25 	 41.8765 	  Tumour 
115 	 930.404 	 1081.65 	 639.415 	 199.324 	 4613 	 106.099 	 59.4449 	 0.828303 	 0.900273 	 308.25 	 1192.78 	 226.239 	 0.189673 	 629.981 	 1051.37 	 6731 	 0.88206 	 418.149 	 1744.22 	 1737.11 	 1481.26 	 0.381333 	 1676.66 	 1794.33 	 454.184 	 0.26146 	 0 	 0 	 NaN 	 NaN 	 0 	 0 	 0 	 NaN 	 NaN 	 NaN 	 NaN 	 0 	 0 	 NaN 	 NaN 	 432.302 	 133.62 	 91.5511 	 0.185656 	 493.121 	 83 	 256 	 137.072 	 -11.0944 	 2 	 860.318 	 0.186499 	 28.2627 	 28.2627 	 28.2627 	 0 	 46 	 37 	 41.5 	 6.36396 	  Tumour 
116 	 958.425 	 1806.84 	 1124.72 	 142.411 	 8097 	 109.928 	 94.9171 	 0.504432 	 0.971912 	 354.291 	 1945.64 	 570.445 	 0.293191 	 1233.12 	 1804.23 	 10959 	 0.91067 	 474.995 	 1506.95 	 1622.8 	 1366.96 	 0.165919 	 1808.22 	 1604.42 	 504.704 	 0.311007 	 270 	 2913 	 224.489 	 19.752 	 6 	 917.904 	 0.113363 	 72.6223 	 15.0333 	 45.8104 	 17.5423 	 45 	 45 	 45 	 0 	 622.001 	 377.177 	 239.27 	 0.350415 	 682.82 	 381 	 2711 	 184.672 	 36.5052 	 6 	 582.152 	 0.0718973 	 65.2617 	 19.6171 	 39.9248 	 14.5565 	 123 	 31 	 63.5 	 33.6437 	  Tumour 
117 	 996.201 	 1136.57 	 720.184 	 244.248 	 13184 	 138.227 	 123.785 	 0.44502 	 0.970839 	 454.174 	 1585.43 	 385.791 	 0.243334 	 1030.91 	 1444.02 	 22521 	 0.892663 	 751.831 	 1684.9 	 1891.82 	 1635.97 	 0.437592 	 1936.87 	 1892.91 	 404.182 	 0.213647 	 407 	 5491 	 241.398 	 36.6612 	 9 	 2831.1 	 0.214737 	 114.39 	 11.4024 	 55.986 	 26.3083 	 80 	 30 	 45.2222 	 14.3333 	 537.698 	 203.175 	 148.607 	 0.248292 	 598.516 	 504 	 6060 	 144.506 	 -3.66071 	 11 	 2169.02 	 0.164519 	 113.538 	 9.48683 	 53.7588 	 28.0764 	 80 	 32 	 45.8182 	 12.9369 	  Tumour 
118 	 981.105 	 1542.26 	 934.101 	 128.16 	 5125 	 96.4245 	 69.1477 	 0.696952 	 0.946795 	 293.321 	 1913.81 	 507.153 	 0.264996 	 1362.69 	 1772.4 	 7476 	 0.850512 	 451.38 	 1764.33 	 2068.99 	 1813.15 	 0.657074 	 2122.01 	 2019.22 	 341.643 	 0.165125 	 61 	 62 	 259.066 	 54.3287 	 1 	 0 	 0 	 NaN 	 NaN 	 NaN 	 NaN 	 61 	 61 	 61 	 0 	 661.613 	 299.275 	 123.534 	 0.170997 	 722.431 	 175 	 700 	 175.549 	 27.3819 	 4 	 1251.73 	 0.244241 	 36.0322 	 10.5944 	 23.1301 	 8.5027 	 53 	 36 	 43.75 	 7.41058 	  Tumour 
119 	 1037.86 	 1583.2 	 1003.4 	 93.0215 	 8150 	 127.18 	 88.0672 	 0.721455 	 0.902547 	 395.647 	 1730.87 	 447.391 	 0.258477 	 952.761 	 1589.46 	 10333 	 0.857582 	 509.723 	 1535.39 	 1712.98 	 1457.13 	 0.559748 	 1935.85 	 1614.45 	 446.318 	 0.260551 	 90 	 144 	 292.433 	 87.6965 	 2 	 3368.04 	 0.413257 	 12.7279 	 12.7279 	 12.7279 	 0 	 45 	 45 	 45 	 0 	 304.463 	 109.767 	 116.906 	 0.320044 	 365.281 	 297 	 2393 	 176.195 	 28.0286 	 5 	 2507.95 	 0.307724 	 86.9027 	 13.7853 	 52.5321 	 27.7771 	 118 	 40 	 59.4 	 33.3062 	  Tumour 
120 	 1063.25 	 1419.79 	 916.452 	 59.0339 	 9211 	 166.968 	 81.5926 	 0.872468 	 0.799011 	 488.316 	 1416.46 	 348.806 	 0.246252 	 910.664 	 1275.04 	 14604 	 0.725556 	 730.96 	 1472.46 	 1659.13 	 1403.29 	 0.558383 	 1580.69 	 1686.81 	 487.065 	 0.293566 	 180 	 758 	 194.028 	 -10.7091 	 4 	 4889.5 	 0.530833 	 54.7449 	 13.6015 	 30.3439 	 14.0743 	 45 	 45 	 45 	 0 	 182.854 	 -41.3878 	 84.2489 	 0.345746 	 243.673 	 434 	 2992 	 130.869 	 -17.298 	 7 	 2306.93 	 0.250454 	 95.9985 	 8.26387 	 47.9352 	 25.4505 	 149 	 37 	 62 	 39.37 	  Tumour 
121 	 1056.62 	 1934.91 	 1790.34 	 74.3303 	 4496 	 117.756 	 50.1879 	 0.904628 	 0.920934 	 314.291 	 1580.47 	 456.699 	 0.288964 	 776.288 	 1439.06 	 7881 	 0.893841 	 405.723 	 1641.98 	 1753.19 	 1497.35 	 0.756032 	 1826.88 	 1691.86 	 344.44 	 0.196465 	 0 	 0 	 NaN 	 NaN 	 0 	 0 	 0 	 NaN 	 NaN 	 NaN 	 NaN 	 0 	 0 	 NaN 	 NaN 	 166.619 	 -12.4073 	 44.5292 	 0.195786 	 227.438 	 39 	 41 	 146.718 	 -1.44872 	 1 	 0 	 0 	 NaN 	 NaN 	 NaN 	 NaN 	 39 	 39 	 39 	 0 	  Fib 
122 	 1065.47 	 2022.68 	 1363.86 	 88.3629 	 4403 	 87.1951 	 66.8245 	 0.642388 	 0.959468 	 276.635 	 1156.64 	 199.905 	 0.172831 	 506.294 	 1015.23 	 9892 	 0.914402 	 443.095 	 1806.14 	 2187.97 	 1932.13 	 0.570743 	 2163.11 	 2199.72 	 446.091 	 0.203883 	 231 	 1050 	 228.506 	 23.7697 	 4 	 1181.8 	 0.268408 	 53.0984 	 13.3261 	 35.4416 	 16.8157 	 110 	 31 	 57.75 	 35.453 	 349.68 	 78.6816 	 50.005 	 0.121815 	 410.498 	 110 	 709 	 147.618 	 -0.548485 	 3 	 347.476 	 0.0789181 	 45.4147 	 21.1406 	 33.4321 	 10.8583 	 45 	 29 	 36.6667 	 8.02081 	  Tumour 
123 	 1098.59 	 1786.73 	 1693.63 	 137.539 	 6384 	 110.632 	 74.893 	 0.736021 	 0.940345 	 334.149 	 2091.3 	 639.311 	 0.3057 	 1296.49 	 1949.89 	 8655 	 0.929147 	 402.652 	 928.134 	 1071.78 	 815.929 	 0.16129 	 1280.62 	 1053.53 	 334.099 	 0.311724 	 90 	 361 	 181.656 	 -23.0813 	 2 	 572.892 	 0.0897387 	 39.3954 	 39.3954 	 39.3954 	 0 	 45 	 45 	 45 	 0 	 67.2703 	 -21.7516 	 21.6685 	 0.169168 	 128.089 	 268 	 1902 	 119.914 	 -28.2525 	 6 	 1309.98 	 0.205197 	 55.4155 	 10.3777 	 34.0893 	 12.723 	 54 	 31 	 44.6667 	 7.55425 	  DCIS 
124 	 1089.41 	 1472.58 	 1448.94 	 59.0339 	 3958 	 94.9611 	 57.5043 	 0.795802 	 0.811232 	 301.765 	 1720.01 	 550.063 	 0.319801 	 954.576 	 1578.6 	 4692 	 0.849692 	 324.309 	 1546.95 	 1805.14 	 1549.3 	 0.868421 	 1790.64 	 1724.02 	 711.216 	 0.393994 	 0 	 0 	 NaN 	 NaN 	 0 	 0 	 0 	 NaN 	 NaN 	 NaN 	 NaN 	 0 	 0 	 NaN 	 NaN 	 135.622 	 -96.0568 	 52.5129 	 0.267323 	 196.44 	 0 	 0 	 NaN 	 NaN 	 0 	 0 	 0 	 NaN 	 NaN 	 NaN 	 NaN 	 0 	 0 	 NaN 	 NaN 	  DCIS 
125 	 1129.86 	 1920.61 	 1318.14 	 74.3303 	 6932 	 136.719 	 65.5069 	 0.877741 	 0.969917 	 348.434 	 2649.64 	 768.717 	 0.290121 	 1400.67 	 2508.23 	 14780 	 0.914547 	 584.25 	 1420.69 	 1668.95 	 1413.1 	 0.400369 	 1906.82 	 1606.12 	 552.033 	 0.330767 	 59 	 59 	 250.593 	 45.8564 	 1 	 0 	 0 	 NaN 	 NaN 	 NaN 	 NaN 	 59 	 59 	 59 	 0 	 129.911 	 -0.844809 	 27.5858 	 0.144633 	 190.73 	 68 	 70 	 169.279 	 21.1127 	 1 	 0 	 0 	 NaN 	 NaN 	 NaN 	 NaN 	 68 	 68 	 68 	 0 	  Tumour 
126 	 1130.74 	 1584.8 	 1559.08 	 82.7103 	 4162 	 82.0532 	 67.165 	 0.57443 	 0.919576 	 277.563 	 1608.41 	 573.46 	 0.356538 	 888.663 	 1467 	 7234 	 0.911657 	 374.267 	 1508.81 	 1709.44 	 1453.59 	 0.770774 	 1808.4 	 1631.63 	 391.967 	 0.229295 	 0 	 0 	 NaN 	 NaN 	 0 	 0 	 0 	 NaN 	 NaN 	 NaN 	 NaN 	 0 	 0 	 NaN 	 NaN 	 128.953 	 -22.0083 	 36.4505 	 0.192075 	 189.772 	 45 	 45 	 141.4 	 -6.76667 	 1 	 0 	 0 	 NaN 	 NaN 	 NaN 	 NaN 	 45 	 45 	 45 	 0 	  DCIS 
127 	 1145.81 	 1721.95 	 1672.03 	 132.97 	 3981 	 95.0949 	 56.282 	 0.806047 	 0.938694 	 276.836 	 1323.73 	 325.211 	 0.245679 	 665.102 	 1182.31 	 5741 	 0.913735 	 335.723 	 1181.93 	 1184.69 	 928.839 	 0.432343 	 1207.37 	 1177.51 	 252.041 	 0.212749 	 45 	 45 	 229.978 	 25.2409 	 1 	 0 	 0 	 NaN 	 NaN 	 NaN 	 NaN 	 45 	 45 	 45 	 0 	 108.364 	 3.80983 	 21.4726 	 0.12692 	 169.183 	 0 	 0 	 NaN 	 NaN 	 0 	 0 	 0 	 NaN 	 NaN 	 NaN 	 NaN 	 0 	 0 	 NaN 	 NaN 	  DCIS 
128 	 1144.84 	 1491.38 	 1501.24 	 108.467 	 4393 	 102.357 	 59.0899 	 0.816538 	 0.890714 	 296.735 	 1948.46 	 635.079 	 0.325939 	 1147.06 	 1807.04 	 5868 	 0.934395 	 339.823 	 1281.48 	 1369.34 	 1113.49 	 0.674194 	 1403.16 	 1364.99 	 524.057 	 0.382707 	 0 	 0 	 NaN 	 NaN 	 0 	 0 	 0 	 NaN 	 NaN 	 NaN 	 NaN 	 0 	 0 	 NaN 	 NaN 	 113.65 	 17.9247 	 21.1446 	 0.121194 	 174.468 	 17 	 19 	 117 	 -31.1667 	 1 	 0 	 0 	 NaN 	 NaN 	 NaN 	 NaN 	 17 	 17 	 17 	 0 	  DCIS 
129 	 1143.95 	 1389.85 	 1431.46 	 86.3771 	 2387 	 58.3989 	 53.2575 	 0.410276 	 0.944972 	 203.723 	 2102.86 	 716.36 	 0.34066 	 1260.06 	 1961.44 	 4525 	 0.93107 	 294.752 	 1284.13 	 1373.89 	 1118.04 	 0.539326 	 1400.31 	 1365.58 	 420.402 	 0.305995 	 0 	 0 	 NaN 	 NaN 	 0 	 0 	 0 	 NaN 	 NaN 	 NaN 	 NaN 	 0 	 0 	 NaN 	 NaN 	 94.0005 	 -1.76303 	 19.9652 	 0.128958 	 154.819 	 0 	 0 	 NaN 	 NaN 	 0 	 0 	 0 	 NaN 	 NaN 	 NaN 	 NaN 	 0 	 0 	 NaN 	 NaN 	  DCIS 
130 	 1210.7 	 1606.3 	 1147.5 	 82.7103 	 10783 	 175.026 	 80.2411 	 0.888719 	 0.939859 	 464.659 	 2166.86 	 738.8 	 0.340954 	 1539.81 	 2025.45 	 12570 	 0.904382 	 518.919 	 1683.61 	 1743.73 	 1487.88 	 0.37581 	 1502.91 	 1797.54 	 472.449 	 0.270942 	 159 	 3678 	 262.208 	 57.4707 	 4 	 2506.96 	 0.232492 	 89.4187 	 29.0689 	 63.3535 	 19.4435 	 45 	 30 	 39.75 	 7.08872 	 477.698 	 225.98 	 200.566 	 0.372442 	 538.516 	 602 	 4722 	 173.221 	 25.0543 	 9 	 1244.44 	 0.115408 	 122.132 	 13.0157 	 54.486 	 28.809 	 90 	 35 	 60.2 	 17.1062 	  Tumour 
131 	 1211.67 	 1420.58 	 1503.02 	 149.003 	 8256 	 123.698 	 86.5362 	 0.714556 	 0.924628 	 391.747 	 2519.72 	 901.058 	 0.357603 	 1329.49 	 2378.3 	 10453 	 0.940187 	 422.392 	 994.5 	 1018.95 	 763.107 	 0.361702 	 1067.12 	 1011.4 	 209.057 	 0.205168 	 84 	 364 	 216.107 	 11.3703 	 2 	 934.088 	 0.11314 	 41.9957 	 41.9957 	 41.9957 	 0 	 45 	 39 	 42 	 4.24264 	 84.9938 	 2.72931 	 15.271 	 0.104731 	 145.812 	 113 	 416 	 135.832 	 -12.3348 	 2 	 1024.75 	 0.124122 	 38.3744 	 38.3744 	 38.3744 	 0 	 64 	 49 	 56.5 	 10.6066 	  DCIS 
132 	 1211.78 	 1131.36 	 923.338 	 191.084 	 7107 	 106.912 	 87.5067 	 0.574513 	 0.924909 	 353.421 	 1859.99 	 466.464 	 0.250788 	 756.15 	 1718.58 	 21675 	 0.839758 	 801.203 	 1648.24 	 2032.18 	 1776.33 	 0.398915 	 2033.17 	 2026.14 	 310.189 	 0.152639 	 287 	 2269 	 240.648 	 35.9112 	 7 	 1918.94 	 0.270008 	 77.3369 	 9.94356 	 41.43 	 21.1049 	 88 	 10 	 41 	 26.4197 	 707.632 	 324.514 	 166.056 	 0.216092 	 768.451 	 247 	 1113 	 170.045 	 21.8779 	 5 	 2676.18 	 0.376555 	 49.3288 	 11.8587 	 27.8859 	 10.5749 	 86 	 26 	 49.4 	 22.4566 	  Tumour 
133 	 1241.53 	 1218.46 	 978.94 	 129.85 	 9134 	 125.772 	 93.8012 	 0.666167 	 0.974709 	 382.434 	 1829.24 	 428.444 	 0.23422 	 1133.43 	 1687.82 	 13343 	 0.924351 	 537.421 	 1970.84 	 2276.76 	 2020.91 	 0.59879 	 2270.37 	 2289.35 	 347.02 	 0.152418 	 78 	 215 	 261.59 	 56.8529 	 2 	 2283.83 	 0.250036 	 24.2582 	 24.2582 	 24.2582 	 0 	 41 	 37 	 39 	 2.82843 	 742.566 	 271.336 	 142.656 	 0.177569 	 803.384 	 286 	 908 	 181.521 	 33.3543 	 6 	 2730.61 	 0.29895 	 45.3483 	 8.80062 	 21.371 	 10.3026 	 60 	 44 	 47.6667 	 6.3456 	  Tumour 
134 	 1220.9 	 1746.1 	 1739.02 	 140.357 	 6267 	 109.454 	 74.0379 	 0.736507 	 0.949977 	 328.333 	 1948.23 	 690.107 	 0.354223 	 1327.98 	 1806.81 	 8415 	 0.931997 	 401.664 	 936.781 	 976.05 	 720.203 	 0.275766 	 1144.07 	 948.468 	 284.841 	 0.29183 	 135 	 696 	 184.556 	 -20.1813 	 3 	 848.218 	 0.135347 	 71.6938 	 13.0384 	 47.8683 	 27.5817 	 45 	 45 	 45 	 0 	 74.1762 	 -5.20371 	 25.4255 	 0.188345 	 134.995 	 384 	 2248 	 117.328 	 -30.8385 	 8 	 888.714 	 0.141809 	 79.4585 	 13.1278 	 35.7454 	 17.1245 	 58 	 45 	 48 	 4.8107 	  DCIS 
135 	 1227.84 	 2009.55 	 1949.51 	 132.382 	 3979 	 95.2219 	 54.2203 	 0.822054 	 0.937338 	 267.765 	 1742.73 	 575.851 	 0.33043 	 897.152 	 1601.32 	 6476 	 0.924351 	 360.853 	 1076.07 	 995.378 	 739.531 	 0.151786 	 1413.45 	 962.813 	 301.204 	 0.302603 	 0 	 0 	 NaN 	 NaN 	 0 	 0 	 0 	 NaN 	 NaN 	 NaN 	 NaN 	 0 	 0 	 NaN 	 NaN 	 70.2265 	 1.48027 	 24.6497 	 0.188101 	 131.045 	 0 	 0 	 NaN 	 NaN 	 0 	 0 	 0 	 NaN 	 NaN 	 NaN 	 NaN 	 0 	 0 	 NaN 	 NaN 	  DCIS 
136 	 1294.67 	 1878.04 	 1887.33 	 170.511 	 4715 	 98.2925 	 62.1427 	 0.774787 	 0.958333 	 277.765 	 2486.71 	 759.655 	 0.305486 	 1118.52 	 2345.29 	 6586 	 0.960899 	 343.882 	 891.214 	 900.031 	 644.183 	 0 	 0 	 0 	 103.478 	 0.114972 	 121 	 636 	 221.579 	 16.8417 	 3 	 369.596 	 0.0783873 	 30.5287 	 24.6202 	 26.6454 	 3.0089 	 45 	 31 	 40.3333 	 8.0829 	 66.8644 	 10.3851 	 19.0137 	 0.148914 	 127.683 	 138 	 503 	 129.797 	 -18.3696 	 3 	 593.183 	 0.125808 	 42.8664 	 17.3825 	 28.9273 	 11.5467 	 47 	 45 	 46 	 1 	  DCIS 
137 	 1302.57 	 1365.44 	 1538.61 	 159.154 	 5145 	 111.498 	 60.6931 	 0.838864 	 0.926693 	 311.078 	 1758.66 	 471.549 	 0.26813 	 912.736 	 1617.25 	 6695 	 0.913619 	 379.421 	 1102.18 	 1093.81 	 837.961 	 0.55 	 1128.09 	 1077.29 	 190.198 	 0.173886 	 90 	 232 	 245.844 	 41.1076 	 2 	 777.986 	 0.151212 	 23.2594 	 23.2594 	 23.2594 	 0 	 45 	 45 	 45 	 0 	 116.596 	 5.40407 	 15.0952 	 0.0850845 	 177.414 	 118 	 431 	 133.059 	 -15.1073 	 3 	 930.278 	 0.180812 	 28.6799 	 16.4681 	 21.2048 	 5.85873 	 50 	 23 	 39.3333 	 14.3643 	  DCIS 
138 	 1323.74 	 1410.99 	 1583.27 	 209.697 	 2623 	 105.219 	 36.2871 	 0.93865 	 0.820713 	 262.593 	 1471.14 	 370.782 	 0.252036 	 527.786 	 1329.73 	 3656 	 0.835466 	 333.078 	 1167.52 	 1171.56 	 915.708 	 0.403448 	 1104.26 	 1191.23 	 197.131 	 0.168264 	 45 	 45 	 230.356 	 25.6187 	 1 	 0 	 0 	 NaN 	 NaN 	 NaN 	 NaN 	 45 	 45 	 45 	 0 	 107.318 	 -18.4601 	 21.3344 	 0.126887 	 168.136 	 0 	 0 	 NaN 	 NaN 	 0 	 0 	 0 	 NaN 	 NaN 	 NaN 	 NaN 	 0 	 0 	 NaN 	 NaN 	  DCIS 
139 	 1341.07 	 1190.89 	 1064.08 	 102.24 	 8482 	 111.786 	 98.2056 	 0.477716 	 0.959068 	 367.463 	 1512.91 	 276.244 	 0.182591 	 770.961 	 1371.49 	 10755 	 0.909206 	 476.167 	 2106.68 	 2358.41 	 2102.56 	 0.392857 	 2521.6 	 2319.15 	 372.034 	 0.157748 	 306 	 3714 	 267.739 	 63.0017 	 7 	 1004.88 	 0.118471 	 75.2193 	 9.43398 	 50.537 	 21.4734 	 45 	 36 	 43.7143 	 3.40168 	 522.924 	 99.2509 	 69.9948 	 0.119907 	 583.742 	 471 	 3808 	 167.932 	 19.7654 	 7 	 996.016 	 0.117427 	 72.0025 	 10.1939 	 47.5258 	 17.187 	 120 	 35 	 67.2857 	 28.9811 	  Tumour 
140 	 1330.17 	 1493.6 	 1640.17 	 163.417 	 4994 	 105.937 	 60.6302 	 0.820028 	 0.954511 	 290.25 	 1411 	 342.771 	 0.242927 	 733.169 	 1269.58 	 9332 	 0.901381 	 426.919 	 1434.09 	 1409.61 	 1153.76 	 0.113208 	 1018.9 	 1433.29 	 273.949 	 0.194344 	 0 	 0 	 NaN 	 NaN 	 0 	 0 	 0 	 NaN 	 NaN 	 NaN 	 NaN 	 0 	 0 	 NaN 	 NaN 	 127.888 	 -5.46755 	 22.7623 	 0.120623 	 188.706 	 73 	 205 	 115.274 	 -32.8927 	 2 	 2129 	 0.426312 	 24.6189 	 24.6189 	 24.6189 	 0 	 39 	 34 	 36.5 	 3.53553 	  DCIS 
141 	 1347.7 	 1292.95 	 1533.48 	 102.24 	 2913 	 84.0715 	 44.9832 	 0.844815 	 0.970353 	 220.368 	 1558.12 	 472.489 	 0.303243 	 962.92 	 1416.7 	 5331 	 0.898685 	 328.225 	 1722.74 	 1801.69 	 1545.84 	 0.451613 	 2072.06 	 1749.9 	 777.632 	 0.431612 	 45 	 45 	 222.911 	 18.1743 	 1 	 0 	 0 	 NaN 	 NaN 	 NaN 	 NaN 	 45 	 45 	 45 	 0 	 136.726 	 -20.667 	 36.4066 	 0.184296 	 197.544 	 0 	 0 	 0 	 -148.167 	 0 	 0 	 0 	 NaN 	 NaN 	 NaN 	 NaN 	 0 	 0 	 NaN 	 NaN 	  DCIS 
