rownames 	XLoc 	YLoc 	NNDistSame 	NNDistOpp 	dapi_Area 	dapi_MajorAxisLength 	dapi_MinorAxisLength 	dapi_Eccentricity 	dapi_Solidity 	dapi_Perimeter 	dapi_MeanIntensity 	dapi_PixelSD 	dapi_PixelCV 	dapi_NucAdjustedInt 	dapi_BackAdjustedInt 	memb_Area 	memb_Solidity 	memb_Perimeter 	memb_MeanIntensity 	memb_MembraneIntensity 	memb_temp 	memb_pcTouch 	memb_OverLapIntensity 	memb_nonLapIntensity 	memb_PixelSD 	memb_PixelCV 	cent_Area 	cent_ConvexArea 	cent_MeanIntensity 	cent_BackAdjustedInt 	cent_CN 	cent_AreaSD 	cent_CoeffVar 	cent_MaxSpotDist 	cent_MinSpotDist 	cent_MeanSpotDist 	cent_SDSpotDist 	cent_SpotAreaMax 	cent_SpotAreaMin 	cent_SpotAreaMean 	cent_SpotAreaSD 	nucl_BackgroundAdjust 	nucl_NucAdjustedInt 	nucl_PixelSD 	nucl_PixelCV 	nucl_MeanIntensity 	Her2_Area 	Her2_ConvexArea 	Her2_MeanIntensity 	Her2_BackAdjustedInt 	Her2_CN 	Her2_AreaSD 	Her2_CoeffVar 	Her2_MaxSpotDist 	Her2_MinSpotDist 	Her2_MeanSpotDist 	Her2_SDSpotDist 	Her2_SpotAreaMax 	Her2_SpotAreaMin 	Her2_SpotAreaMean 	Her2_SpotAreaSD 	CellLabels 	
1 	 84.9323 	 628.692 	 95.2733 	 416.915 	 5335 	 88.3853 	 78.9727 	 0.449054 	 0.960569 	 287.38 	 1725.73 	 356.325 	 0.206478 	 941.542 	 1641.84 	 9132 	 0.961668 	 382.434 	 504.585 	 735.334 	 680.018 	 0.234043 	 938.753 	 700.718 	 512.173 	 0.696518 	 181 	 182 	 285.243 	 74.2846 	 1 	 0 	 0 	 NaN 	 NaN 	 NaN 	 NaN 	 181 	 181 	 181 	 0 	 40.8794 	 -46.7884 	 16.6045 	 0.206234 	 80.5127 	 887 	 1300 	 329.337 	 250.947 	 1 	 0 	 0 	 NaN 	 NaN 	 NaN 	 NaN 	 887 	 887 	 887 	 0 	  Tumour 
2 	 125.859 	 542.713 	 91.7824 	 327.391 	 7302 	 114.028 	 84.5366 	 0.671102 	 0.942924 	 352.534 	 911.153 	 256.675 	 0.281704 	 429.187 	 827.263 	 11895 	 0.878638 	 469.789 	 602.948 	 852.217 	 796.901 	 0.637931 	 1004.41 	 782.806 	 389.592 	 0.457151 	 0 	 0 	 NaN 	 NaN 	 0 	 0 	 0 	 NaN 	 NaN 	 NaN 	 NaN 	 0 	 0 	 NaN 	 NaN 	 68.9664 	 -18.3004 	 31.542 	 0.290444 	 108.6 	 813 	 1065 	 216.721 	 138.331 	 2 	 481.879 	 0.0659927 	 28.4154 	 28.4154 	 28.4154 	 0 	 510 	 303 	 406.5 	 146.371 	  Tumour 
3 	 144.107 	 453.284 	 185.626 	 237.008 	 9706 	 129.167 	 95.999 	 0.669049 	 0.981197 	 379.99 	 831.766 	 192.474 	 0.231404 	 271.61 	 747.876 	 14864 	 0.940462 	 495.227 	 657.862 	 1166.04 	 1110.72 	 0.668305 	 1314.51 	 1109.36 	 481.768 	 0.413167 	 0 	 0 	 NaN 	 NaN 	 0 	 0 	 0 	 NaN 	 NaN 	 NaN 	 NaN 	 0 	 0 	 NaN 	 NaN 	 39.3557 	 -59.1162 	 26.4001 	 0.334225 	 78.9889 	 1191 	 2584 	 165.447 	 87.0567 	 2 	 1953.84 	 0.201302 	 54.5419 	 54.5419 	 54.5419 	 0 	 1109 	 82 	 595.5 	 726.199 	  Tumour 
4 	 159.584 	 290.879 	 346.221 	 77.1298 	 5314 	 98.3197 	 69.4481 	 0.707863 	 0.959552 	 294.149 	 999.107 	 322.903 	 0.323191 	 610.844 	 915.217 	 7518 	 0.893405 	 378.375 	 796.697 	 987.965 	 932.649 	 0.428571 	 1037.52 	 975.183 	 383.474 	 0.388145 	 0 	 0 	 NaN 	 NaN 	 0 	 0 	 0 	 NaN 	 NaN 	 NaN 	 NaN 	 0 	 0 	 NaN 	 NaN 	 98.1483 	 -20.916 	 29.6055 	 0.214873 	 137.782 	 997 	 1438 	 357.325 	 278.935 	 1 	 0 	 0 	 NaN 	 NaN 	 NaN 	 NaN 	 997 	 997 	 997 	 0 	  Tumour 
5 	 141.746 	 215.936 	 548.774 	 77.1298 	 1154 	 51.3118 	 28.94 	 0.825773 	 0.950577 	 141.782 	 788.316 	 326.856 	 0.414626 	 356.796 	 704.426 	 2970 	 0.950704 	 214.108 	 871.367 	 769.386 	 714.07 	 0.323864 	 1093.11 	 703.671 	 417.535 	 0.542686 	 0 	 0 	 NaN 	 NaN 	 0 	 0 	 0 	 NaN 	 NaN 	 NaN 	 NaN 	 0 	 0 	 NaN 	 NaN 	 74.3581 	 -1.7382 	 22.7712 	 0.199762 	 113.991 	 240 	 323 	 94.4792 	 16.0892 	 2 	 458.049 	 0.396923 	 15.1902 	 15.1902 	 15.1902 	 0 	 130 	 110 	 120 	 14.1421 	  Other 
6 	 216.955 	 356.85 	 302.338 	 159.706 	 7622 	 108.307 	 90.2766 	 0.55248 	 0.977179 	 336.434 	 999.652 	 270.544 	 0.270638 	 726.518 	 915.762 	 14034 	 0.955409 	 483.997 	 793.579 	 1294.85 	 1239.54 	 0.67013 	 1301.21 	 1305.04 	 502.385 	 0.387986 	 0 	 0 	 NaN 	 NaN 	 0 	 0 	 0 	 NaN 	 NaN 	 NaN 	 NaN 	 0 	 0 	 NaN 	 NaN 	 45.1453 	 -38.325 	 32.5252 	 0.383649 	 84.7785 	 927 	 1255 	 320.513 	 242.124 	 0 	 0 	 0 	 NaN 	 NaN 	 NaN 	 NaN 	 0 	 0 	 927 	 0 	  Tumour 
7 	 230.584 	 516.824 	 184.011 	 313.882 	 9981 	 117.568 	 108.982 	 0.375129 	 0.958329 	 399.446 	 912.345 	 198.115 	 0.217149 	 648.059 	 828.456 	 20278 	 0.956104 	 576.399 	 846.245 	 1187.28 	 1131.97 	 0.321063 	 1170.39 	 1205.75 	 408.522 	 0.344081 	 338 	 1789 	 211.494 	 0.535634 	 3 	 4879.43 	 0.488871 	 47.8686 	 37.1471 	 43.625 	 5.09755 	 129 	 96 	 112.667 	 16.5025 	 35.7424 	 -29.0162 	 22.7083 	 0.301269 	 75.3756 	 852 	 1378 	 156.592 	 78.2016 	 3 	 2561.61 	 0.256649 	 44.6683 	 19.9515 	 29.7813 	 11.7273 	 429 	 95 	 284 	 171.292 	  Tumour 
8 	 266.941 	 718.487 	 202.596 	 313.551 	 3474 	 87.5313 	 51.4871 	 0.808706 	 0.973655 	 237.823 	 1535.07 	 266.197 	 0.173411 	 919.525 	 1451.18 	 16003 	 0.968411 	 525.73 	 813.778 	 750.21 	 694.894 	 0 	 0 	 759.409 	 528.387 	 0.704319 	 0 	 0 	 NaN 	 NaN 	 0 	 0 	 0 	 NaN 	 NaN 	 NaN 	 NaN 	 0 	 0 	 NaN 	 NaN 	 72.1066 	 -31.7004 	 31.9678 	 0.286091 	 111.74 	 0 	 0 	 NaN 	 NaN 	 0 	 0 	 0 	 NaN 	 NaN 	 NaN 	 NaN 	 0 	 0 	 NaN 	 NaN 	  Tumour 
9 	 277.494 	 166.719 	 500.308 	 143.618 	 2680 	 84.7014 	 41.3408 	 0.872801 	 0.942335 	 225.966 	 733.918 	 213.367 	 0.290724 	 449.966 	 650.028 	 9420 	 0.823859 	 483.529 	 703.798 	 781.391 	 726.075 	 0.160891 	 790.446 	 774.294 	 512.205 	 0.655504 	 0 	 0 	 NaN 	 NaN 	 0 	 0 	 0 	 NaN 	 NaN 	 NaN 	 NaN 	 0 	 0 	 NaN 	 NaN 	 67.5888 	 -6.66481 	 28.3093 	 0.264025 	 107.222 	 418 	 672 	 129.366 	 50.9761 	 2 	 939.657 	 0.350618 	 23.9378 	 23.9378 	 23.9378 	 0 	 261 	 157 	 209 	 73.5391 	  Tumour 
10 	 328.623 	 206.618 	 487.463 	 187.216 	 6538 	 107.527 	 78.0969 	 0.68738 	 0.965874 	 328.007 	 790.901 	 410.272 	 0.51874 	 551.263 	 707.011 	 9107 	 0.862079 	 450.718 	 587.114 	 731.977 	 676.661 	 0.460154 	 1029.82 	 646.115 	 607.756 	 0.830294 	 129 	 129 	 190.341 	 -20.6174 	 1 	 0 	 0 	 NaN 	 NaN 	 NaN 	 NaN 	 129 	 129 	 129 	 0 	 55.019 	 -47.4337 	 52.5624 	 0.555321 	 94.6522 	 203 	 224 	 89.3941 	 11.0041 	 1 	 0 	 0 	 NaN 	 NaN 	 NaN 	 NaN 	 203 	 203 	 203 	 0 	  Tumour 
11 	 344.829 	 288.05 	 428.813 	 215.39 	 8800 	 120.696 	 94.1955 	 0.625237 	 0.962485 	 373.019 	 941.009 	 266.05 	 0.282728 	 645.275 	 857.119 	 16548 	 0.874445 	 558.541 	 698.923 	 1113.55 	 1058.24 	 0.687366 	 1128.89 	 1117.07 	 438.666 	 0.393934 	 129 	 129 	 177.713 	 -33.2453 	 1 	 0 	 0 	 NaN 	 NaN 	 NaN 	 NaN 	 129 	 129 	 129 	 0 	 47.3109 	 -24.1521 	 34.3964 	 0.395615 	 86.9441 	 328 	 364 	 202.381 	 123.991 	 1 	 0 	 0 	 NaN 	 NaN 	 NaN 	 NaN 	 328 	 328 	 328 	 0 	  Tumour 
12 	 348.495 	 83.6425 	 605.14 	 244.663 	 1533 	 46.0967 	 42.6066 	 0.381695 	 0.960526 	 152.953 	 901.175 	 388.518 	 0.431123 	 611.675 	 817.286 	 3444 	 0.933333 	 231.765 	 699.465 	 514.177 	 458.861 	 0 	 0 	 0 	 503.299 	 0.978843 	 0 	 0 	 NaN 	 NaN 	 0 	 0 	 0 	 NaN 	 NaN 	 NaN 	 NaN 	 0 	 0 	 NaN 	 NaN 	 61.1502 	 15.9787 	 35.162 	 0.348887 	 100.783 	 0 	 0 	 NaN 	 NaN 	 0 	 0 	 0 	 NaN 	 NaN 	 NaN 	 NaN 	 0 	 0 	 NaN 	 NaN 	  Tumour 
13 	 397.705 	 629.035 	 313 	 158.808 	 10835 	 145.661 	 96.8679 	 0.746824 	 0.957663 	 416.073 	 1475.21 	 457.572 	 0.310173 	 1013.07 	 1391.32 	 19772 	 0.825657 	 635.897 	 792.158 	 1063.78 	 1008.46 	 0.271536 	 1320.29 	 1031.32 	 484.825 	 0.455757 	 275 	 697 	 248.371 	 37.4125 	 2 	 655.389 	 0.0604882 	 41.1769 	 41.1769 	 41.1769 	 0 	 139 	 136 	 137.5 	 2.12132 	 55.0931 	 -49.8391 	 27.6754 	 0.292161 	 94.7263 	 1549 	 3711 	 226.23 	 147.841 	 4 	 3397.4 	 0.313558 	 65.5815 	 15.4576 	 37.0263 	 20.1474 	 1111 	 123 	 387.25 	 483.188 	  Tumour 
14 	 398.938 	 344.699 	 423.382 	 281.86 	 3456 	 71.143 	 62.9739 	 0.465261 	 0.960534 	 234.007 	 1253.81 	 568.484 	 0.453406 	 979.241 	 1169.92 	 10938 	 0.934233 	 439.085 	 759.784 	 1146.62 	 1091.3 	 0.571831 	 1060.03 	 1189.52 	 351.194 	 0.306287 	 0 	 0 	 NaN 	 NaN 	 0 	 0 	 0 	 NaN 	 NaN 	 NaN 	 NaN 	 0 	 0 	 NaN 	 NaN 	 36.5893 	 -16.7748 	 16.1197 	 0.211482 	 76.2225 	 516 	 598 	 321.748 	 243.358 	 1 	 0 	 0 	 NaN 	 NaN 	 NaN 	 NaN 	 516 	 516 	 516 	 0 	  Tumour 
15 	 441.256 	 428.911 	 408.333 	 188.672 	 1320 	 65.6784 	 27.8161 	 0.905887 	 0.938834 	 164.569 	 871.956 	 281.938 	 0.32334 	 625.29 	 788.066 	 15145 	 0.944379 	 509.245 	 794.217 	 1217.39 	 1162.08 	 0.374429 	 1228.43 	 1219.24 	 371.374 	 0.305056 	 105 	 110 	 193.676 	 -17.2823 	 1 	 0 	 0 	 NaN 	 NaN 	 NaN 	 NaN 	 105 	 105 	 105 	 0 	 48.766 	 -10.3992 	 14.0544 	 0.158988 	 88.3992 	 204 	 473 	 98.0343 	 19.6444 	 2 	 121.491 	 0.0920384 	 28.6778 	 28.6778 	 28.6778 	 0 	 119 	 85 	 102 	 24.0416 	  Tumour 
16 	 470.704 	 549.834 	 394.001 	 85.6154 	 7169 	 102.34 	 89.3472 	 0.487645 	 0.980846 	 322.635 	 1114.85 	 270.078 	 0.242256 	 716.337 	 1030.96 	 11453 	 0.964382 	 416.233 	 795.444 	 1232.67 	 1177.35 	 0.753501 	 1220.58 	 1230.47 	 326.407 	 0.264797 	 129 	 129 	 225.798 	 14.84 	 1 	 0 	 0 	 NaN 	 NaN 	 NaN 	 NaN 	 129 	 129 	 129 	 0 	 60.8454 	 -63.5446 	 27.5289 	 0.273978 	 100.479 	 381 	 434 	 219.877 	 141.487 	 1 	 0 	 0 	 NaN 	 NaN 	 NaN 	 NaN 	 381 	 381 	 381 	 0 	  Tumour 
17 	 502.195 	 976.835 	 392.122 	 349.723 	 1545 	 88.7088 	 22.5306 	 0.967208 	 0.918549 	 206.208 	 712.557 	 190.847 	 0.267834 	 481.824 	 628.667 	 3846 	 0.965361 	 257.421 	 223.769 	 166.042 	 110.725 	 0 	 0 	 0 	 77.3224 	 0.465681 	 0 	 0 	 NaN 	 NaN 	 0 	 0 	 0 	 NaN 	 NaN 	 NaN 	 NaN 	 0 	 0 	 NaN 	 NaN 	 18.8762 	 3.53632 	 5.51447 	 0.0942494 	 58.5094 	 0 	 0 	 NaN 	 NaN 	 0 	 0 	 0 	 NaN 	 NaN 	 NaN 	 NaN 	 0 	 0 	 NaN 	 NaN 	  Fib 
18 	 549.964 	 582.806 	 548.774 	 67.1863 	 1488 	 79.4289 	 24.8978 	 0.949601 	 0.880995 	 209.38 	 2146.44 	 569.779 	 0.265453 	 1270.68 	 2062.55 	 3859 	 0.848318 	 307.463 	 749.181 	 566.432 	 511.116 	 0.440154 	 801.158 	 504.308 	 291.387 	 0.514425 	 0 	 0 	 NaN 	 NaN 	 0 	 0 	 0 	 NaN 	 NaN 	 NaN 	 NaN 	 0 	 0 	 NaN 	 NaN 	 51.9784 	 -5.5379 	 27.1712 	 0.296592 	 91.6116 	 0 	 0 	 NaN 	 NaN 	 0 	 0 	 0 	 NaN 	 NaN 	 NaN 	 NaN 	 0 	 0 	 NaN 	 NaN 	  Fib 
19 	 555.068 	 516.213 	 483.393 	 67.1863 	 3077 	 72.5182 	 57.5132 	 0.609108 	 0.871671 	 253.723 	 1250.51 	 533.864 	 0.426918 	 705.28 	 1166.62 	 6593 	 0.928592 	 332.049 	 474.472 	 555.958 	 500.642 	 0.503521 	 880.748 	 448.816 	 456.149 	 0.820474 	 210 	 432 	 275.424 	 64.4654 	 2 	 99.7697 	 0.0324244 	 30.5156 	 30.5156 	 30.5156 	 0 	 111 	 99 	 105 	 8.48528 	 52.1585 	 -28.4507 	 34.7751 	 0.378848 	 91.7917 	 1025 	 1521 	 293.858 	 215.468 	 2 	 205.941 	 0.0669291 	 28.6015 	 28.6015 	 28.6015 	 0 	 874 	 151 	 512.5 	 511.238 	  Tumour 
20 	 846.296 	 211.899 	 867.761 	 474.612 	 5747 	 115.282 	 65.307 	 0.824062 	 0.923213 	 359.203 	 863.151 	 348.371 	 0.403604 	 589.375 	 779.262 	 10180 	 0.925791 	 440.902 	 377.728 	 252.799 	 197.483 	 0 	 0 	 0 	 102.709 	 0.406288 	 0 	 0 	 NaN 	 NaN 	 0 	 0 	 0 	 NaN 	 NaN 	 NaN 	 NaN 	 0 	 0 	 NaN 	 NaN 	 43.5577 	 7.44771 	 12.2223 	 0.146918 	 83.1909 	 469 	 782 	 197.096 	 118.706 	 2 	 2556.58 	 0.444855 	 27.0131 	 27.0131 	 27.0131 	 0 	 279 	 190 	 234.5 	 62.9325 	  Tumour 
21 	 873.745 	 853.04 	 970.357 	 145.523 	 1955 	 68.2091 	 40.0254 	 0.809729 	 0.914406 	 187.054 	 2054.06 	 648.764 	 0.315845 	 1329.97 	 1970.17 	 6074 	 0.906567 	 341.421 	 322.368 	 285.99 	 230.674 	 0 	 0 	 285.777 	 109.508 	 0.38291 	 0 	 0 	 NaN 	 NaN 	 0 	 0 	 0 	 NaN 	 NaN 	 NaN 	 NaN 	 0 	 0 	 NaN 	 NaN 	 13.9474 	 3.80143 	 4.00691 	 0.0747828 	 53.5806 	 0 	 0 	 NaN 	 NaN 	 0 	 0 	 0 	 NaN 	 NaN 	 NaN 	 NaN 	 0 	 0 	 NaN 	 NaN 	  Lymph 
22 	 890.797 	 740.012 	 914.099 	 102.956 	 2081 	 84.8292 	 31.6228 	 0.927919 	 0.948064 	 216.995 	 1171.09 	 666.139 	 0.568818 	 841.743 	 1087.2 	 3169 	 0.91168 	 260.066 	 202.37 	 213.1 	 157.784 	 0.441048 	 261.406 	 200.067 	 112.508 	 0.527959 	 0 	 0 	 NaN 	 NaN 	 0 	 0 	 0 	 NaN 	 NaN 	 NaN 	 NaN 	 0 	 0 	 NaN 	 NaN 	 11.213 	 4.8747 	 6.33522 	 0.124596 	 50.8462 	 0 	 0 	 NaN 	 NaN 	 0 	 0 	 0 	 NaN 	 NaN 	 NaN 	 NaN 	 0 	 0 	 NaN 	 NaN 	  Fib 
23 	 925.929 	 746.168 	 946.338 	 76.0592 	 3895 	 152.419 	 34.9385 	 0.973373 	 0.843804 	 363.078 	 1182.49 	 591.898 	 0.500552 	 812.488 	 1098.6 	 6813 	 0.809241 	 445.948 	 405.722 	 472.491 	 417.175 	 0.567089 	 542.897 	 439.292 	 294.546 	 0.623391 	 0 	 0 	 NaN 	 NaN 	 0 	 0 	 0 	 NaN 	 NaN 	 NaN 	 NaN 	 0 	 0 	 NaN 	 NaN 	 44.5637 	 -2.43977 	 27.5705 	 0.327452 	 84.1969 	 135 	 138 	 92.4741 	 14.0841 	 1 	 0 	 0 	 NaN 	 NaN 	 NaN 	 NaN 	 135 	 135 	 135 	 0 	  Fib 
24 	 985.163 	 698.322 	 902.641 	 76.0592 	 2970 	 69.9515 	 54.5437 	 0.626108 	 0.969638 	 211.38 	 759.326 	 200.967 	 0.264665 	 419.607 	 675.436 	 6930 	 0.83504 	 400.919 	 569.17 	 649.014 	 593.698 	 0.788406 	 697.305 	 621.276 	 192.818 	 0.297094 	 129 	 129 	 211.705 	 0.746978 	 1 	 0 	 0 	 NaN 	 NaN 	 NaN 	 NaN 	 129 	 129 	 129 	 0 	 71.6311 	 3.96664 	 13.3421 	 0.119914 	 111.264 	 0 	 0 	 NaN 	 NaN 	 0 	 0 	 0 	 NaN 	 NaN 	 NaN 	 NaN 	 0 	 0 	 NaN 	 NaN 	  Tumour 
25 	 1013.02 	 791.944 	 942.206 	 98.4124 	 5127 	 99.8881 	 66.3393 	 0.747612 	 0.977316 	 284.25 	 832.543 	 212.42 	 0.255146 	 560.778 	 748.653 	 12587 	 0.853935 	 553.754 	 534.167 	 582.857 	 527.541 	 0.83114 	 581.425 	 584.991 	 240.975 	 0.413438 	 0 	 0 	 NaN 	 NaN 	 0 	 0 	 0 	 NaN 	 NaN 	 NaN 	 NaN 	 0 	 0 	 NaN 	 NaN 	 59.9106 	 -13.8743 	 23.6603 	 0.237687 	 99.5438 	 392 	 1082 	 123.564 	 45.1738 	 2 	 350.841 	 0.0684301 	 44.4896 	 44.4896 	 44.4896 	 0 	 273 	 119 	 196 	 108.894 	  Tumour 
26 	 1018.1 	 874.327 	 964.632 	 145.523 	 5318 	 86.977 	 78.3009 	 0.435376 	 0.978293 	 276.936 	 1319.49 	 320.296 	 0.242743 	 764.039 	 1235.6 	 10079 	 0.968204 	 407.245 	 675.72 	 792.161 	 736.845 	 0.360119 	 795.099 	 797.082 	 212.415 	 0.268146 	 0 	 0 	 NaN 	 NaN 	 0 	 0 	 0 	 NaN 	 NaN 	 NaN 	 NaN 	 0 	 0 	 NaN 	 NaN 	 55.4625 	 -39.6603 	 31.5976 	 0.332272 	 95.0957 	 434 	 939 	 302.26 	 223.87 	 2 	 1290.48 	 0.242663 	 47.2736 	 47.2736 	 47.2736 	 0 	 425 	 9 	 217 	 294.156 	  Tumour 
27 	 1074.08 	 552.715 	 991.916 	 242.87 	 11528 	 138.411 	 106.464 	 0.639024 	 0.982026 	 418.032 	 1153.44 	 383.028 	 0.332075 	 868.501 	 1069.55 	 19330 	 0.868452 	 634.825 	 361.949 	 323.193 	 267.876 	 0.192523 	 640.796 	 286.424 	 261.112 	 0.807913 	 119 	 119 	 186.555 	 -24.4038 	 1 	 0 	 0 	 NaN 	 NaN 	 NaN 	 NaN 	 119 	 119 	 119 	 0 	 39.7601 	 -12.5164 	 17.2758 	 0.217598 	 79.3933 	 1399 	 3215 	 213.23 	 134.84 	 4 	 1721.4 	 0.149323 	 76.8497 	 22.4146 	 44.7782 	 21.1631 	 565 	 235 	 349.75 	 147.303 	  Tumour 
28 	 1064.67 	 687.442 	 981.715 	 151.003 	 4964 	 91.0291 	 70.03 	 0.638871 	 0.977743 	 281.622 	 1935.62 	 384.205 	 0.198492 	 1159.32 	 1851.73 	 21052 	 0.975488 	 558.316 	 305.725 	 416.363 	 361.047 	 0.602062 	 460.897 	 392.081 	 203.236 	 0.488122 	 128 	 128 	 319.82 	 108.862 	 1 	 0 	 0 	 NaN 	 NaN 	 NaN 	 NaN 	 128 	 128 	 128 	 0 	 30.7713 	 -11.4471 	 8.20491 	 0.11654 	 70.4045 	 697 	 1171 	 465.238 	 386.848 	 2 	 284.905 	 0.0573943 	 42.3281 	 42.3281 	 42.3281 	 0 	 391 	 306 	 348.5 	 60.1041 	  Tumour 
29 	 1144.23 	 903.604 	 1094.12 	 155.824 	 8341 	 124.928 	 86.2296 	 0.723587 	 0.980487 	 361.463 	 1059.25 	 338 	 0.319093 	 655.409 	 975.364 	 17592 	 0.947947 	 567.186 	 459.156 	 558.401 	 503.085 	 0.427984 	 727.269 	 516.168 	 231.749 	 0.415023 	 141 	 141 	 207.688 	 -3.27051 	 1 	 0 	 0 	 NaN 	 NaN 	 NaN 	 NaN 	 141 	 141 	 141 	 0 	 45.3722 	 -31.7098 	 22.4222 	 0.263774 	 85.0054 	 1214 	 2608 	 297.906 	 219.516 	 2 	 3847.9 	 0.461323 	 54.3635 	 35.8658 	 42.6743 	 9.09535 	 972 	 100 	 404.667 	 491.774 	  Tumour 
30 	 1178.91 	 610.704 	 1094.15 	 127.142 	 3278 	 79.9673 	 53.5277 	 0.742929 	 0.970972 	 227.622 	 914.185 	 340.324 	 0.37227 	 594.69 	 830.296 	 6210 	 0.870723 	 349.588 	 514.918 	 524.282 	 468.966 	 0.553571 	 594.142 	 502.637 	 155.568 	 0.296725 	 129 	 129 	 204.403 	 -6.55535 	 1 	 0 	 0 	 NaN 	 NaN 	 NaN 	 NaN 	 129 	 129 	 129 	 0 	 72.6847 	 0.844772 	 20.2273 	 0.18009 	 112.318 	 0 	 0 	 NaN 	 NaN 	 0 	 0 	 0 	 NaN 	 NaN 	 NaN 	 NaN 	 0 	 0 	 NaN 	 NaN 	  Tumour 
31 	 1223.72 	 696.111 	 1140.97 	 105.759 	 8227 	 138.191 	 78.6647 	 0.822168 	 0.917373 	 386.534 	 902.137 	 238.145 	 0.263979 	 595.846 	 818.247 	 16033 	 0.8535 	 587.571 	 505.389 	 766.77 	 711.454 	 0.93014 	 771.444 	 762.33 	 256.525 	 0.334553 	 444 	 3382 	 224.586 	 13.6271 	 5 	 3015.47 	 0.366534 	 77.402 	 11.6282 	 50.5211 	 22.8933 	 128 	 45 	 88.8 	 32.8283 	 47.07 	 -11.2049 	 20.3358 	 0.234545 	 86.7032 	 344 	 783 	 160.776 	 82.3862 	 2 	 3852.99 	 0.468334 	 43.1149 	 43.1149 	 43.1149 	 0 	 210 	 134 	 172 	 53.7401 	  Tumour 
32 	 1250.04 	 855.671 	 1186.91 	 72.0347 	 6987 	 102.105 	 87.7808 	 0.510785 	 0.977203 	 323.948 	 828.077 	 222.48 	 0.268671 	 542.388 	 744.187 	 19609 	 0.846748 	 661.879 	 475.967 	 773.788 	 718.472 	 0.736648 	 757.947 	 789.38 	 300.959 	 0.388942 	 139 	 139 	 173.906 	 -37.052 	 1 	 0 	 0 	 NaN 	 NaN 	 NaN 	 NaN 	 139 	 139 	 139 	 0 	 36.7293 	 -21.5581 	 12.9806 	 0.169986 	 76.3625 	 771 	 1516 	 146.309 	 67.9187 	 3 	 1761.19 	 0.252067 	 38.6021 	 22.1037 	 27.8342 	 8.34655 	 462 	 119 	 257 	 181.05 	  Tumour 
33 	 1264.12 	 629.987 	 1179 	 41.0488 	 2196 	 74.2131 	 42.5528 	 0.819284 	 0.794501 	 241.037 	 1034.64 	 316.235 	 0.305647 	 694.784 	 950.75 	 3168 	 0.827586 	 262.392 	 663.343 	 723.046 	 667.73 	 0.833333 	 720.117 	 727.764 	 187.052 	 0.2587 	 0 	 0 	 NaN 	 NaN 	 0 	 0 	 0 	 NaN 	 NaN 	 NaN 	 NaN 	 0 	 0 	 NaN 	 NaN 	 74.1081 	 -19.6226 	 21.8421 	 0.192033 	 113.741 	 0 	 0 	 NaN 	 NaN 	 0 	 0 	 0 	 NaN 	 NaN 	 NaN 	 NaN 	 0 	 0 	 NaN 	 NaN 	  Tumour 
34 	 1297.78 	 696.82 	 1214.9 	 69.3542 	 6023 	 97.7899 	 79.4881 	 0.582479 	 0.977918 	 302.451 	 1850.27 	 665.977 	 0.359934 	 1543.23 	 1766.38 	 7792 	 0.925746 	 357.99 	 604.165 	 752.867 	 697.55 	 0.723333 	 725.378 	 774.593 	 211.743 	 0.281249 	 163 	 163 	 249.356 	 38.3974 	 1 	 0 	 0 	 NaN 	 NaN 	 NaN 	 NaN 	 163 	 163 	 163 	 0 	 51.62 	 -38.2062 	 23.4666 	 0.257159 	 91.2532 	 610 	 841 	 326.234 	 247.844 	 2 	 1016.39 	 0.168751 	 26.8607 	 26.8607 	 26.8607 	 0 	 336 	 274 	 305 	 43.8406 	  Tumour 
35 	 1299.08 	 920.072 	 1354.35 	 80.604 	 880 	 78.1805 	 16.2377 	 0.978194 	 0.757315 	 180.409 	 1373.73 	 444.415 	 0.32351 	 679.488 	 1289.84 	 2165 	 0.916208 	 226.735 	 414.481 	 389.951 	 334.634 	 0.483516 	 563.955 	 336.036 	 277.193 	 0.710842 	 0 	 0 	 0 	 -210.958 	 0 	 0 	 0 	 NaN 	 NaN 	 NaN 	 NaN 	 0 	 0 	 NaN 	 NaN 	 33.2895 	 -6.23892 	 19.1172 	 0.262157 	 72.9227 	 0 	 0 	 0 	 -78.39 	 0 	 0 	 0 	 NaN 	 NaN 	 NaN 	 NaN 	 0 	 0 	 NaN 	 NaN 	  Fib 
36 	 1305.49 	 627.991 	 1233.82 	 41.0488 	 1642 	 85.9737 	 25.481 	 0.95507 	 0.900713 	 219.037 	 1730.08 	 644.887 	 0.37275 	 979.549 	 1646.19 	 3244 	 0.89268 	 261.706 	 593.427 	 530.325 	 475.009 	 0.509434 	 686.093 	 478.725 	 306.415 	 0.577787 	 0 	 0 	 0 	 -210.958 	 0 	 0 	 0 	 NaN 	 NaN 	 NaN 	 NaN 	 0 	 0 	 NaN 	 NaN 	 54.491 	 21.2259 	 30.7687 	 0.326895 	 94.1242 	 0 	 0 	 0 	 -78.39 	 0 	 0 	 0 	 NaN 	 NaN 	 NaN 	 NaN 	 0 	 0 	 NaN 	 NaN 	  Fib 
37 	 1319.97 	 873.244 	 1348.83 	 72.0347 	 652 	 58.8259 	 14.7729 	 0.967954 	 0.856767 	 139.539 	 1403.34 	 258.126 	 0.183937 	 688.914 	 1319.45 	 2166 	 0.911616 	 219.522 	 468.193 	 444.845 	 389.529 	 0.674033 	 507.738 	 416.433 	 260.774 	 0.586214 	 0 	 0 	 0 	 -210.958 	 0 	 0 	 0 	 NaN 	 NaN 	 NaN 	 NaN 	 0 	 0 	 NaN 	 NaN 	 36.6091 	 -6.11664 	 14.8459 	 0.19472 	 76.2423 	 0 	 0 	 0 	 -78.39 	 0 	 0 	 0 	 NaN 	 NaN 	 NaN 	 NaN 	 0 	 0 	 NaN 	 NaN 	  Fib 
