rownames 	XLoc 	YLoc 	NNDistSame 	NNDistOpp 	dapi_Area 	dapi_MajorAxisLength 	dapi_MinorAxisLength 	dapi_Eccentricity 	dapi_Solidity 	dapi_Perimeter 	dapi_MeanIntensity 	dapi_PixelSD 	dapi_PixelCV 	dapi_NucAdjustedInt 	dapi_BackAdjustedInt 	memb_Area 	memb_Solidity 	memb_Perimeter 	memb_MeanIntensity 	memb_MembraneIntensity 	memb_temp 	memb_pcTouch 	memb_OverLapIntensity 	memb_nonLapIntensity 	memb_PixelSD 	memb_PixelCV 	cent_Area 	cent_ConvexArea 	cent_MeanIntensity 	cent_BackAdjustedInt 	cent_CN 	cent_AreaSD 	cent_CoeffVar 	cent_MaxSpotDist 	cent_MinSpotDist 	cent_MeanSpotDist 	cent_SDSpotDist 	cent_SpotAreaMax 	cent_SpotAreaMin 	cent_SpotAreaMean 	cent_SpotAreaSD 	nucl_BackgroundAdjust 	nucl_NuclearAdjustedInt 	nucl_PixelSD 	nucl_PixelCV 	nucl_MeanIntensity 	Her2_Area 	Her2_ConvexArea 	Her2_MeanIntensity 	Her2_BackAdjustedInt 	Her2_CN 	Her2_AreaSD 	Her2_CoeffVar 	Her2_MaxSpotDist 	Her2_MinSpotDist 	Her2_MeanSpotDist 	Her2_SDSpotDist 	Her2_SpotAreaMax 	Her2_SpotAreaMin 	Her2_SpotAreaMean 	Her2_SpotAreaSD 	CellLabels 	
1 	 44.5525 	 274.329 	 55.5698 	 218.662 	 2163 	 64.3547 	 43.3458 	 0.739146 	 0.963045 	 181.782 	 1396.11 	 253.547 	 0.18161 	 635.735 	 1274.54 	 4225 	 0.976201 	 251.078 	 838.112 	 634.75 	 358.954 	 0.173077 	 969.5 	 601.171 	 247.796 	 0.390383 	 9 	 9 	 383.778 	 -26.2417 	 1 	 0 	 0 	 NaN 	 NaN 	 NaN 	 NaN 	 9 	 9 	 9 	 0 	 39.0428 	 -52.5795 	 18.2241 	 0.103106 	 176.751 	 0 	 0 	 NaN 	 NaN 	 0 	 0 	 0 	 NaN 	 NaN 	 NaN 	 NaN 	 0 	 0 	 NaN 	 NaN 	  DCIS 
2 	 73.3952 	 321.992 	 55.5698 	 230.489 	 2424 	 64.9893 	 48.6519 	 0.663005 	 0.920623 	 203.966 	 995.983 	 297.847 	 0.299048 	 224.537 	 874.409 	 3641 	 0.945223 	 239.421 	 845.051 	 829.162 	 553.365 	 0.29798 	 990.949 	 795.68 	 220.291 	 0.265679 	 91 	 198 	 552.418 	 142.398 	 2 	 117.842 	 0.0486148 	 17.6098 	 17.6098 	 17.6098 	 0 	 55 	 36 	 45.5 	 13.435 	 8.29767 	 -204.73 	 22.0448 	 0.150985 	 146.006 	 111 	 127 	 340.468 	 7.84277 	 1 	 0 	 0 	 NaN 	 NaN 	 NaN 	 NaN 	 111 	 111 	 111 	 0 	  DCIS 
3 	 68.2787 	 941.235 	 667.396 	 470.941 	 1902 	 61.6074 	 46.9301 	 0.647859 	 0.797819 	 208.953 	 1352.94 	 474.511 	 0.350725 	 424.88 	 1231.37 	 2272 	 0.879257 	 204.024 	 579.461 	 539.533 	 263.737 	 0.211111 	 632.211 	 527.121 	 128.109 	 0.237444 	 0 	 0 	 NaN 	 NaN 	 0 	 0 	 0 	 NaN 	 NaN 	 NaN 	 NaN 	 0 	 0 	 NaN 	 NaN 	 -22.534 	 -139.932 	 14.761 	 0.128162 	 115.175 	 71 	 71 	 341.338 	 8.71233 	 1 	 0 	 0 	 NaN 	 NaN 	 NaN 	 NaN 	 71 	 71 	 71 	 0 	  DCIS 
4 	 66.4274 	 980.479 	 706.312 	 504.906 	 1329 	 53.2138 	 32.5923 	 0.790487 	 0.954741 	 148.368 	 785.243 	 320.859 	 0.408612 	 -12.3085 	 663.669 	 1630 	 0.969084 	 159.539 	 570.22 	 550.833 	 275.037 	 0.144928 	 613.55 	 544.539 	 70.8543 	 0.128631 	 0 	 0 	 NaN 	 NaN 	 0 	 0 	 0 	 NaN 	 NaN 	 NaN 	 NaN 	 0 	 0 	 NaN 	 NaN 	 -23.0373 	 -196.266 	 18.575 	 0.161985 	 114.671 	 0 	 0 	 NaN 	 NaN 	 0 	 0 	 0 	 NaN 	 NaN 	 NaN 	 NaN 	 0 	 0 	 NaN 	 NaN 	  DCIS 
5 	 103.291 	 610.35 	 340.969 	 234.088 	 4343 	 88.6764 	 63.9184 	 0.693137 	 0.97072 	 257.38 	 1096.27 	 539.102 	 0.491761 	 446.322 	 974.695 	 4977 	 0.975309 	 273.622 	 472.749 	 335.429 	 59.6322 	 0 	 0 	 0 	 123.633 	 0.368582 	 82 	 371 	 305.073 	 -104.946 	 2 	 1003.2 	 0.230992 	 43.8014 	 43.8014 	 43.8014 	 0 	 50 	 32 	 41 	 12.7279 	 -14.9685 	 -167.152 	 27.8598 	 0.226982 	 122.74 	 140 	 518 	 303.607 	 -29.0186 	 2 	 453.064 	 0.10432 	 44.1984 	 44.1984 	 44.1984 	 0 	 74 	 66 	 70 	 5.65685 	  DCIS 
6 	 137.033 	 301.19 	 95.8801 	 176.386 	 1201 	 52.9894 	 29.6182 	 0.829204 	 0.941223 	 145.64 	 973.552 	 205.242 	 0.210818 	 223.741 	 851.978 	 2240 	 0.92562 	 196.167 	 785.085 	 782.101 	 506.305 	 0.184524 	 972.032 	 762.889 	 159.827 	 0.204356 	 0 	 0 	 NaN 	 NaN 	 0 	 0 	 0 	 NaN 	 NaN 	 NaN 	 NaN 	 0 	 0 	 NaN 	 NaN 	 -7.73849 	 -156.285 	 17.201 	 0.132346 	 129.97 	 0 	 0 	 NaN 	 NaN 	 0 	 0 	 0 	 NaN 	 NaN 	 NaN 	 NaN 	 0 	 0 	 NaN 	 NaN 	  DCIS 
7 	 201.773 	 497.117 	 272.723 	 101.607 	 5619 	 139.23 	 54.9116 	 0.918941 	 0.845853 	 368.333 	 1002.36 	 416.098 	 0.415118 	 628.54 	 880.786 	 6575 	 0.813838 	 428.032 	 613.777 	 530.096 	 254.3 	 0.22314 	 645.741 	 514.425 	 131.116 	 0.247344 	 52 	 55 	 413 	 2.98052 	 1 	 0 	 0 	 NaN 	 NaN 	 NaN 	 NaN 	 52 	 52 	 52 	 0 	 8.66024 	 35.4233 	 24.7964 	 0.169411 	 146.369 	 119 	 125 	 346.487 	 13.8617 	 1 	 0 	 0 	 NaN 	 NaN 	 NaN 	 NaN 	 119 	 119 	 119 	 0 	  DCIS 
8 	 187.08 	 544.764 	 305.949 	 132.593 	 1660 	 65.3402 	 34.2093 	 0.851991 	 0.957324 	 176.267 	 930.422 	 358.03 	 0.384804 	 570.16 	 808.848 	 1961 	 0.947801 	 187.095 	 546.128 	 561.298 	 285.502 	 0.267081 	 659.953 	 545.659 	 119.973 	 0.213742 	 0 	 0 	 NaN 	 NaN 	 0 	 0 	 0 	 NaN 	 NaN 	 NaN 	 NaN 	 0 	 0 	 NaN 	 NaN 	 -6.21092 	 -103.835 	 23.9874 	 0.182417 	 131.498 	 0 	 0 	 NaN 	 NaN 	 0 	 0 	 0 	 NaN 	 NaN 	 NaN 	 NaN 	 0 	 0 	 NaN 	 NaN 	  DCIS 
9 	 211.098 	 79.8561 	 68.0661 	 233.06 	 4461 	 88.9182 	 66.5363 	 0.663376 	 0.904135 	 286.693 	 1120.51 	 492.712 	 0.43972 	 695.868 	 998.94 	 5610 	 0.833953 	 361.463 	 641.179 	 623.553 	 347.756 	 0.14377 	 908.956 	 602.592 	 204.671 	 0.328233 	 0 	 0 	 NaN 	 NaN 	 0 	 0 	 0 	 NaN 	 NaN 	 NaN 	 NaN 	 0 	 0 	 NaN 	 NaN 	 -17.1441 	 14.1344 	 21.4869 	 0.178219 	 120.564 	 122 	 416 	 285.959 	 -46.6667 	 2 	 1142.09 	 0.256017 	 37.1829 	 37.1829 	 37.1829 	 0 	 66 	 56 	 61 	 7.07107 	  Tumour 
10 	 216.375 	 350.222 	 187.128 	 155.039 	 2922 	 70.1181 	 53.3959 	 0.648148 	 0.981195 	 205.238 	 1488.82 	 423.922 	 0.284737 	 844.877 	 1367.25 	 3400 	 0.980392 	 223.823 	 838.564 	 858.186 	 582.389 	 0 	 0 	 0 	 366.611 	 0.427193 	 0 	 0 	 NaN 	 NaN 	 0 	 0 	 0 	 NaN 	 NaN 	 NaN 	 NaN 	 0 	 0 	 NaN 	 NaN 	 38.9253 	 2.17548 	 27.2405 	 0.15422 	 176.634 	 51 	 54 	 321.49 	 -11.1355 	 1 	 0 	 0 	 NaN 	 NaN 	 NaN 	 NaN 	 51 	 51 	 51 	 0 	  DCIS 
11 	 223.156 	 146.52 	 68.0661 	 176.386 	 2767 	 70.0719 	 50.7193 	 0.68999 	 0.967483 	 207.054 	 1940.14 	 452.467 	 0.233214 	 633.935 	 1818.56 	 4677 	 0.904467 	 317.463 	 897.866 	 803.695 	 527.899 	 0.141264 	 934.158 	 791.198 	 201.957 	 0.251286 	 0 	 0 	 NaN 	 NaN 	 0 	 0 	 0 	 NaN 	 NaN 	 NaN 	 NaN 	 0 	 0 	 NaN 	 NaN 	 27.6843 	 4.71355 	 28.2958 	 0.171083 	 165.393 	 112 	 175 	 348.786 	 16.16 	 2 	 280.219 	 0.101272 	 12.7867 	 12.7867 	 12.7867 	 0 	 56 	 56 	 56 	 0 	  Tumour 
12 	 240.394 	 956.971 	 710.291 	 375.558 	 4099 	 89.6095 	 59.9789 	 0.74296 	 0.961529 	 256.794 	 985.709 	 441.402 	 0.447802 	 726.185 	 864.135 	 4726 	 0.968046 	 269.966 	 485.458 	 458.36 	 182.564 	 0 	 0 	 0 	 128.816 	 0.281037 	 0 	 0 	 NaN 	 NaN 	 0 	 0 	 0 	 NaN 	 NaN 	 NaN 	 NaN 	 0 	 0 	 NaN 	 NaN 	 -28.3196 	 8.27334 	 21.5267 	 0.19679 	 109.389 	 150 	 416 	 263.58 	 -69.0457 	 2 	 231.944 	 0.0565856 	 32.7901 	 32.7901 	 32.7901 	 0 	 81 	 69 	 75 	 8.48528 	  DCIS 
13 	 302.166 	 479.219 	 409.246 	 101.607 	 4519 	 87.2932 	 67.1369 	 0.639133 	 0.939501 	 283.765 	 921.033 	 242.378 	 0.263159 	 483.441 	 799.458 	 5637 	 0.897897 	 337.706 	 972.91 	 1015.57 	 739.777 	 0.583333 	 1112.24 	 975.934 	 452.809 	 0.445865 	 51 	 53 	 427.961 	 17.9413 	 1 	 0 	 0 	 NaN 	 NaN 	 NaN 	 NaN 	 51 	 51 	 51 	 0 	 68.2222 	 14.8138 	 43.9644 	 0.213491 	 205.931 	 0 	 0 	 NaN 	 NaN 	 0 	 0 	 0 	 NaN 	 NaN 	 NaN 	 NaN 	 0 	 0 	 NaN 	 NaN 	  Tumour 
14 	 328.865 	 549.396 	 483.617 	 137.233 	 3059 	 75.181 	 52.451 	 0.716427 	 0.974204 	 218.551 	 705.486 	 198.667 	 0.281603 	 421.497 	 583.912 	 3632 	 0.933676 	 242.551 	 1176.88 	 1192.71 	 916.917 	 0.148325 	 1605.26 	 1153.43 	 466.025 	 0.390727 	 0 	 0 	 NaN 	 NaN 	 0 	 0 	 0 	 NaN 	 NaN 	 NaN 	 NaN 	 0 	 0 	 NaN 	 NaN 	 130.805 	 53.445 	 54.799 	 0.204083 	 268.514 	 274 	 332 	 432.482 	 99.8561 	 1 	 0 	 0 	 NaN 	 NaN 	 NaN 	 NaN 	 274 	 274 	 274 	 0 	  Tumour 
15 	 340.102 	 453.36 	 394.677 	 144.845 	 1388 	 75.5787 	 24.5787 	 0.945643 	 0.862648 	 184.368 	 1274.86 	 469.567 	 0.368327 	 612.628 	 1153.29 	 2804 	 0.837515 	 282.392 	 1195.44 	 1270.09 	 994.292 	 0.524 	 1346.21 	 1237.04 	 432.734 	 0.340712 	 0 	 0 	 NaN 	 NaN 	 0 	 0 	 0 	 NaN 	 NaN 	 NaN 	 NaN 	 0 	 0 	 NaN 	 NaN 	 170.993 	 2.35019 	 46.9423 	 0.152064 	 308.702 	 64 	 66 	 356.766 	 24.1399 	 1 	 0 	 0 	 NaN 	 NaN 	 NaN 	 NaN 	 64 	 64 	 64 	 0 	  Tumour 
16 	 356.011 	 275.59 	 243.805 	 158.354 	 2805 	 98.0158 	 39.2724 	 0.916221 	 0.878209 	 263.296 	 1618.77 	 438.987 	 0.271186 	 760.41 	 1497.2 	 4959 	 0.808708 	 371.907 	 1317 	 1474.93 	 1199.14 	 0.170732 	 1771.71 	 1433.86 	 566.625 	 0.38417 	 39 	 41 	 368.795 	 -41.2246 	 1 	 0 	 0 	 NaN 	 NaN 	 NaN 	 NaN 	 39 	 39 	 39 	 0 	 139.447 	 9.56805 	 66.9779 	 0.241662 	 277.156 	 240 	 1063 	 412.629 	 80.0035 	 4 	 121.484 	 0.0433099 	 54.0714 	 17.1436 	 32.0015 	 12.903 	 77 	 36 	 60 	 17.6068 	  Tumour 
17 	 376.147 	 441.457 	 396.921 	 182.789 	 3025 	 83.9044 	 47.3917 	 0.825207 	 0.968 	 230.368 	 1234.81 	 364.381 	 0.29509 	 475.246 	 1113.24 	 4223 	 0.91506 	 279.421 	 1460.35 	 1721.74 	 1445.95 	 0.340336 	 1780.43 	 1690.8 	 243.496 	 0.141424 	 52 	 244 	 582.596 	 172.577 	 2 	 824.913 	 0.272699 	 38.991 	 38.991 	 38.991 	 0 	 30 	 22 	 26 	 5.65685 	 259.706 	 57.9168 	 53.5984 	 0.134868 	 397.414 	 191 	 247 	 531.215 	 198.589 	 2 	 582.741 	 0.192642 	 12.9826 	 12.9826 	 12.9826 	 0 	 114 	 77 	 95.5 	 26.163 	  Tumour 
18 	 394.278 	 788.965 	 622.114 	 153.388 	 3658 	 90.802 	 53.4086 	 0.808725 	 0.934355 	 254.593 	 939.448 	 487.468 	 0.518888 	 677.401 	 817.873 	 4464 	 0.945963 	 271.421 	 645.057 	 501.757 	 225.96 	 0.0869565 	 831.25 	 483.936 	 182.744 	 0.364208 	 0 	 0 	 NaN 	 NaN 	 0 	 0 	 0 	 NaN 	 NaN 	 NaN 	 NaN 	 0 	 0 	 NaN 	 NaN 	 42.0845 	 45.4847 	 58.1224 	 0.323274 	 179.793 	 87 	 94 	 319.77 	 -12.8556 	 1 	 0 	 0 	 NaN 	 NaN 	 NaN 	 NaN 	 87 	 87 	 87 	 0 	  DCIS 
19 	 416.291 	 303.35 	 302.909 	 205.448 	 5208 	 94.283 	 71.3953 	 0.653131 	 0.949672 	 296.35 	 1244.54 	 433.707 	 0.348487 	 693.017 	 1122.97 	 6652 	 0.919292 	 360.191 	 1445.79 	 1731.21 	 1455.41 	 0.396104 	 2067.05 	 1648.67 	 444.935 	 0.257008 	 44 	 44 	 509.386 	 99.3669 	 1 	 0 	 0 	 NaN 	 NaN 	 NaN 	 NaN 	 44 	 44 	 44 	 0 	 251.685 	 68.9377 	 61.3692 	 0.157602 	 389.394 	 488 	 1681 	 453.334 	 120.708 	 6 	 2720.69 	 0.522406 	 59.1991 	 13.1828 	 32.1248 	 14.2886 	 250 	 3 	 81.3333 	 92.4287 	  Tumour 
20 	 421.336 	 382.039 	 367.837 	 207.483 	 4063 	 90.1436 	 58.998 	 0.756071 	 0.964396 	 259.338 	 1401.54 	 276.826 	 0.197516 	 556.142 	 1279.96 	 5415 	 0.977437 	 293.095 	 1742.27 	 1964.12 	 1688.32 	 0.400749 	 1968.34 	 1958.03 	 384.708 	 0.195868 	 85 	 305 	 549.965 	 139.945 	 2 	 847.783 	 0.208659 	 35.7553 	 35.7553 	 35.7553 	 0 	 45 	 40 	 42.5 	 3.53553 	 265.17 	 6.51852 	 57.4997 	 0.142722 	 402.879 	 416 	 571 	 574.135 	 241.509 	 2 	 2193.23 	 0.539805 	 25.5434 	 25.5434 	 25.5434 	 0 	 368 	 48 	 208 	 226.274 	  Tumour 
21 	 452.117 	 646.806 	 616.093 	 102.421 	 4618 	 86.9697 	 71.3452 	 0.571869 	 0.936334 	 281.078 	 1140.48 	 382.062 	 0.335001 	 817.83 	 1018.91 	 5302 	 0.895003 	 336.735 	 1396.83 	 1722.99 	 1447.19 	 0.565068 	 1960.08 	 1628.75 	 453.437 	 0.263169 	 108 	 539 	 449.389 	 39.3694 	 2 	 1681.24 	 0.364063 	 53.4045 	 53.4045 	 53.4045 	 0 	 57 	 51 	 54 	 4.24264 	 394.744 	 222.161 	 98.4649 	 0.184927 	 532.452 	 466 	 1042 	 578.803 	 246.177 	 2 	 676.95 	 0.146589 	 34.4696 	 34.4696 	 34.4696 	 0 	 354 	 112 	 233 	 171.12 	  Tumour 
22 	 447.738 	 792.37 	 656.303 	 116.503 	 1121 	 39.0789 	 36.6653 	 0.345994 	 0.961407 	 129.054 	 711.606 	 307.64 	 0.432317 	 382.575 	 590.032 	 1798 	 0.916412 	 183.681 	 693.242 	 705.481 	 429.685 	 0.246835 	 836.436 	 687.635 	 134.893 	 0.191207 	 0 	 0 	 NaN 	 NaN 	 0 	 0 	 0 	 NaN 	 NaN 	 NaN 	 NaN 	 0 	 0 	 NaN 	 NaN 	 39.4449 	 -4.60152 	 28.9774 	 0.163572 	 177.153 	 0 	 0 	 NaN 	 NaN 	 0 	 0 	 0 	 NaN 	 NaN 	 NaN 	 NaN 	 0 	 0 	 NaN 	 NaN 	  Other 
23 	 477.9 	 583.758 	 570.355 	 164.247 	 4406 	 81.9948 	 68.8172 	 0.543689 	 0.97521 	 257.279 	 917.093 	 250.143 	 0.272756 	 535.536 	 795.518 	 6174 	 0.931222 	 351.019 	 1470.32 	 1678.17 	 1402.37 	 0.503356 	 1788.9 	 1616.35 	 329.682 	 0.196454 	 83 	 287 	 450.108 	 40.089 	 2 	 1220.2 	 0.276942 	 31.1524 	 31.1524 	 31.1524 	 0 	 44 	 39 	 41.5 	 3.53553 	 428.404 	 174.95 	 79.5519 	 0.140523 	 566.113 	 434 	 1176 	 500.952 	 168.326 	 3 	 1292.17 	 0.293274 	 35.3516 	 23.1896 	 28.1602 	 5.7046 	 298 	 63 	 144.667 	 132.885 	  Tumour 
24 	 474.672 	 101.28 	 463.496 	 210.44 	 3329 	 87.7384 	 49.5016 	 0.825641 	 0.919359 	 247.179 	 1182.6 	 489.765 	 0.414142 	 822.2 	 1061.03 	 4162 	 0.909131 	 283.806 	 530.689 	 511.169 	 235.372 	 0 	 0 	 0 	 248.306 	 0.485762 	 0 	 0 	 NaN 	 NaN 	 0 	 0 	 0 	 NaN 	 NaN 	 NaN 	 NaN 	 0 	 0 	 NaN 	 NaN 	 -11.0311 	 19.6433 	 16.6158 	 0.131166 	 126.677 	 111 	 134 	 309.117 	 -23.5086 	 0 	 0 	 0 	 NaN 	 NaN 	 NaN 	 NaN 	 0 	 0 	 111 	 0 	  DCIS 
25 	 470.795 	 415.601 	 424.848 	 263.403 	 2390 	 73.2107 	 46.2379 	 0.775317 	 0.86657 	 233.338 	 1012.33 	 279.022 	 0.275623 	 516.057 	 890.758 	 3179 	 0.73913 	 315.806 	 1539.44 	 1732.23 	 1456.43 	 0.527881 	 1596.94 	 1768.76 	 421.727 	 0.243459 	 0 	 0 	 NaN 	 NaN 	 0 	 0 	 0 	 NaN 	 NaN 	 NaN 	 NaN 	 0 	 0 	 NaN 	 NaN 	 321.517 	 87.1014 	 114.173 	 0.24862 	 459.226 	 0 	 0 	 NaN 	 NaN 	 0 	 0 	 0 	 NaN 	 NaN 	 NaN 	 NaN 	 0 	 0 	 NaN 	 NaN 	  Tumour 
26 	 469.055 	 748.13 	 635.965 	 75.8024 	 1076 	 38.5739 	 35.6632 	 0.381081 	 0.973756 	 124.953 	 737.811 	 259.339 	 0.351497 	 393.128 	 616.237 	 1671 	 0.924226 	 169.196 	 1017.99 	 1063.23 	 787.436 	 0.390411 	 1162.74 	 1040.01 	 312.867 	 0.29426 	 0 	 0 	 NaN 	 NaN 	 0 	 0 	 0 	 NaN 	 NaN 	 NaN 	 NaN 	 0 	 0 	 NaN 	 NaN 	 127.067 	 2.97032 	 38.0232 	 0.143606 	 264.775 	 0 	 0 	 NaN 	 NaN 	 0 	 0 	 0 	 NaN 	 NaN 	 NaN 	 NaN 	 0 	 0 	 NaN 	 NaN 	  Other 
27 	 507.804 	 683.147 	 672.174 	 75.8024 	 6164 	 103.474 	 77.9847 	 0.657262 	 0.914812 	 329.061 	 1498.46 	 386.908 	 0.258203 	 912.735 	 1376.89 	 7650 	 0.862652 	 412.174 	 1400.35 	 1846.34 	 1570.54 	 0.349854 	 1932.71 	 1813.28 	 406.908 	 0.220386 	 107 	 203 	 515.355 	 105.336 	 2 	 1703.59 	 0.276378 	 17.4457 	 17.4457 	 17.4457 	 0 	 54 	 53 	 53.5 	 0.707107 	 378.898 	 74.6686 	 52.0857 	 0.100823 	 516.606 	 689 	 1458 	 665.274 	 332.649 	 7 	 1578.18 	 0.256032 	 46.8855 	 11.0596 	 25.7316 	 11.0718 	 156 	 39 	 98.4286 	 46.4753 	  Tumour 
28 	 478.521 	 510.952 	 507.528 	 237.211 	 1508 	 48.3683 	 40.2094 	 0.555801 	 0.969775 	 148.468 	 654.633 	 142.645 	 0.217901 	 306.967 	 533.059 	 2780 	 0.907903 	 226.794 	 1570.14 	 1758.66 	 1482.87 	 0.328125 	 1642.67 	 1767.61 	 306.678 	 0.174382 	 0 	 0 	 NaN 	 NaN 	 0 	 0 	 0 	 NaN 	 NaN 	 NaN 	 NaN 	 0 	 0 	 NaN 	 NaN 	 300.466 	 47.6437 	 32.6903 	 0.0746057 	 438.174 	 31 	 31 	 287.29 	 -45.3354 	 1 	 0 	 0 	 NaN 	 NaN 	 NaN 	 NaN 	 31 	 31 	 31 	 0 	  Tumour 
29 	 493.713 	 363.026 	 400.222 	 254.578 	 3164 	 76.0581 	 54.0596 	 0.703426 	 0.966697 	 226.551 	 928.842 	 380.357 	 0.409496 	 601.967 	 807.268 	 4565 	 0.908639 	 308.919 	 1240.46 	 1291.07 	 1015.27 	 0.371542 	 1518.31 	 1238.74 	 536.005 	 0.415163 	 0 	 0 	 NaN 	 NaN 	 0 	 0 	 0 	 NaN 	 NaN 	 NaN 	 NaN 	 0 	 0 	 NaN 	 NaN 	 124.044 	 34.9588 	 53.3482 	 0.203812 	 261.753 	 339 	 1162 	 337.156 	 4.53064 	 4 	 397.477 	 0.125625 	 48.1369 	 13.9737 	 30.2024 	 12.9915 	 151 	 49 	 84.75 	 47.1761 	  Tumour 
30 	 546.318 	 729.174 	 730.36 	 79.3095 	 3970 	 98.0994 	 56.0631 	 0.820607 	 0.891734 	 278.35 	 1071.64 	 355.349 	 0.331593 	 680.208 	 950.067 	 5040 	 0.843656 	 340.576 	 1279.97 	 1487.27 	 1211.47 	 0.169611 	 1607.79 	 1480.19 	 246.461 	 0.165714 	 43 	 43 	 492.558 	 82.5387 	 1 	 0 	 0 	 NaN 	 NaN 	 NaN 	 NaN 	 43 	 43 	 43 	 0 	 324.064 	 103.103 	 56.9085 	 0.123239 	 461.772 	 288 	 864 	 437.844 	 105.218 	 3 	 774.579 	 0.195108 	 39.0168 	 13.9967 	 28.7285 	 11.7067 	 159 	 50 	 96 	 56.4535 	  Tumour 
31 	 534.297 	 536.176 	 558.807 	 221.741 	 4680 	 82.1448 	 74.9741 	 0.408614 	 0.923259 	 300.291 	 1177.69 	 356.131 	 0.302397 	 556.175 	 1056.12 	 6262 	 0.909513 	 345.848 	 1452.74 	 1611.31 	 1335.52 	 0.578767 	 1555.79 	 1636.27 	 229.892 	 0.142674 	 74 	 251 	 506.811 	 96.7913 	 2 	 923.638 	 0.197358 	 28.767 	 28.767 	 28.767 	 0 	 40 	 34 	 37 	 4.24264 	 569.36 	 193.577 	 113.899 	 0.161086 	 707.068 	 223 	 556 	 426.655 	 94.029 	 3 	 1442.87 	 0.308306 	 26.7496 	 16.4402 	 20.9659 	 4.71237 	 113 	 45 	 74.3333 	 34.9476 	  Tumour 
32 	 565.678 	 437.313 	 503.462 	 307.002 	 2919 	 90.9279 	 48.5121 	 0.845786 	 0.862844 	 257.196 	 1661.16 	 378.908 	 0.228098 	 764.176 	 1539.58 	 5310 	 0.843527 	 377.99 	 1380.64 	 1601.66 	 1325.86 	 0.290625 	 1510.74 	 1600.54 	 270.197 	 0.168698 	 32 	 32 	 450.094 	 40.0743 	 1 	 0 	 0 	 NaN 	 NaN 	 NaN 	 NaN 	 32 	 32 	 32 	 0 	 272.275 	 31.1336 	 41.1702 	 0.100419 	 409.983 	 354 	 949 	 548.444 	 215.818 	 4 	 979.769 	 0.335652 	 35.348 	 16.5461 	 22.136 	 6.70942 	 174 	 56 	 88.5 	 57.1227 	  Tumour 
33 	 589.959 	 561.005 	 612.374 	 222.733 	 4097 	 99.252 	 55.0446 	 0.832121 	 0.896499 	 280.894 	 1244.68 	 328.722 	 0.264101 	 516.629 	 1123.11 	 4555 	 0.888087 	 298.208 	 1343.79 	 1545.78 	 1269.98 	 0.43346 	 1452.03 	 1571.86 	 276.819 	 0.179081 	 124 	 454 	 458.54 	 48.5208 	 3 	 1462 	 0.356846 	 39.4832 	 9.68929 	 26.892 	 13.7947 	 49 	 33 	 41.3333 	 8.02081 	 554.988 	 150.382 	 90.8313 	 0.131127 	 692.697 	 307 	 812 	 577.127 	 244.501 	 3 	 1812.48 	 0.442392 	 51.6277 	 17.7043 	 34.6547 	 15.171 	 209 	 41 	 102.333 	 92.7218 	  Tumour 
34 	 601.135 	 131.989 	 573.847 	 152.053 	 4287 	 117.868 	 47.5936 	 0.914853 	 0.944898 	 291.907 	 1459.19 	 783.323 	 0.536821 	 1146.38 	 1337.61 	 5141 	 0.93951 	 319.664 	 773.907 	 778.87 	 503.074 	 0.3213 	 1137.76 	 703.748 	 410.032 	 0.526444 	 61 	 63 	 389.623 	 -20.3965 	 1 	 0 	 0 	 NaN 	 NaN 	 NaN 	 NaN 	 61 	 61 	 61 	 0 	 23.6143 	 54.6788 	 41.2226 	 0.255529 	 161.323 	 130 	 153 	 330.923 	 -1.70262 	 1 	 0 	 0 	 NaN 	 NaN 	 NaN 	 NaN 	 130 	 130 	 130 	 0 	  DCIS 
35 	 604.103 	 370.658 	 489.009 	 239.019 	 2584 	 68.9778 	 49.2003 	 0.700883 	 0.920884 	 210.368 	 1946.72 	 516.181 	 0.265155 	 1168.77 	 1825.14 	 3810 	 0.911047 	 273.279 	 1198.03 	 1340.54 	 1064.75 	 0.105932 	 1702.2 	 1311.55 	 343.757 	 0.256431 	 0 	 0 	 NaN 	 NaN 	 0 	 0 	 0 	 NaN 	 NaN 	 NaN 	 NaN 	 0 	 0 	 NaN 	 NaN 	 106.653 	 2.17219 	 42.0613 	 0.172127 	 244.362 	 222 	 829 	 390.869 	 58.2437 	 4 	 342.317 	 0.132476 	 41.5411 	 15.1431 	 27.0063 	 10.4781 	 84 	 19 	 55.5 	 28.2666 	  Tumour 
36 	 617.539 	 454.857 	 553.42 	 323.447 	 2762 	 73.0398 	 48.9069 	 0.742729 	 0.932478 	 235.723 	 1717.64 	 371.703 	 0.216403 	 730.794 	 1596.07 	 3584 	 0.941919 	 254.108 	 1586.32 	 1760.66 	 1484.86 	 0.277778 	 1526.15 	 1793.92 	 319.972 	 0.181734 	 0 	 0 	 NaN 	 NaN 	 0 	 0 	 0 	 NaN 	 NaN 	 NaN 	 NaN 	 0 	 0 	 NaN 	 NaN 	 344.783 	 -29.1868 	 43.2945 	 0.0897312 	 482.491 	 374 	 867 	 636.182 	 303.556 	 3 	 507.87 	 0.183878 	 34.0523 	 13.2244 	 26.8756 	 10.5789 	 186 	 64 	 124.667 	 61.0027 	  Tumour 
37 	 645.153 	 128.056 	 617.508 	 135.351 	 3883 	 118.47 	 44.7313 	 0.925979 	 0.871409 	 297.907 	 1356.65 	 648.359 	 0.477912 	 956.3 	 1235.07 	 5933 	 0.849635 	 379.99 	 1097.24 	 1299.18 	 1023.39 	 0.375776 	 1221.38 	 1317.9 	 667.277 	 0.513613 	 0 	 0 	 NaN 	 NaN 	 0 	 0 	 0 	 NaN 	 NaN 	 NaN 	 NaN 	 0 	 0 	 NaN 	 NaN 	 52.343 	 3.86945 	 47.2124 	 0.248419 	 190.052 	 69 	 72 	 334.101 	 1.47575 	 1 	 0 	 0 	 NaN 	 NaN 	 NaN 	 NaN 	 69 	 69 	 69 	 0 	  DCIS 
38 	 639.029 	 564.754 	 646.845 	 249.778 	 2934 	 87.406 	 47.5602 	 0.839001 	 0.897248 	 237.238 	 1046.01 	 274.959 	 0.262863 	 519.301 	 924.441 	 3894 	 0.823953 	 307.765 	 1372.64 	 1721.89 	 1446.09 	 0.429104 	 1619.03 	 1727.34 	 406.895 	 0.236307 	 0 	 0 	 NaN 	 NaN 	 0 	 0 	 0 	 NaN 	 NaN 	 NaN 	 NaN 	 0 	 0 	 NaN 	 NaN 	 362.281 	 82.5773 	 72.6521 	 0.145307 	 499.989 	 55 	 61 	 394.6 	 61.9743 	 1 	 0 	 0 	 NaN 	 NaN 	 NaN 	 NaN 	 55 	 55 	 55 	 0 	  Tumour 
39 	 648.674 	 688.54 	 750.15 	 183.742 	 5986 	 91.4671 	 83.9122 	 0.397961 	 0.977147 	 300.049 	 1103.27 	 506.481 	 0.459072 	 712.172 	 981.696 	 7350 	 0.905061 	 379.161 	 1660.44 	 1804.28 	 1528.48 	 0.146341 	 2367.04 	 1748.93 	 625.959 	 0.34693 	 63 	 66 	 551.556 	 141.536 	 1 	 0 	 0 	 NaN 	 NaN 	 NaN 	 NaN 	 63 	 63 	 63 	 0 	 495.973 	 281.642 	 180.648 	 0.285076 	 633.682 	 231 	 317 	 592.983 	 260.357 	 3 	 962.941 	 0.160866 	 20.1666 	 9.62682 	 13.4444 	 5.22292 	 126 	 52 	 77 	 42.4382 	  Tumour 
40 	 664.958 	 349.241 	 527.709 	 221.903 	 3936 	 81.98 	 62.137 	 0.652309 	 0.943206 	 267.966 	 1442.42 	 279.975 	 0.194101 	 649.793 	 1320.85 	 4604 	 0.931041 	 279.765 	 1642.08 	 1679.11 	 1403.32 	 0.295833 	 1815.61 	 1646.61 	 201.491 	 0.119998 	 60 	 61 	 559.767 	 149.747 	 1 	 0 	 0 	 NaN 	 NaN 	 NaN 	 NaN 	 60 	 60 	 60 	 0 	 223.514 	 10.037 	 50.4385 	 0.139633 	 361.223 	 317 	 798 	 425.47 	 92.8443 	 5 	 1266.83 	 0.321857 	 38.4623 	 12.3195 	 21.9931 	 8.55757 	 101 	 30 	 63.4 	 32.6772 	  Tumour 
41 	 678.597 	 612.398 	 708.553 	 196.759 	 4271 	 85.3779 	 64.5586 	 0.654397 	 0.9698 	 256.108 	 851.245 	 197.134 	 0.231583 	 435.401 	 729.671 	 5808 	 0.924988 	 333.765 	 1447.05 	 1882.72 	 1606.93 	 0.564626 	 1949.33 	 1860.72 	 353.036 	 0.187514 	 0 	 0 	 NaN 	 NaN 	 0 	 0 	 0 	 NaN 	 NaN 	 NaN 	 NaN 	 0 	 0 	 NaN 	 NaN 	 290.72 	 62.5325 	 54.4494 	 0.127091 	 428.429 	 496 	 1080 	 437.657 	 105.032 	 1 	 0 	 0 	 NaN 	 NaN 	 NaN 	 0 	 355 	 141 	 248 	 151.321 	  Tumour 
42 	 688.833 	 256.24 	 509.372 	 135.351 	 6050 	 96.3467 	 80.9596 	 0.542129 	 0.963376 	 311.463 	 1002.96 	 355.826 	 0.354776 	 651.614 	 881.384 	 7271 	 0.943061 	 349.12 	 1541.59 	 1740.99 	 1465.2 	 0.234114 	 1904 	 1703.76 	 626.225 	 0.359694 	 50 	 52 	 534.12 	 124.101 	 1 	 0 	 0 	 NaN 	 NaN 	 NaN 	 NaN 	 50 	 50 	 50 	 0 	 198.452 	 51.2737 	 52.6729 	 0.15669 	 336.161 	 610 	 2018 	 428.61 	 95.9841 	 7 	 1425.45 	 0.235611 	 57.8814 	 12.1933 	 28.4489 	 14.3468 	 131 	 49 	 87.1429 	 32.1529 	  Tumour 
43 	 700.68 	 540.878 	 672.771 	 238.212 	 4437 	 80.186 	 71.4166 	 0.454715 	 0.956456 	 262.794 	 1110.83 	 291.526 	 0.26244 	 537.912 	 989.258 	 6129 	 0.812434 	 374.877 	 1727.47 	 2166.8 	 1891 	 0.349693 	 1862.85 	 2225.36 	 470.031 	 0.216924 	 49 	 52 	 385.878 	 -24.1419 	 1 	 0 	 0 	 NaN 	 NaN 	 NaN 	 NaN 	 49 	 49 	 49 	 0 	 393.816 	 94.3239 	 71.8664 	 0.135208 	 531.524 	 442 	 997 	 480.412 	 147.786 	 4 	 1610.93 	 0.363067 	 30.7285 	 13.526 	 22.3054 	 6.34514 	 203 	 59 	 110.5 	 64.0078 	  Tumour 
44 	 733.825 	 310.387 	 571.34 	 202.596 	 3770 	 81.7511 	 65.4331 	 0.599474 	 0.83815 	 294.25 	 999.578 	 316.862 	 0.316996 	 470.398 	 878.004 	 5437 	 0.700644 	 420.375 	 1556.48 	 1543.57 	 1267.77 	 0.512605 	 1734.41 	 1476.27 	 558.078 	 0.361551 	 38 	 41 	 494.105 	 84.0858 	 1 	 0 	 0 	 NaN 	 NaN 	 NaN 	 NaN 	 38 	 38 	 38 	 0 	 263.809 	 51.7076 	 56.7101 	 0.14124 	 401.517 	 0 	 0 	 NaN 	 NaN 	 0 	 0 	 0 	 NaN 	 NaN 	 NaN 	 NaN 	 0 	 0 	 NaN 	 NaN 	  Tumour 
45 	 729.727 	 644.645 	 767.194 	 137.244 	 3425 	 72.7336 	 60.4175 	 0.556768 	 0.96289 	 230.551 	 902.263 	 283.351 	 0.314045 	 531.28 	 780.689 	 4098 	 0.833096 	 296.291 	 1964.1 	 2169.79 	 1893.99 	 0.368421 	 2003.63 	 2194.17 	 550.507 	 0.253715 	 0 	 0 	 NaN 	 NaN 	 0 	 0 	 0 	 NaN 	 NaN 	 NaN 	 NaN 	 0 	 0 	 NaN 	 NaN 	 312.553 	 63.4053 	 35.9447 	 0.0798308 	 450.261 	 62 	 64 	 348.645 	 16.0195 	 1 	 0 	 0 	 NaN 	 NaN 	 NaN 	 NaN 	 62 	 62 	 62 	 0 	  Tumour 
46 	 769.527 	 583.537 	 752.66 	 169.815 	 4440 	 80.1495 	 71.1476 	 0.460449 	 0.965427 	 266.149 	 923.719 	 278.917 	 0.30195 	 471.76 	 802.145 	 5407 	 0.928878 	 318.635 	 1606.93 	 1944.54 	 1668.75 	 0.443223 	 1984.31 	 1929.67 	 333.426 	 0.171468 	 0 	 0 	 NaN 	 NaN 	 0 	 0 	 0 	 NaN 	 NaN 	 NaN 	 NaN 	 0 	 0 	 NaN 	 NaN 	 216.581 	 31.7234 	 37.071 	 0.104635 	 354.289 	 308 	 418 	 583 	 250.374 	 1 	 0 	 0 	 NaN 	 NaN 	 NaN 	 NaN 	 308 	 308 	 308 	 0 	  Tumour 
47 	 801.041 	 807.28 	 936.285 	 66.1287 	 3759 	 89.0583 	 53.9788 	 0.795384 	 0.97535 	 246.35 	 815.57 	 343.873 	 0.421635 	 564.023 	 693.996 	 4842 	 0.940012 	 306.877 	 1567.4 	 1715.77 	 1439.97 	 0 	 0 	 1688.76 	 739.803 	 0.431178 	 44 	 45 	 456.318 	 46.2987 	 1 	 0 	 0 	 NaN 	 NaN 	 NaN 	 NaN 	 44 	 44 	 44 	 0 	 234.291 	 87.2413 	 49.7314 	 0.133687 	 371.999 	 250 	 525 	 401.056 	 68.4303 	 2 	 1776.77 	 0.472671 	 29.9577 	 29.9577 	 29.9577 	 0 	 171 	 79 	 125 	 65.0538 	  Tumour 
48 	 814.418 	 702.539 	 867.028 	 43.1741 	 3675 	 85.9252 	 55.062 	 0.767697 	 0.965834 	 241.137 	 1043.02 	 451.928 	 0.433287 	 776.018 	 921.449 	 4775 	 0.943862 	 284.936 	 698.885 	 705.258 	 429.462 	 0.129032 	 532.906 	 716.175 	 238.009 	 0.337478 	 0 	 0 	 NaN 	 NaN 	 0 	 0 	 0 	 NaN 	 NaN 	 NaN 	 NaN 	 0 	 0 	 NaN 	 NaN 	 38.089 	 -8.10769 	 31.702 	 0.180332 	 175.798 	 0 	 0 	 NaN 	 NaN 	 0 	 0 	 0 	 NaN 	 NaN 	 NaN 	 NaN 	 0 	 0 	 NaN 	 NaN 	  Tumour 
49 	 831.448 	 326.246 	 667.02 	 118.207 	 7292 	 103.685 	 90.1621 	 0.493803 	 0.963276 	 341.12 	 1347.77 	 604.558 	 0.448563 	 690.492 	 1226.19 	 8870 	 0.91879 	 415.831 	 1869.56 	 1555.67 	 1279.87 	 0.123037 	 1461.17 	 1563.96 	 727.145 	 0.467417 	 90 	 94 	 558.622 	 148.603 	 1 	 0 	 0 	 NaN 	 NaN 	 NaN 	 NaN 	 90 	 90 	 90 	 0 	 247.119 	 122.557 	 84.3347 	 0.21915 	 384.827 	 812 	 3577 	 474.321 	 141.696 	 11 	 1933.09 	 0.265097 	 80.9929 	 11.4892 	 42.6853 	 19.9795 	 233 	 24 	 73.8182 	 58.7959 	  Tumour 
50 	 824.455 	 535.847 	 764.006 	 187.627 	 1892 	 74.4941 	 33.9463 	 0.890138 	 0.919786 	 194.326 	 1180.23 	 280.573 	 0.237727 	 329.546 	 1058.66 	 3397 	 0.850739 	 311.421 	 1558.49 	 1649.92 	 1374.12 	 0.37037 	 1595.99 	 1670.81 	 516.697 	 0.313165 	 0 	 0 	 NaN 	 NaN 	 0 	 0 	 0 	 NaN 	 NaN 	 NaN 	 NaN 	 0 	 0 	 NaN 	 NaN 	 121.43 	 -12.5403 	 41.712 	 0.160964 	 259.139 	 112 	 204 	 399.384 	 66.7582 	 2 	 323.034 	 0.170737 	 16.7219 	 16.7219 	 16.7219 	 0 	 67 	 45 	 56 	 15.5563 	  Tumour 
51 	 824.217 	 745.219 	 910.32 	 43.1741 	 992 	 41.6546 	 30.4834 	 0.681503 	 0.96875 	 119.397 	 642.818 	 247.066 	 0.384348 	 400.128 	 521.243 	 1544 	 0.888377 	 171.882 	 712.339 	 716.789 	 440.993 	 0.0921053 	 566.286 	 721.697 	 224.589 	 0.313326 	 0 	 0 	 NaN 	 NaN 	 0 	 0 	 0 	 NaN 	 NaN 	 NaN 	 NaN 	 0 	 0 	 NaN 	 NaN 	 37.7602 	 -0.626488 	 24.5458 	 0.139887 	 175.469 	 0 	 0 	 NaN 	 NaN 	 0 	 0 	 0 	 NaN 	 NaN 	 NaN 	 NaN 	 0 	 0 	 NaN 	 NaN 	  DCIS 
52 	 881.027 	 513.61 	 798.283 	 140.389 	 3032 	 69.9321 	 57.1345 	 0.57664 	 0.951365 	 229.581 	 1536.21 	 443.87 	 0.288939 	 914.793 	 1414.63 	 4188 	 0.957038 	 261.137 	 826.734 	 906.338 	 630.541 	 0.302632 	 1143.12 	 863.432 	 239.652 	 0.264418 	 31 	 31 	 389.581 	 -20.4388 	 1 	 0 	 0 	 NaN 	 NaN 	 NaN 	 NaN 	 31 	 31 	 31 	 0 	 15.1137 	 -10.2279 	 20.8652 	 0.136532 	 152.822 	 130 	 301 	 333.885 	 1.25892 	 2 	 932.388 	 0.307516 	 23.166 	 23.166 	 23.166 	 0 	 66 	 64 	 65 	 1.41421 	  Tumour 
53 	 934.256 	 383.881 	 895.78 	 103.078 	 1427 	 44.5281 	 41.8981 	 0.338588 	 0.955794 	 146.468 	 685.575 	 269.871 	 0.393641 	 398.993 	 564.001 	 2117 	 0.982367 	 172.468 	 1263.97 	 1268.84 	 993.04 	 0 	 0 	 0 	 654.551 	 0.515867 	 0 	 0 	 NaN 	 NaN 	 0 	 0 	 0 	 NaN 	 NaN 	 NaN 	 NaN 	 0 	 0 	 NaN 	 NaN 	 58.3672 	 -3.10359 	 59.5967 	 0.303948 	 196.076 	 94 	 99 	 244.128 	 -88.498 	 1 	 0 	 0 	 NaN 	 NaN 	 NaN 	 NaN 	 94 	 94 	 94 	 0 	  DCIS 
54 	 966.481 	 306.485 	 921.556 	 73.5731 	 2085 	 63.2777 	 42.929 	 0.734673 	 0.959945 	 183.439 	 725.044 	 310.761 	 0.42861 	 485.393 	 603.47 	 3376 	 0.846964 	 291.907 	 919.81 	 871.274 	 595.478 	 0.0846774 	 1236.24 	 852.684 	 391.382 	 0.449206 	 0 	 0 	 NaN 	 NaN 	 0 	 0 	 0 	 NaN 	 NaN 	 NaN 	 NaN 	 0 	 0 	 NaN 	 NaN 	 37.6665 	 13.367 	 44.5222 	 0.253868 	 175.375 	 81 	 83 	 256.333 	 -76.2924 	 1 	 0 	 0 	 NaN 	 NaN 	 NaN 	 NaN 	 81 	 81 	 81 	 0 	  DCIS 
55 	 1029.14 	 344.3 	 859.546 	 73.5731 	 4837 	 112.059 	 56.4726 	 0.863729 	 0.969339 	 296.635 	 1206.72 	 512.796 	 0.42495 	 900.078 	 1085.15 	 6660 	 0.883641 	 385.546 	 1130 	 1406.54 	 1130.75 	 0.105263 	 1274.5 	 1409.65 	 574.519 	 0.408461 	 107 	 262 	 319.963 	 -90.0569 	 3 	 1110.2 	 0.229523 	 21.5693 	 9.01056 	 15.1149 	 5.62298 	 57 	 5 	 35.6667 	 27.2274 	 25.0796 	 -13.8922 	 50.3186 	 0.309105 	 162.788 	 135 	 449 	 298.548 	 -34.0776 	 2 	 504.403 	 0.10428 	 40.7289 	 40.7289 	 40.7289 	 0 	 68 	 67 	 67.5 	 0.707107 	  Tumour 
56 	 1022.2 	 461.939 	 896.462 	 90.3549 	 3266 	 77.4658 	 54.4766 	 0.710958 	 0.962854 	 229.765 	 769.34 	 289.537 	 0.376345 	 473.992 	 647.766 	 5374 	 0.952162 	 304.534 	 1341.93 	 1053.83 	 778.038 	 0 	 0 	 0 	 330.584 	 0.313696 	 0 	 0 	 NaN 	 NaN 	 0 	 0 	 0 	 NaN 	 NaN 	 NaN 	 NaN 	 0 	 0 	 NaN 	 NaN 	 111.639 	 70.8739 	 63.8198 	 0.255947 	 249.348 	 0 	 0 	 NaN 	 NaN 	 0 	 0 	 0 	 NaN 	 NaN 	 NaN 	 NaN 	 0 	 0 	 NaN 	 NaN 	  Tumour 
57 	 1085.11 	 61.9899 	 1061.39 	 262.383 	 1877 	 56.5937 	 44.7229 	 0.612791 	 0.94798 	 174.167 	 821.916 	 353.92 	 0.430603 	 603.635 	 700.342 	 2499 	 0.934905 	 202.066 	 573.958 	 473.684 	 197.888 	 0 	 0 	 471.833 	 238.257 	 0.502986 	 0 	 0 	 NaN 	 NaN 	 0 	 0 	 0 	 NaN 	 NaN 	 NaN 	 NaN 	 0 	 0 	 NaN 	 NaN 	 -22.3201 	 28.235 	 30.3336 	 0.262883 	 115.388 	 0 	 0 	 NaN 	 NaN 	 0 	 0 	 0 	 NaN 	 NaN 	 NaN 	 NaN 	 0 	 0 	 NaN 	 NaN 	  Other 
58 	 1100.88 	 321.154 	 1057.05 	 75.5844 	 3416 	 76.4564 	 58.92 	 0.637275 	 0.963883 	 234.853 	 970.544 	 451.974 	 0.465692 	 715.645 	 848.97 	 3905 	 0.931536 	 269.966 	 969.891 	 960.775 	 684.979 	 0.182203 	 1377.98 	 915.676 	 535.261 	 0.557113 	 102 	 179 	 385.804 	 -24.2156 	 2 	 848.871 	 0.248499 	 13.9701 	 13.9701 	 13.9701 	 0 	 60 	 42 	 51 	 12.7279 	 44.9581 	 40.61 	 37.7526 	 0.206675 	 182.667 	 472 	 918 	 423.519 	 90.8934 	 6 	 991.038 	 0.290117 	 30.9745 	 9.09673 	 19.1131 	 6.42462 	 146 	 46 	 78.6667 	 40.6923 	  DCIS 
59 	 1111.74 	 469.786 	 1084.85 	 90.3549 	 2421 	 64.296 	 48.4608 	 0.657203 	 0.973071 	 192.752 	 774.251 	 318.964 	 0.411964 	 482.067 	 652.677 	 2889 	 0.974696 	 207.581 	 754.95 	 636.486 	 360.69 	 0.0614525 	 753.182 	 634.934 	 94.8544 	 0.149028 	 62 	 167 	 404.306 	 -5.71303 	 2 	 685.058 	 0.282965 	 20.4366 	 20.4366 	 20.4366 	 0 	 38 	 24 	 31 	 9.89949 	 26.3229 	 32.1362 	 23.107 	 0.140869 	 164.031 	 0 	 0 	 NaN 	 NaN 	 0 	 0 	 0 	 NaN 	 NaN 	 NaN 	 NaN 	 0 	 0 	 NaN 	 NaN 	  DCIS 
60 	 1118.83 	 29.029 	 1101.59 	 266.811 	 1310 	 57.7435 	 29.6589 	 0.858011 	 0.957602 	 149.095 	 620.323 	 230.44 	 0.371483 	 409.702 	 498.749 	 1801 	 0.957979 	 176.066 	 499.966 	 490.786 	 214.99 	 0.00689655 	 427 	 492.232 	 154.444 	 0.314688 	 0 	 0 	 NaN 	 NaN 	 0 	 0 	 0 	 NaN 	 NaN 	 NaN 	 NaN 	 0 	 0 	 NaN 	 NaN 	 -30.5207 	 5.32444 	 22.7896 	 0.212613 	 107.188 	 0 	 0 	 NaN 	 NaN 	 0 	 0 	 0 	 NaN 	 NaN 	 NaN 	 NaN 	 0 	 0 	 NaN 	 NaN 	  Other 
61 	 1161.06 	 999.607 	 1322.46 	 142.678 	 4527 	 76.4255 	 75.6735 	 0.139936 	 0.982209 	 257.522 	 1118.02 	 502.848 	 0.449768 	 879.543 	 996.443 	 5182 	 0.981254 	 273.865 	 504.282 	 396.08 	 120.284 	 0 	 0 	 0 	 111.41 	 0.281282 	 100 	 116 	 341.68 	 -68.3395 	 1 	 0 	 0 	 NaN 	 NaN 	 NaN 	 NaN 	 100 	 100 	 100 	 0 	 -6.60867 	 24.6076 	 27.2368 	 0.207756 	 131.1 	 145 	 321 	 334.145 	 1.51913 	 2 	 280.776 	 0.0620225 	 23.4564 	 23.4564 	 23.4564 	 0 	 81 	 64 	 72.5 	 12.0208 	  Tumour 
62 	 1152.27 	 456.758 	 1122.02 	 130.096 	 636 	 35.0997 	 23.3141 	 0.747532 	 0.953523 	 99.2548 	 562.544 	 117.466 	 0.208812 	 201.014 	 440.97 	 800 	 0.936768 	 110.912 	 593.31 	 619.438 	 343.641 	 0.104167 	 766.6 	 613.984 	 74.3889 	 0.120091 	 0 	 0 	 NaN 	 NaN 	 0 	 0 	 0 	 NaN 	 NaN 	 NaN 	 NaN 	 0 	 0 	 NaN 	 NaN 	 -24.7777 	 -10.3597 	 8.88252 	 0.0786545 	 112.931 	 0 	 0 	 NaN 	 NaN 	 0 	 0 	 0 	 NaN 	 NaN 	 NaN 	 NaN 	 0 	 0 	 NaN 	 NaN 	  Other 
63 	 1178.25 	 252.959 	 1133.19 	 89.0225 	 1452 	 52.2709 	 35.7308 	 0.729886 	 0.964143 	 149.782 	 664.032 	 191.31 	 0.288104 	 263.454 	 542.458 	 2536 	 0.946622 	 202.409 	 1024.33 	 982.11 	 706.313 	 0.104046 	 1192.72 	 967.723 	 293.073 	 0.298412 	 9 	 9 	 270.778 	 -139.242 	 1 	 0 	 0 	 NaN 	 NaN 	 NaN 	 NaN 	 9 	 9 	 9 	 0 	 31.1055 	 7.13231 	 40.8509 	 0.241988 	 168.814 	 0 	 0 	 NaN 	 NaN 	 0 	 0 	 0 	 NaN 	 NaN 	 NaN 	 NaN 	 0 	 0 	 NaN 	 NaN 	  DCIS 
64 	 1218.43 	 278.216 	 1173.01 	 55.9464 	 1526 	 56.6332 	 34.6224 	 0.791364 	 0.95614 	 156.125 	 742.004 	 231.091 	 0.311442 	 383.637 	 620.43 	 2070 	 0.907895 	 204.267 	 1393.26 	 1405.28 	 1129.48 	 0.26257 	 1598.06 	 1371.37 	 363.624 	 0.258755 	 0 	 0 	 NaN 	 NaN 	 0 	 0 	 0 	 NaN 	 NaN 	 NaN 	 NaN 	 0 	 0 	 NaN 	 NaN 	 151.563 	 50.0661 	 27.1708 	 0.0939283 	 289.271 	 93 	 95 	 379.301 	 46.6754 	 1 	 0 	 0 	 NaN 	 NaN 	 NaN 	 NaN 	 93 	 93 	 93 	 0 	  DCIS 
65 	 1267.29 	 251.141 	 1069.76 	 55.9464 	 4506 	 87.0888 	 66.3911 	 0.64718 	 0.970702 	 262.693 	 1154.24 	 545.409 	 0.472527 	 844.72 	 1032.66 	 5161 	 0.952214 	 291.664 	 1428.89 	 1233.94 	 958.147 	 0.140562 	 1707.37 	 1192.87 	 490.785 	 0.397737 	 0 	 0 	 NaN 	 NaN 	 0 	 0 	 0 	 NaN 	 NaN 	 NaN 	 NaN 	 0 	 0 	 NaN 	 NaN 	 94.655 	 47.7292 	 45.5857 	 0.196183 	 232.364 	 132 	 360 	 337.5 	 4.8743 	 2 	 907.426 	 0.201382 	 28.7745 	 28.7745 	 28.7745 	 0 	 68 	 64 	 66 	 2.82843 	  Tumour 
66 	 1249.65 	 368.367 	 1208.66 	 118.229 	 974 	 49.8167 	 25.7013 	 0.856639 	 0.916275 	 130.811 	 666.345 	 213.547 	 0.320474 	 417.87 	 544.771 	 1389 	 0.919868 	 154.953 	 749.347 	 733.94 	 458.143 	 0.165414 	 678.909 	 739.762 	 179.593 	 0.244697 	 0 	 0 	 NaN 	 NaN 	 0 	 0 	 0 	 NaN 	 NaN 	 NaN 	 NaN 	 0 	 0 	 NaN 	 NaN 	 0.592308 	 6.03004 	 14.2083 	 0.102735 	 138.301 	 0 	 0 	 NaN 	 NaN 	 0 	 0 	 0 	 NaN 	 NaN 	 NaN 	 NaN 	 0 	 0 	 NaN 	 NaN 	  DCIS 
67 	 1254.53 	 464.617 	 1224.98 	 214.336 	 1352 	 44.5413 	 38.9669 	 0.484397 	 0.963649 	 139.983 	 795.064 	 313.534 	 0.39435 	 513.212 	 673.49 	 1711 	 0.978273 	 154.468 	 586.678 	 545.215 	 269.418 	 0 	 0 	 0 	 93.26 	 0.171052 	 0 	 0 	 NaN 	 NaN 	 0 	 0 	 0 	 NaN 	 NaN 	 NaN 	 NaN 	 0 	 0 	 NaN 	 NaN 	 -1.4023 	 10.1553 	 12.649 	 0.0927986 	 136.306 	 0 	 0 	 NaN 	 NaN 	 0 	 0 	 0 	 NaN 	 NaN 	 NaN 	 NaN 	 0 	 0 	 NaN 	 NaN 	  DCIS 
68 	 1256.41 	 543.602 	 1240.73 	 247.952 	 806 	 42.6026 	 24.2438 	 0.82229 	 0.971084 	 111.74 	 519.617 	 155.78 	 0.299798 	 287.428 	 398.042 	 1163 	 0.972408 	 131.054 	 618.774 	 563.607 	 287.811 	 0 	 0 	 0 	 154.633 	 0.274363 	 50 	 52 	 307.82 	 -102.199 	 1 	 0 	 0 	 NaN 	 NaN 	 NaN 	 NaN 	 50 	 50 	 50 	 0 	 11.9168 	 25.7011 	 24.5901 	 0.164345 	 149.625 	 103 	 109 	 281.66 	 -50.9655 	 1 	 0 	 0 	 NaN 	 NaN 	 NaN 	 NaN 	 103 	 103 	 103 	 0 	  DCIS 
69 	 1277.13 	 346.204 	 1234.1 	 95.5249 	 1241 	 42.7629 	 37.1333 	 0.495946 	 0.968019 	 133.882 	 634.919 	 194.092 	 0.305696 	 396.748 	 513.344 	 1563 	 0.976265 	 147.054 	 668.988 	 598.516 	 322.719 	 0.125 	 680.875 	 596.125 	 98.4388 	 0.164471 	 0 	 0 	 0 	 -410.019 	 0 	 0 	 0 	 NaN 	 NaN 	 NaN 	 NaN 	 0 	 0 	 NaN 	 NaN 	 13.4212 	 15.4675 	 20.9944 	 0.138916 	 151.13 	 59 	 59 	 298.373 	 -34.2528 	 1 	 0 	 0 	 NaN 	 NaN 	 NaN 	 NaN 	 59 	 59 	 59 	 0 	  DCIS 
70 	 1294.73 	 950.688 	 1421.56 	 142.678 	 4672 	 124.656 	 54.6907 	 0.898618 	 0.871642 	 317.948 	 833.683 	 312.18 	 0.374459 	 601.418 	 712.109 	 5490 	 0.884628 	 342.191 	 525.103 	 474.224 	 198.428 	 0 	 0 	 0 	 130.403 	 0.274981 	 0 	 0 	 0 	 -410.019 	 0 	 0 	 0 	 NaN 	 NaN 	 NaN 	 NaN 	 0 	 0 	 NaN 	 NaN 	 2.61019 	 15.8259 	 22.7044 	 0.161806 	 140.319 	 61 	 63 	 255.344 	 -77.2814 	 1 	 0 	 0 	 NaN 	 NaN 	 NaN 	 NaN 	 61 	 61 	 61 	 0 	  DCIS 
71 	 1307.74 	 585.646 	 1300.97 	 311.724 	 2017 	 54.8267 	 46.9308 	 0.517002 	 0.982943 	 167.681 	 783.053 	 305.672 	 0.390359 	 560.475 	 661.478 	 2439 	 0.98825 	 182.267 	 573.624 	 488.975 	 213.178 	 0 	 0 	 0 	 81.4745 	 0.166623 	 0 	 0 	 0 	 -410.019 	 0 	 0 	 0 	 NaN 	 NaN 	 NaN 	 NaN 	 0 	 0 	 NaN 	 NaN 	 -31.8136 	 2.42928 	 12.9389 	 0.122186 	 105.895 	 0 	 0 	 NaN 	 NaN 	 0 	 0 	 0 	 NaN 	 NaN 	 NaN 	 NaN 	 0 	 0 	 NaN 	 NaN 	  DCIS 
72 	 1331.83 	 158.322 	 1292.22 	 113.464 	 2018 	 58.5185 	 44.4066 	 0.651269 	 0.965088 	 173.196 	 1117.72 	 491.523 	 0.439757 	 529.784 	 996.142 	 2629 	 0.935587 	 215.622 	 702.502 	 636.506 	 360.709 	 0 	 0 	 0 	 251.916 	 0.39578 	 0 	 0 	 0 	 -410.019 	 0 	 0 	 0 	 NaN 	 NaN 	 NaN 	 NaN 	 0 	 0 	 NaN 	 NaN 	 1.26274 	 21.799 	 30.1878 	 0.217223 	 138.971 	 75 	 78 	 288.827 	 -43.799 	 1 	 0 	 0 	 NaN 	 NaN 	 NaN 	 NaN 	 75 	 75 	 75 	 0 	  DCIS 
73 	 1343.32 	 656.854 	 1353.33 	 375.588 	 432 	 25.3509 	 22.2913 	 0.476247 	 0.957871 	 79.598 	 538.206 	 206.499 	 0.38368 	 329.81 	 416.632 	 808 	 0.942824 	 127.882 	 551.6 	 521.315 	 245.518 	 0 	 0 	 0 	 111.124 	 0.213161 	 0 	 0 	 0 	 -410.019 	 0 	 0 	 0 	 NaN 	 NaN 	 NaN 	 NaN 	 0 	 0 	 NaN 	 NaN 	 -13.2942 	 5.93678 	 11.7977 	 0.0948257 	 124.414 	 0 	 0 	 NaN 	 NaN 	 0 	 0 	 0 	 NaN 	 NaN 	 NaN 	 NaN 	 0 	 0 	 NaN 	 NaN 	  Other 
74 	 1364.28 	 45.5582 	 1338.56 	 226.791 	 1831 	 49.6064 	 47.4898 	 0.288996 	 0.959141 	 170.752 	 839.824 	 356.663 	 0.424687 	 510.928 	 718.25 	 2213 	 0.97618 	 177.095 	 510.666 	 423.013 	 147.217 	 0 	 0 	 0 	 98.6287 	 0.233157 	 0 	 0 	 0 	 -410.019 	 0 	 0 	 0 	 NaN 	 NaN 	 NaN 	 NaN 	 0 	 0 	 NaN 	 NaN 	 -33.9783 	 12.5949 	 23.3571 	 0.225172 	 103.73 	 80 	 82 	 267.15 	 -65.4757 	 1 	 0 	 0 	 NaN 	 NaN 	 NaN 	 NaN 	 80 	 80 	 80 	 0 	  DCIS 
