rownames 	XLoc 	YLoc 	NNDistSame 	NNDistOpp 	dapi_Area 	dapi_MajorAxisLength 	dapi_MinorAxisLength 	dapi_Eccentricity 	dapi_Solidity 	dapi_Perimeter 	dapi_MeanIntensity 	dapi_PixelSD 	dapi_PixelCV 	dapi_NucAdjustedInt 	dapi_BackAdjustedInt 	memb_Area 	memb_Solidity 	memb_Perimeter 	memb_MeanIntensity 	memb_MembraneIntensity 	memb_temp 	memb_pcTouch 	memb_OverLapIntensity 	memb_nonLapIntensity 	memb_PixelSD 	memb_PixelCV 	cent_Area 	cent_ConvexArea 	cent_MeanIntensity 	cent_BackAdjustedInt 	cent_CN 	cent_AreaSD 	cent_CoeffVar 	cent_MaxSpotDist 	cent_MinSpotDist 	cent_MeanSpotDist 	cent_SDSpotDist 	cent_SpotAreaMax 	cent_SpotAreaMin 	cent_SpotAreaMean 	cent_SpotAreaSD 	nucl_BackgroundAdjust 	nucl_NuclearAdjustedInt 	nucl_PixelSD 	nucl_PixelCV 	nucl_MeanIntensity 	Her2_Area 	Her2_ConvexArea 	Her2_MeanIntensity 	Her2_BackAdjustedInt 	Her2_CN 	Her2_AreaSD 	Her2_CoeffVar 	Her2_MaxSpotDist 	Her2_MinSpotDist 	Her2_MeanSpotDist 	Her2_SDSpotDist 	Her2_SpotAreaMax 	Her2_SpotAreaMin 	Her2_SpotAreaMean 	Her2_SpotAreaSD 	CellLabels 	
1 	 65.0808 	 44.4383 	 115.109 	 257.793 	 5393 	 119.863 	 60.8317 	 0.861646 	 0.913294 	 326.35 	 1254.08 	 527.776 	 0.420848 	 475.9 	 1128.31 	 6276 	 0.909038 	 344.492 	 708.857 	 592.322 	 478.931 	 0 	 0 	 0 	 169.356 	 0.285919 	 57 	 58 	 265.158 	 18.2145 	 1 	 0 	 0 	 NaN 	 NaN 	 NaN 	 NaN 	 57 	 57 	 57 	 0 	 134.037 	 -93.9808 	 35.2052 	 0.163699 	 215.06 	 111 	 150 	 299.378 	 -76.2536 	 1 	 0 	 0 	 NaN 	 NaN 	 NaN 	 NaN 	 111 	 111 	 111 	 0 	  Tumour 
2 	 64.387 	 850.808 	 129.252 	 190.118 	 6783 	 117.446 	 84.9598 	 0.690434 	 0.837304 	 400.777 	 1195.98 	 553.001 	 0.462384 	 369.621 	 1070.21 	 13522 	 0.826579 	 615.026 	 1177.37 	 1429.8 	 1316.41 	 0.24952 	 1629.62 	 1385.05 	 473.826 	 0.331393 	 93 	 97 	 248.667 	 1.72327 	 1 	 0 	 0 	 NaN 	 NaN 	 NaN 	 NaN 	 93 	 93 	 93 	 0 	 247.472 	 -37.9801 	 32.2265 	 0.0981037 	 328.495 	 172 	 290 	 361.843 	 -13.789 	 2 	 1894.99 	 0.279373 	 21.1333 	 21.1333 	 21.1333 	 0 	 143 	 29 	 86 	 80.6102 	  Tumour 
3 	 101.993 	 152.795 	 115.109 	 183.992 	 5626 	 105.985 	 69.5782 	 0.754336 	 0.96534 	 302.35 	 1315.08 	 520.125 	 0.395507 	 337.185 	 1189.32 	 7458 	 0.88638 	 401.505 	 1091.6 	 1107.47 	 994.079 	 0.135838 	 1393.04 	 1090.59 	 736.872 	 0.665365 	 65 	 67 	 274.015 	 27.072 	 1 	 0 	 0 	 NaN 	 NaN 	 NaN 	 NaN 	 65 	 65 	 65 	 0 	 404.594 	 64.8402 	 153.787 	 0.316685 	 485.616 	 220 	 833 	 322.505 	 -53.1275 	 4 	 252.06 	 0.0448027 	 45.9468 	 10.2137 	 28.1081 	 12.5389 	 73 	 39 	 55 	 16.1452 	  Tumour 
4 	 122.518 	 736.377 	 694.426 	 118.004 	 8373 	 165.879 	 67.8302 	 0.912573 	 0.903626 	 436.96 	 1193.66 	 533.478 	 0.446927 	 647.789 	 1067.89 	 11869 	 0.780291 	 638.642 	 1086.05 	 1198.43 	 1085.04 	 0.161818 	 1766.42 	 1139.22 	 529.673 	 0.441972 	 138 	 199 	 247.848 	 0.90443 	 2 	 5379.15 	 0.64244 	 13.151 	 13.151 	 13.151 	 0 	 91 	 47 	 69 	 31.1127 	 174.444 	 -33.1416 	 62.0989 	 0.243081 	 255.466 	 251 	 3236 	 325.932 	 -49.6997 	 5 	 1545.42 	 0.184572 	 109.883 	 17.305 	 63.8796 	 36.1058 	 65 	 36 	 50.2 	 10.9864 	  Tumour 
5 	 105.15 	 634.362 	 591.354 	 188.831 	 4497 	 84.6425 	 68.4146 	 0.588802 	 0.980807 	 257.421 	 1239.42 	 637.513 	 0.514362 	 883.711 	 1113.66 	 5146 	 0.984692 	 271.179 	 435.215 	 440.823 	 327.431 	 0 	 0 	 0 	 228.483 	 0.51831 	 52 	 63 	 375.269 	 128.326 	 1 	 0 	 0 	 NaN 	 NaN 	 NaN 	 NaN 	 52 	 52 	 52 	 0 	 87.601 	 11.7266 	 31.3346 	 0.185826 	 168.623 	 89 	 529 	 356.101 	 -19.5309 	 2 	 184.971 	 0.0411322 	 51.4045 	 51.4045 	 51.4045 	 0 	 64 	 25 	 44.5 	 27.5772 	  Tumour 
6 	 111.245 	 397.889 	 356.976 	 52.3546 	 3878 	 87.4244 	 57.5692 	 0.752578 	 0.936715 	 259.765 	 997.121 	 348.872 	 0.349879 	 511.353 	 871.357 	 5476 	 0.801405 	 379.262 	 1515.12 	 1444.91 	 1331.52 	 0.249231 	 1503.81 	 1424.86 	 543.931 	 0.376447 	 51 	 52 	 222.176 	 -24.7669 	 1 	 0 	 0 	 NaN 	 NaN 	 NaN 	 NaN 	 51 	 51 	 51 	 0 	 471.128 	 148.031 	 83.4566 	 0.151148 	 552.15 	 268 	 424 	 327.451 	 -48.1805 	 2 	 2279.3 	 0.587751 	 21.8203 	 21.8203 	 21.8203 	 0 	 190 	 78 	 134 	 79.196 	  Tumour 
7 	 128.004 	 527.351 	 487.091 	 107.968 	 3925 	 96.0172 	 56.8726 	 0.805705 	 0.931419 	 267.279 	 2016.44 	 544.922 	 0.27024 	 1354.36 	 1890.67 	 8100 	 0.953614 	 376.919 	 493.447 	 463.885 	 350.493 	 0 	 0 	 0 	 114.084 	 0.245933 	 94 	 132 	 175.787 	 -71.1562 	 2 	 884.601 	 0.225376 	 9.06006 	 9.06006 	 9.06006 	 0 	 47 	 47 	 47 	 0 	 98.4421 	 8.59798 	 24.6498 	 0.137352 	 179.464 	 184 	 669 	 259.391 	 -116.241 	 3 	 904.967 	 0.230565 	 43.898 	 11.848 	 30.6374 	 14.9593 	 69 	 56 	 61.3333 	 6.80686 	  Tumour 
8 	 207.437 	 330.489 	 319.312 	 105.589 	 11062 	 174.126 	 82.4498 	 0.88079 	 0.929189 	 476.517 	 1317.56 	 472.625 	 0.358713 	 777.683 	 1191.8 	 7685 	 0.884452 	 402.233 	 1550.24 	 1918.95 	 1805.56 	 0.450292 	 2022.69 	 1872.46 	 709.649 	 0.369811 	 155 	 1777 	 280.432 	 33.4889 	 3 	 1477.71 	 0.133584 	 124.498 	 61.5107 	 83.7046 	 31.6391 	 55 	 48 	 51.6667 	 3.51188 	 491.946 	 80.6704 	 78.1923 	 0.136469 	 572.968 	 808 	 4139 	 410.864 	 35.2319 	 9 	 2569.87 	 0.232315 	 112.43 	 9.81459 	 51.0527 	 27.3149 	 254 	 42 	 89.7778 	 73.4077 	  Tumour 
9 	 156.762 	 422.502 	 248.685 	 52.3546 	 1290 	 52.5791 	 31.4027 	 0.802057 	 0.966292 	 141.054 	 722.704 	 162.783 	 0.225241 	 115.883 	 596.94 	 2234 	 0.966263 	 187.782 	 832.4 	 1220.96 	 1107.57 	 0.721212 	 1534.03 	 1037.81 	 625.372 	 0.512195 	 0 	 0 	 NaN 	 NaN 	 0 	 0 	 0 	 NaN 	 NaN 	 NaN 	 NaN 	 0 	 0 	 NaN 	 NaN 	 208.573 	 -165.68 	 40.5588 	 0.140054 	 289.595 	 54 	 54 	 201 	 -174.632 	 1 	 0 	 0 	 NaN 	 NaN 	 NaN 	 NaN 	 54 	 54 	 54 	 0 	  Other 
10 	 233.995 	 835.215 	 808.852 	 65.0308 	 9262 	 198.819 	 69.744 	 0.936453 	 0.78233 	 519.688 	 1857.15 	 679.738 	 0.366012 	 914.268 	 1731.38 	 17287 	 0.809089 	 736.323 	 1307.24 	 1325.55 	 1212.16 	 0.373591 	 1472.24 	 1279.91 	 388.662 	 0.293208 	 222 	 1065 	 273.495 	 26.5521 	 3 	 347.403 	 0.0375084 	 89.7246 	 9.21954 	 59.8194 	 39.4103 	 108 	 57 	 74 	 29.4449 	 274.051 	 -10.7077 	 37.2234 	 0.104833 	 355.073 	 548 	 4434 	 443.743 	 68.1107 	 6 	 3749.94 	 0.404874 	 132.543 	 17.4486 	 65.0246 	 32.3864 	 175 	 18 	 91.3333 	 68.0666 	  Tumour 
11 	 172.277 	 147.357 	 148.519 	 116.76 	 2804 	 76.6096 	 49.1225 	 0.767369 	 0.939678 	 223.865 	 959.851 	 360.703 	 0.37579 	 558.183 	 834.087 	 3584 	 0.933333 	 259.279 	 1188.56 	 1459.43 	 1346.04 	 0.675676 	 1530.85 	 1415.26 	 266.819 	 0.182824 	 0 	 0 	 NaN 	 NaN 	 0 	 0 	 0 	 NaN 	 NaN 	 NaN 	 NaN 	 0 	 0 	 NaN 	 NaN 	 394.72 	 116.95 	 89.6027 	 0.188343 	 475.742 	 170 	 247 	 295.641 	 -79.9908 	 2 	 539.099 	 0.192261 	 16.5069 	 16.5069 	 16.5069 	 0 	 135 	 35 	 85 	 70.7107 	  Tumour 
12 	 203.393 	 188.353 	 199.449 	 81.3941 	 2944 	 75.4318 	 52.6439 	 0.716194 	 0.9349 	 229.48 	 1335.71 	 527.595 	 0.394993 	 735.272 	 1209.94 	 3364 	 0.86146 	 274.25 	 1632.39 	 1715.52 	 1602.13 	 0.788793 	 1713.91 	 1713.69 	 428.759 	 0.24993 	 49 	 51 	 292.918 	 45.975 	 1 	 0 	 0 	 NaN 	 NaN 	 NaN 	 NaN 	 49 	 49 	 49 	 0 	 451.019 	 91.1494 	 84.8013 	 0.159389 	 532.041 	 349 	 454 	 437.536 	 61.9038 	 1 	 0 	 0 	 NaN 	 NaN 	 NaN 	 NaN 	 349 	 349 	 349 	 0 	  Tumour 
13 	 219.899 	 430.895 	 416.886 	 63.5059 	 3157 	 75.5191 	 53.7946 	 0.701843 	 0.970787 	 217.681 	 1783.25 	 566.478 	 0.317665 	 979.589 	 1657.49 	 5980 	 0.843918 	 366.434 	 1584.61 	 1585.51 	 1472.12 	 0.587859 	 1954.77 	 1418.34 	 656.087 	 0.413803 	 61 	 64 	 350.066 	 103.122 	 1 	 0 	 0 	 NaN 	 NaN 	 NaN 	 NaN 	 61 	 61 	 61 	 0 	 752.241 	 174.997 	 133.362 	 0.160048 	 833.263 	 226 	 515 	 453.381 	 77.7485 	 2 	 454.547 	 0.143981 	 36.1153 	 36.1153 	 36.1153 	 0 	 156 	 70 	 113 	 60.8112 	  Tumour 
14 	 228.319 	 237.903 	 253.387 	 80.6226 	 3747 	 88.552 	 56.1863 	 0.772923 	 0.96622 	 249.823 	 2039.51 	 524.665 	 0.257251 	 1124.64 	 1913.74 	 8272 	 0.869913 	 436.132 	 1953.19 	 2009.34 	 1895.95 	 0.548128 	 1903.73 	 2049.47 	 648.622 	 0.322803 	 0 	 0 	 NaN 	 NaN 	 0 	 0 	 0 	 NaN 	 NaN 	 NaN 	 NaN 	 0 	 0 	 NaN 	 NaN 	 682.152 	 180.83 	 113.478 	 0.148692 	 763.175 	 335 	 1259 	 420.43 	 44.7979 	 3 	 1639.7 	 0.437604 	 48.1942 	 18.5011 	 36.7553 	 14.29 	 235 	 30 	 111.667 	 108.666 	  Tumour 
15 	 239.952 	 100.768 	 184.049 	 90.4268 	 4682 	 90.7635 	 70.2708 	 0.632917 	 0.889945 	 305.806 	 1233.01 	 602.262 	 0.488451 	 861.358 	 1107.24 	 7952 	 0.884243 	 415.99 	 1028.62 	 1025.59 	 912.203 	 0.449721 	 1199.14 	 961.218 	 373.299 	 0.363983 	 74 	 269 	 242.311 	 -4.63259 	 2 	 1181.4 	 0.252328 	 31.965 	 31.965 	 31.965 	 0 	 37 	 37 	 37 	 0 	 197.153 	 12.9043 	 71.5121 	 0.257076 	 278.175 	 138 	 464 	 256.406 	 -119.226 	 3 	 1375.44 	 0.293771 	 26.4681 	 12.9903 	 21.3255 	 6.51507 	 49 	 40 	 46 	 5.19615 	  Tumour 
16 	 236.213 	 770.425 	 254.515 	 65.0308 	 998 	 55.3428 	 24.1067 	 0.900146 	 0.939736 	 138.912 	 719.539 	 170.307 	 0.23669 	 305.194 	 593.775 	 2513 	 0.848127 	 300.978 	 1155.58 	 1336.43 	 1223.04 	 0.517647 	 1409.37 	 1297.6 	 466.937 	 0.349391 	 0 	 0 	 NaN 	 NaN 	 0 	 0 	 0 	 NaN 	 NaN 	 NaN 	 NaN 	 0 	 0 	 NaN 	 NaN 	 233.811 	 -4.38776 	 37.978 	 0.120629 	 314.834 	 0 	 0 	 NaN 	 NaN 	 0 	 0 	 0 	 NaN 	 NaN 	 NaN 	 NaN 	 0 	 0 	 NaN 	 NaN 	  Other 
17 	 271.935 	 362.624 	 380.276 	 129.711 	 5048 	 109.651 	 62.2583 	 0.823176 	 0.928624 	 313.22 	 1597.99 	 536.522 	 0.335748 	 816.799 	 1472.22 	 7325 	 0.853531 	 448.215 	 1865.01 	 1968.79 	 1855.4 	 0.544236 	 2044.31 	 1924.04 	 426.209 	 0.216482 	 42 	 43 	 318.619 	 71.6757 	 1 	 0 	 0 	 NaN 	 NaN 	 NaN 	 NaN 	 42 	 42 	 42 	 0 	 577.625 	 42.3651 	 72.7623 	 0.110472 	 658.647 	 364 	 859 	 482.547 	 106.915 	 2 	 2006.31 	 0.397447 	 47.545 	 47.545 	 47.545 	 0 	 320 	 44 	 182 	 195.161 	  Tumour 
18 	 295.284 	 114.838 	 240.709 	 65.9242 	 3164 	 84.5326 	 56.4924 	 0.7439 	 0.790802 	 277.966 	 1106.08 	 385.774 	 0.348775 	 634.89 	 980.319 	 4145 	 0.75077 	 370.534 	 1220.74 	 1230.61 	 1117.22 	 0.618012 	 1391.76 	 1149.69 	 429.384 	 0.34892 	 0 	 0 	 NaN 	 NaN 	 0 	 0 	 0 	 NaN 	 NaN 	 NaN 	 NaN 	 0 	 0 	 NaN 	 NaN 	 233.23 	 -8.56855 	 50.8698 	 0.161876 	 314.253 	 67 	 76 	 351.463 	 -24.1693 	 1 	 0 	 0 	 NaN 	 NaN 	 NaN 	 NaN 	 67 	 67 	 67 	 0 	  Tumour 
19 	 303.126 	 50.2566 	 238.076 	 131.381 	 3827 	 78.3238 	 63.5372 	 0.584752 	 0.951517 	 253.622 	 1423.96 	 764.318 	 0.536756 	 1075.6 	 1298.19 	 4541 	 0.94329 	 273.137 	 786.284 	 822.508 	 709.117 	 0.15 	 1140.22 	 798.559 	 365.038 	 0.443811 	 48 	 50 	 294.104 	 47.1608 	 1 	 0 	 0 	 NaN 	 NaN 	 NaN 	 NaN 	 48 	 48 	 48 	 0 	 157.257 	 41.8303 	 62.6141 	 0.262776 	 238.279 	 492 	 1179 	 347.189 	 -28.443 	 4 	 539.516 	 0.140976 	 38.2976 	 14.6297 	 23.5079 	 7.95167 	 219 	 53 	 123 	 82.2314 	  Tumour 
20 	 306.052 	 415.971 	 443.244 	 149.164 	 3608 	 91.8305 	 51.4616 	 0.828224 	 0.923471 	 259.137 	 1330.34 	 611 	 0.45928 	 665.252 	 1204.58 	 4363 	 0.920853 	 291.907 	 1441.27 	 1622.67 	 1509.27 	 0.548387 	 1840.1 	 1526.97 	 440.912 	 0.271721 	 0 	 0 	 NaN 	 NaN 	 0 	 0 	 0 	 NaN 	 NaN 	 NaN 	 NaN 	 0 	 0 	 NaN 	 NaN 	 484.329 	 93.4638 	 89.792 	 0.158825 	 565.352 	 149 	 159 	 510.362 	 134.73 	 1 	 0 	 0 	 NaN 	 NaN 	 NaN 	 NaN 	 149 	 149 	 149 	 0 	  Tumour 
21 	 296.509 	 729.326 	 723.221 	 73.4983 	 4307 	 128.988 	 52.9969 	 0.911696 	 0.78167 	 337.22 	 804.696 	 208.414 	 0.258997 	 341.055 	 678.932 	 6001 	 0.713895 	 434.174 	 1082.09 	 1172.46 	 1059.07 	 0.254795 	 1332.48 	 1147.68 	 457.526 	 0.390226 	 0 	 0 	 NaN 	 NaN 	 0 	 0 	 0 	 NaN 	 NaN 	 NaN 	 NaN 	 0 	 0 	 NaN 	 NaN 	 199.098 	 27.3029 	 44.2338 	 0.15791 	 280.121 	 0 	 0 	 NaN 	 NaN 	 0 	 0 	 0 	 NaN 	 NaN 	 NaN 	 NaN 	 0 	 0 	 NaN 	 NaN 	  Tumour 
22 	 284.073 	 179.837 	 274.186 	 55.1453 	 522 	 26.5619 	 25.1994 	 0.316164 	 0.966667 	 84.669 	 860.295 	 294.725 	 0.342585 	 454.949 	 734.531 	 1172 	 0.85798 	 157.196 	 1253.81 	 1317.07 	 1203.68 	 0.835821 	 1421.71 	 1233.69 	 340.931 	 0.258856 	 0 	 0 	 NaN 	 NaN 	 0 	 0 	 0 	 NaN 	 NaN 	 NaN 	 NaN 	 0 	 0 	 NaN 	 NaN 	 281.924 	 61.872 	 51.1895 	 0.141039 	 362.946 	 0 	 0 	 NaN 	 NaN 	 0 	 0 	 0 	 NaN 	 NaN 	 NaN 	 NaN 	 0 	 0 	 NaN 	 NaN 	  Other 
23 	 331.188 	 275.042 	 352.302 	 105.991 	 4381 	 78.3571 	 72.8075 	 0.369639 	 0.958853 	 262.108 	 890.824 	 277.381 	 0.311376 	 508.617 	 765.06 	 5829 	 0.902462 	 360.434 	 1302.36 	 1590.11 	 1476.72 	 0.371336 	 1981.43 	 1489.84 	 600.56 	 0.377685 	 43 	 45 	 221.023 	 -25.9201 	 1 	 0 	 0 	 NaN 	 NaN 	 NaN 	 NaN 	 43 	 43 	 43 	 0 	 292.861 	 -2.08425 	 75.8555 	 0.202885 	 373.884 	 524 	 1207 	 263.351 	 -112.281 	 4 	 955.2 	 0.218032 	 30.4126 	 10.5419 	 21.7692 	 7.1131 	 369 	 48 	 131 	 158.714 	  Tumour 
24 	 339.125 	 176.054 	 304.138 	 55.1453 	 4879 	 97.6913 	 64.1116 	 0.754529 	 0.97541 	 276.451 	 1219.86 	 432.063 	 0.354192 	 785.443 	 1094.09 	 8803 	 0.873487 	 486.174 	 1727.59 	 1590.75 	 1477.35 	 0.577938 	 1750.2 	 1504.45 	 398.052 	 0.25023 	 45 	 45 	 275.133 	 28.1899 	 1 	 0 	 0 	 NaN 	 NaN 	 NaN 	 NaN 	 45 	 45 	 45 	 0 	 451.408 	 148.224 	 116.203 	 0.21825 	 532.43 	 608 	 1686 	 371.081 	 -4.55141 	 5 	 659.972 	 0.135268 	 48.6305 	 11.1832 	 31.2671 	 12.753 	 348 	 38 	 121.6 	 128.118 	  Tumour 
25 	 368.867 	 552.831 	 248.685 	 128.81 	 2858 	 81.1559 	 47.3894 	 0.811803 	 0.916613 	 234.794 	 1094.33 	 566.009 	 0.517222 	 556.283 	 968.562 	 3428 	 0.937637 	 240.551 	 606.519 	 540.894 	 427.502 	 0 	 0 	 0 	 43.1537 	 0.0797822 	 71 	 73 	 284.197 	 37.2538 	 1 	 0 	 0 	 NaN 	 NaN 	 NaN 	 NaN 	 71 	 71 	 71 	 0 	 46.8615 	 22.7637 	 28.5353 	 0.223135 	 127.884 	 129 	 366 	 237.326 	 -138.306 	 2 	 235.09 	 0.0822567 	 31.0558 	 31.0558 	 31.0558 	 0 	 70 	 59 	 64.5 	 7.77817 	  DCIS 
26 	 374.342 	 351.782 	 436.285 	 173.666 	 2439 	 64.8317 	 48.1224 	 0.670106 	 0.97521 	 190.51 	 873.238 	 326.794 	 0.374232 	 497.886 	 747.474 	 3520 	 0.910973 	 251.522 	 1876.65 	 2052.9 	 1939.51 	 0.197183 	 2248 	 2031.42 	 788.772 	 0.384223 	 0 	 0 	 NaN 	 NaN 	 0 	 0 	 0 	 NaN 	 NaN 	 NaN 	 NaN 	 0 	 0 	 NaN 	 NaN 	 483.13 	 68.0213 	 82.8999 	 0.146946 	 564.153 	 0 	 0 	 NaN 	 NaN 	 0 	 0 	 0 	 NaN 	 NaN 	 NaN 	 NaN 	 0 	 0 	 NaN 	 NaN 	  Tumour 
27 	 424.879 	 669.191 	 721.266 	 128.81 	 2414 	 79.0355 	 39.4112 	 0.866802 	 0.959078 	 210.51 	 1283.89 	 616.712 	 0.480346 	 642.331 	 1158.13 	 4692 	 0.868728 	 350.049 	 1158.88 	 943.05 	 829.658 	 0.152318 	 989.587 	 943.561 	 238.716 	 0.253132 	 57 	 57 	 231.491 	 -15.4522 	 1 	 0 	 0 	 NaN 	 NaN 	 NaN 	 NaN 	 57 	 57 	 57 	 0 	 205.119 	 15.4896 	 36.7801 	 0.128538 	 286.141 	 95 	 97 	 337.632 	 -38.0004 	 1 	 0 	 0 	 NaN 	 NaN 	 NaN 	 NaN 	 95 	 95 	 95 	 0 	  Tumour 
28 	 409.981 	 770.641 	 804.707 	 174.003 	 1643 	 51.1895 	 43.7019 	 0.520721 	 0.936716 	 166.468 	 938.01 	 364.715 	 0.388818 	 317.525 	 812.246 	 5878 	 0.847463 	 394.475 	 1353.75 	 1421.76 	 1308.37 	 0.344311 	 1571.15 	 1384.96 	 346.2 	 0.243502 	 0 	 0 	 NaN 	 NaN 	 0 	 0 	 0 	 NaN 	 NaN 	 NaN 	 NaN 	 0 	 0 	 NaN 	 NaN 	 238.952 	 12.7486 	 23.1595 	 0.0723791 	 319.974 	 0 	 0 	 NaN 	 NaN 	 0 	 0 	 0 	 NaN 	 NaN 	 NaN 	 NaN 	 0 	 0 	 NaN 	 NaN 	  Tumour 
29 	 495.154 	 331.55 	 517.536 	 75.71 	 4897 	 109.381 	 58.8895 	 0.842697 	 0.92257 	 305.037 	 1471.87 	 423.761 	 0.287907 	 864.933 	 1346.11 	 8309 	 0.93707 	 384.333 	 738.375 	 668.052 	 554.66 	 0.106707 	 670.171 	 671.694 	 317.933 	 0.47591 	 118 	 233 	 289.415 	 42.4719 	 2 	 1865.39 	 0.380925 	 18.8597 	 18.8597 	 18.8597 	 0 	 62 	 56 	 59 	 4.24264 	 178.185 	 29.3009 	 41.191 	 0.158911 	 259.208 	 59 	 60 	 334.508 	 -41.1235 	 1 	 0 	 0 	 NaN 	 NaN 	 NaN 	 NaN 	 59 	 59 	 59 	 0 	  Tumour 
30 	 528.327 	 982.671 	 1046.94 	 262.391 	 8690 	 165.123 	 81.8978 	 0.868333 	 0.794478 	 508.943 	 917.12 	 409.975 	 0.447024 	 676.957 	 791.356 	 10425 	 0.870709 	 499.73 	 550.497 	 430.808 	 317.416 	 0 	 0 	 0 	 145.219 	 0.337086 	 0 	 0 	 NaN 	 NaN 	 0 	 0 	 0 	 NaN 	 NaN 	 NaN 	 NaN 	 0 	 0 	 NaN 	 NaN 	 86.0916 	 22.8759 	 46.8869 	 0.280568 	 167.114 	 789 	 4316 	 309.785 	 -65.8475 	 8 	 1733.31 	 0.19946 	 114.136 	 10.9182 	 55.7911 	 29.2977 	 238 	 39 	 98.625 	 66.986 	  Tumour 
31 	 510.317 	 715.987 	 805.983 	 167.72 	 10543 	 134.168 	 102.324 	 0.646808 	 0.935326 	 430.576 	 1549.74 	 708.893 	 0.457427 	 1111.35 	 1423.98 	 15464 	 0.759417 	 738.607 	 1213.32 	 1235.78 	 1122.39 	 0.409018 	 1570.43 	 1147.1 	 662.629 	 0.536201 	 74 	 501 	 281.851 	 34.908 	 2 	 1436.45 	 0.136247 	 60.5584 	 60.5584 	 60.5584 	 0 	 40 	 34 	 37 	 4.24264 	 348.256 	 168.033 	 136.615 	 0.318243 	 429.278 	 859 	 2672 	 521.378 	 145.746 	 7 	 3665.09 	 0.347632 	 66.8058 	 13.6805 	 34.2334 	 14.465 	 253 	 31 	 122.714 	 88.1754 	  Tumour 
32 	 481.892 	 215.605 	 385.323 	 69.7209 	 1550 	 51.6212 	 39.7661 	 0.637628 	 0.92427 	 172.61 	 602.088 	 145.864 	 0.242263 	 356.473 	 476.324 	 3030 	 0.675585 	 354.576 	 841.451 	 817.441 	 704.049 	 0.228956 	 1113.79 	 776.326 	 325.318 	 0.397972 	 0 	 0 	 NaN 	 NaN 	 0 	 0 	 0 	 NaN 	 NaN 	 NaN 	 NaN 	 0 	 0 	 NaN 	 NaN 	 175.945 	 56.284 	 31.9183 	 0.124212 	 256.967 	 53 	 54 	 169.057 	 -206.575 	 1 	 0 	 0 	 NaN 	 NaN 	 NaN 	 NaN 	 53 	 53 	 53 	 0 	  DCIS 
33 	 551.406 	 225.764 	 518.96 	 69.7209 	 4973 	 94.3826 	 68.2553 	 0.690664 	 0.969396 	 279.137 	 1012.07 	 444.312 	 0.439014 	 734.539 	 886.305 	 6214 	 0.864256 	 367.706 	 908.028 	 802.267 	 688.875 	 0.21118 	 1053.75 	 771.955 	 385.992 	 0.481127 	 0 	 0 	 NaN 	 NaN 	 0 	 0 	 0 	 NaN 	 NaN 	 NaN 	 NaN 	 0 	 0 	 NaN 	 NaN 	 153.281 	 29.373 	 59.7374 	 0.254958 	 234.303 	 91 	 195 	 302.187 	 -73.4452 	 2 	 984.082 	 0.197885 	 18.4027 	 18.4027 	 18.4027 	 0 	 48 	 43 	 45.5 	 3.53553 	  Tumour 
34 	 556.887 	 783.265 	 887.798 	 115.741 	 5339 	 109.499 	 63.6057 	 0.813991 	 0.930464 	 321.22 	 1236.64 	 578.889 	 0.468115 	 867.809 	 1110.87 	 6862 	 0.908032 	 392.96 	 1385.88 	 1553.35 	 1439.96 	 0.357576 	 1765.71 	 1490.35 	 749.921 	 0.482776 	 0 	 0 	 NaN 	 NaN 	 0 	 0 	 0 	 NaN 	 NaN 	 NaN 	 NaN 	 0 	 0 	 NaN 	 NaN 	 299.702 	 79.5351 	 98.5549 	 0.258861 	 380.725 	 137 	 161 	 283.029 	 -92.6028 	 1 	 0 	 0 	 NaN 	 NaN 	 NaN 	 NaN 	 137 	 137 	 137 	 0 	  Tumour 
35 	 568.524 	 348.235 	 418.771 	 75.71 	 1312 	 54.9467 	 33.7676 	 0.788876 	 0.910479 	 162.368 	 697.59 	 260.445 	 0.373349 	 404.016 	 571.826 	 2429 	 0.836433 	 246.451 	 794.842 	 686.55 	 573.158 	 0.0636364 	 548.071 	 691.803 	 201.426 	 0.293389 	 0 	 0 	 NaN 	 NaN 	 0 	 0 	 0 	 NaN 	 NaN 	 NaN 	 NaN 	 0 	 0 	 NaN 	 NaN 	 213.703 	 52.2042 	 33.8529 	 0.114862 	 294.726 	 0 	 0 	 NaN 	 NaN 	 0 	 0 	 0 	 NaN 	 NaN 	 NaN 	 NaN 	 0 	 0 	 NaN 	 NaN 	  Other 
36 	 630.141 	 487.598 	 718.583 	 152.712 	 6441 	 96.7654 	 86.8895 	 0.44012 	 0.962493 	 323.664 	 1299.05 	 498.316 	 0.3836 	 889.885 	 1173.29 	 7959 	 0.926542 	 384.534 	 1056.47 	 1387.23 	 1273.84 	 0.329341 	 1702.96 	 1320.54 	 368.393 	 0.265561 	 58 	 59 	 293.241 	 46.298 	 1 	 0 	 0 	 NaN 	 NaN 	 NaN 	 NaN 	 58 	 58 	 58 	 0 	 504.978 	 234.124 	 148.169 	 0.252847 	 586 	 229 	 408 	 463.965 	 88.3331 	 3 	 734.379 	 0.114016 	 16.5567 	 10.9916 	 14.6187 	 2.8117 	 101 	 61 	 76.3333 	 21.5716 	  Tumour 
37 	 640.198 	 561.518 	 773.918 	 203.376 	 5215 	 89.0062 	 76.0516 	 0.519529 	 0.978057 	 277.64 	 1894.03 	 586.071 	 0.30943 	 1195.82 	 1768.27 	 8208 	 0.944099 	 384.576 	 1423.34 	 1516.78 	 1403.39 	 0.562691 	 1689.82 	 1443.12 	 491.458 	 0.324014 	 0 	 0 	 NaN 	 NaN 	 0 	 0 	 0 	 NaN 	 NaN 	 NaN 	 NaN 	 0 	 0 	 NaN 	 NaN 	 424.016 	 106.567 	 78.1867 	 0.154813 	 505.039 	 503 	 1701 	 436.272 	 60.6404 	 5 	 1943.69 	 0.372711 	 52.6023 	 19.2258 	 31.2454 	 10.47 	 242 	 53 	 100.6 	 80.2297 	  Tumour 
38 	 671.353 	 762.898 	 616.276 	 115.741 	 3606 	 106.47 	 43.9626 	 0.910771 	 0.945712 	 262.936 	 736.621 	 260.586 	 0.353758 	 501.86 	 610.857 	 4218 	 0.953436 	 279.179 	 497.789 	 477.979 	 364.587 	 0 	 0 	 0 	 99.6861 	 0.208558 	 0 	 0 	 NaN 	 NaN 	 0 	 0 	 0 	 NaN 	 NaN 	 NaN 	 NaN 	 0 	 0 	 NaN 	 NaN 	 74.2608 	 4.66113 	 17.2927 	 0.111362 	 155.283 	 294 	 493 	 287.442 	 -88.1898 	 2 	 1411.86 	 0.391529 	 21.7028 	 21.7028 	 21.7028 	 0 	 158 	 136 	 147 	 15.5563 	  DCIS 
39 	 710.901 	 426.12 	 750.493 	 162.003 	 5420 	 90.4289 	 76.6082 	 0.531329 	 0.985096 	 280.25 	 1050.61 	 394.899 	 0.375876 	 754.96 	 924.844 	 7065 	 0.945657 	 356.534 	 1440.56 	 1577.4 	 1464.01 	 0.0620915 	 1211.84 	 1582.4 	 462.153 	 0.292984 	 0 	 0 	 NaN 	 NaN 	 0 	 0 	 0 	 NaN 	 NaN 	 NaN 	 NaN 	 0 	 0 	 NaN 	 NaN 	 315.168 	 64.7643 	 45.2077 	 0.114106 	 396.19 	 439 	 1054 	 439.695 	 64.0628 	 3 	 1338.52 	 0.246959 	 35.424 	 16.2217 	 25.0923 	 8.66176 	 319 	 34 	 146.333 	 151.777 	  Tumour 
40 	 697.937 	 607.134 	 847.147 	 158.319 	 1493 	 59.0275 	 34.0496 	 0.816855 	 0.884479 	 166.368 	 1358.82 	 336.028 	 0.247294 	 631.259 	 1233.06 	 3318 	 0.919878 	 249.421 	 1504.55 	 1439.21 	 1325.82 	 0.802885 	 1545.26 	 1365.06 	 483.961 	 0.336268 	 103 	 243 	 347.136 	 100.193 	 2 	 320.538 	 0.214694 	 22.359 	 22.359 	 22.359 	 0 	 56 	 47 	 51.5 	 6.36396 	 326.791 	 75.6024 	 83.8589 	 0.205631 	 407.813 	 0 	 0 	 NaN 	 NaN 	 0 	 0 	 0 	 NaN 	 NaN 	 NaN 	 NaN 	 0 	 0 	 NaN 	 NaN 	  Tumour 
41 	 735.201 	 568.543 	 851.19 	 204.284 	 2890 	 71.2273 	 54.0579 	 0.65115 	 0.934066 	 215.581 	 1511.78 	 322.397 	 0.213256 	 781.956 	 1386.02 	 7023 	 0.880406 	 385.647 	 1336.78 	 1443.24 	 1329.85 	 0.381098 	 1613.06 	 1401.98 	 419.827 	 0.290892 	 0 	 0 	 NaN 	 NaN 	 0 	 0 	 0 	 NaN 	 NaN 	 NaN 	 NaN 	 0 	 0 	 NaN 	 NaN 	 372.149 	 84.0408 	 64.6025 	 0.142556 	 453.171 	 484 	 879 	 486.89 	 111.258 	 3 	 1349.42 	 0.466926 	 23.684 	 19.2985 	 21.0034 	 2.10181 	 342 	 43 	 161.333 	 158.948 	  Tumour 
42 	 753.769 	 660.909 	 924.884 	 131.503 	 4253 	 90.216 	 60.6023 	 0.740781 	 0.974565 	 255.078 	 957.527 	 383.374 	 0.400379 	 651.616 	 831.763 	 6158 	 0.865009 	 385.889 	 1089.6 	 842.363 	 728.971 	 0.243077 	 1109.57 	 799.298 	 305.159 	 0.362265 	 0 	 0 	 NaN 	 NaN 	 0 	 0 	 0 	 NaN 	 NaN 	 NaN 	 NaN 	 0 	 0 	 NaN 	 NaN 	 133.704 	 32.1576 	 39.3314 	 0.18317 	 214.727 	 0 	 0 	 NaN 	 NaN 	 0 	 0 	 0 	 NaN 	 NaN 	 NaN 	 NaN 	 0 	 0 	 NaN 	 NaN 	  Tumour 
43 	 828.676 	 314.967 	 680.623 	 99.93 	 3232 	 99.4316 	 42.9004 	 0.902134 	 0.948079 	 251.723 	 1084.82 	 596.043 	 0.549439 	 800.75 	 959.056 	 5082 	 0.712563 	 464.09 	 729.202 	 798.413 	 685.022 	 0.249389 	 1278.78 	 732.471 	 389.421 	 0.487743 	 50 	 54 	 242.06 	 -4.8834 	 1 	 0 	 0 	 NaN 	 NaN 	 NaN 	 NaN 	 50 	 50 	 50 	 0 	 122.87 	 23.1373 	 23.3233 	 0.114391 	 203.892 	 0 	 0 	 NaN 	 NaN 	 0 	 0 	 0 	 NaN 	 NaN 	 NaN 	 NaN 	 0 	 0 	 NaN 	 NaN 	  Fib 
44 	 835.435 	 109.245 	 772.739 	 147.679 	 4295 	 86.1553 	 64.8689 	 0.658102 	 0.961065 	 266.108 	 925.26 	 347.774 	 0.375866 	 589.978 	 799.496 	 8773 	 0.853405 	 465.387 	 1316.95 	 1513.14 	 1399.75 	 0.15641 	 1696.36 	 1481.94 	 503.325 	 0.332636 	 67 	 69 	 277.985 	 31.0417 	 1 	 0 	 0 	 NaN 	 NaN 	 NaN 	 NaN 	 67 	 67 	 67 	 0 	 291.254 	 93.9118 	 73.5357 	 0.19753 	 372.276 	 62 	 62 	 290.452 	 -85.1804 	 1 	 0 	 0 	 NaN 	 NaN 	 NaN 	 NaN 	 62 	 62 	 62 	 0 	  Tumour 
45 	 915.069 	 198.129 	 863.838 	 133.843 	 2728 	 72.7111 	 48.605 	 0.743742 	 0.958538 	 207.054 	 1682.44 	 336.774 	 0.20017 	 941.512 	 1556.68 	 8588 	 0.864071 	 440.333 	 1288.56 	 1924.94 	 1811.55 	 0.158854 	 1590.77 	 1923.58 	 491.659 	 0.255415 	 45 	 48 	 266.133 	 19.1899 	 1 	 0 	 0 	 NaN 	 NaN 	 NaN 	 NaN 	 45 	 45 	 45 	 0 	 230.391 	 -22.0317 	 20.541 	 0.0659606 	 311.413 	 235 	 300 	 568.23 	 192.598 	 0 	 0 	 0 	 NaN 	 NaN 	 NaN 	 NaN 	 0 	 0 	 235 	 0 	  Tumour 
46 	 924.095 	 346.455 	 910.541 	 99.93 	 5212 	 91.3105 	 73.4157 	 0.594599 	 0.968953 	 286.735 	 983.691 	 375.083 	 0.381301 	 645.056 	 857.927 	 8034 	 0.838447 	 449.103 	 1092.12 	 1274.43 	 1161.04 	 0.41623 	 1240.82 	 1267.55 	 403.819 	 0.316862 	 0 	 0 	 NaN 	 NaN 	 0 	 0 	 0 	 NaN 	 NaN 	 NaN 	 NaN 	 0 	 0 	 NaN 	 NaN 	 293.134 	 84.5966 	 51.6486 	 0.13804 	 374.156 	 100 	 106 	 371.45 	 -4.182 	 1 	 0 	 0 	 NaN 	 NaN 	 NaN 	 NaN 	 100 	 100 	 100 	 0 	  Tumour 
47 	 968.322 	 803.477 	 895.612 	 256.827 	 1575 	 64.6716 	 31.1696 	 0.876189 	 0.965074 	 163.338 	 702.023 	 272.254 	 0.387813 	 455.791 	 576.259 	 2000 	 0.977995 	 178.167 	 379.413 	 324.04 	 210.648 	 0 	 0 	 0 	 111.168 	 0.343068 	 93 	 94 	 233.011 	 -13.9326 	 1 	 0 	 0 	 NaN 	 NaN 	 NaN 	 NaN 	 93 	 93 	 93 	 0 	 42.678 	 25.0379 	 21.4772 	 0.173623 	 123.7 	 0 	 0 	 NaN 	 NaN 	 0 	 0 	 0 	 NaN 	 NaN 	 NaN 	 NaN 	 0 	 0 	 NaN 	 NaN 	  Fib 
48 	 1005.18 	 598.808 	 866.072 	 191.802 	 2399 	 106.862 	 29.1799 	 0.961997 	 0.929125 	 244.551 	 1673.34 	 439.994 	 0.262943 	 1010.7 	 1547.58 	 2981 	 0.939786 	 259.38 	 441.309 	 394.711 	 281.319 	 0 	 0 	 0 	 34.987 	 0.0886395 	 71 	 74 	 246.042 	 -0.901143 	 1 	 0 	 0 	 NaN 	 NaN 	 NaN 	 NaN 	 71 	 71 	 71 	 0 	 48.3378 	 15.392 	 10.6943 	 0.0826708 	 129.36 	 0 	 0 	 NaN 	 NaN 	 0 	 0 	 0 	 NaN 	 NaN 	 NaN 	 NaN 	 0 	 0 	 NaN 	 NaN 	  Fib 
49 	 980.031 	 81.4587 	 891.231 	 129.85 	 1622 	 47.9829 	 43.5018 	 0.421971 	 0.97652 	 150.711 	 602.419 	 153.172 	 0.254262 	 385.439 	 476.655 	 6209 	 0.793482 	 403.203 	 1307.73 	 1933.81 	 1820.42 	 0 	 0 	 1892.02 	 524.909 	 0.271438 	 0 	 0 	 NaN 	 NaN 	 0 	 0 	 0 	 NaN 	 NaN 	 NaN 	 NaN 	 0 	 0 	 NaN 	 NaN 	 199.859 	 19.4706 	 45.2495 	 0.161098 	 280.881 	 0 	 0 	 NaN 	 NaN 	 0 	 0 	 0 	 NaN 	 NaN 	 NaN 	 NaN 	 0 	 0 	 NaN 	 NaN 	  DCIS 
50 	 997.77 	 340.465 	 978.828 	 170.839 	 3245 	 74.2592 	 56.0159 	 0.656496 	 0.969235 	 224.208 	 1077.29 	 553.105 	 0.513422 	 748.542 	 951.527 	 5940 	 0.90604 	 356.919 	 1075.45 	 1236.23 	 1122.84 	 0.54485 	 1272.16 	 1226.67 	 310.087 	 0.250833 	 0 	 0 	 NaN 	 NaN 	 0 	 0 	 0 	 NaN 	 NaN 	 NaN 	 NaN 	 0 	 0 	 NaN 	 NaN 	 237.274 	 71.0905 	 55.1207 	 0.173174 	 318.296 	 203 	 255 	 383.631 	 7.99854 	 1 	 0 	 0 	 NaN 	 NaN 	 NaN 	 NaN 	 203 	 203 	 203 	 0 	  Tumour 
51 	 1012.51 	 886.889 	 973.669 	 343.74 	 2048 	 76.694 	 35.9576 	 0.88328 	 0.927116 	 198.409 	 1928.81 	 434.888 	 0.225469 	 914.106 	 1803.05 	 5159 	 0.947475 	 298.35 	 497.416 	 466.842 	 353.45 	 0.305019 	 626.633 	 440.861 	 134.968 	 0.289109 	 37 	 38 	 283.27 	 36.3269 	 1 	 0 	 0 	 NaN 	 NaN 	 NaN 	 NaN 	 37 	 37 	 37 	 0 	 74.6984 	 14.4093 	 18.3761 	 0.118007 	 155.721 	 0 	 0 	 NaN 	 NaN 	 0 	 0 	 0 	 NaN 	 NaN 	 NaN 	 NaN 	 0 	 0 	 NaN 	 NaN 	  DCIS 
52 	 1049.32 	 191.301 	 994.92 	 129.85 	 6296 	 104.812 	 76.8598 	 0.679891 	 0.984211 	 306.007 	 1057.05 	 354.232 	 0.335114 	 716.312 	 931.283 	 8166 	 0.90683 	 412.718 	 1289.18 	 1488.84 	 1375.45 	 0.122507 	 2225.4 	 1432.14 	 446.773 	 0.300082 	 0 	 0 	 NaN 	 NaN 	 0 	 0 	 0 	 NaN 	 NaN 	 NaN 	 NaN 	 0 	 0 	 NaN 	 NaN 	 233.441 	 42.9756 	 27.9698 	 0.0889447 	 314.463 	 484 	 1146 	 383.979 	 8.34734 	 4 	 1143.88 	 0.181684 	 38.377 	 14.3008 	 24.2008 	 8.67807 	 248 	 52 	 121 	 88.5814 	  Tumour 
53 	 1055.01 	 876.648 	 1006.24 	 336.61 	 1416 	 50.967 	 36.4083 	 0.699788 	 0.918884 	 157.338 	 1665.33 	 423.281 	 0.254172 	 775.162 	 1539.57 	 3201 	 0.876986 	 259.137 	 633.7 	 617.602 	 504.21 	 0.597345 	 651.785 	 603.559 	 92.1254 	 0.149166 	 0 	 0 	 NaN 	 NaN 	 0 	 0 	 0 	 NaN 	 NaN 	 NaN 	 NaN 	 0 	 0 	 NaN 	 NaN 	 95.1606 	 -9.15952 	 11.3087 	 0.0641873 	 176.183 	 0 	 0 	 NaN 	 NaN 	 0 	 0 	 0 	 NaN 	 NaN 	 NaN 	 NaN 	 0 	 0 	 NaN 	 NaN 	  DCIS 
54 	 1081.19 	 898.86 	 1039.4 	 332.352 	 729 	 36.2903 	 26.3395 	 0.687907 	 0.945525 	 107.456 	 1232.9 	 306.871 	 0.248902 	 625.827 	 1107.13 	 1673 	 0.955454 	 161.196 	 617.997 	 625.761 	 512.369 	 0.413043 	 683.825 	 606.452 	 80.5248 	 0.128683 	 0 	 0 	 NaN 	 NaN 	 0 	 0 	 0 	 NaN 	 NaN 	 NaN 	 NaN 	 0 	 0 	 NaN 	 NaN 	 71.0078 	 7.43677 	 16.2565 	 0.106929 	 152.03 	 0 	 0 	 NaN 	 NaN 	 0 	 0 	 0 	 NaN 	 NaN 	 NaN 	 NaN 	 0 	 0 	 NaN 	 NaN 	  Other 
55 	 1115.28 	 306.057 	 1082.19 	 97.4987 	 3292 	 84.263 	 50.4442 	 0.801009 	 0.95117 	 234.108 	 851.807 	 309.394 	 0.36322 	 508.36 	 726.043 	 11486 	 0.71457 	 612.541 	 1117.47 	 1309.58 	 1196.19 	 0.265278 	 1750.91 	 1231.48 	 573.103 	 0.437624 	 0 	 0 	 NaN 	 NaN 	 0 	 0 	 0 	 NaN 	 NaN 	 NaN 	 NaN 	 0 	 0 	 NaN 	 NaN 	 96.4528 	 -9.18809 	 25.8471 	 0.145638 	 177.475 	 235 	 601 	 245.311 	 -130.321 	 3 	 1913.04 	 0.581118 	 40.1679 	 15.7494 	 26.8879 	 11.0456 	 142 	 43 	 78.3333 	 55.2479 	  Tumour 
56 	 1126.63 	 451.367 	 1137.32 	 135.429 	 3787 	 85.2141 	 58.1023 	 0.731502 	 0.943448 	 258.066 	 1166.38 	 545.656 	 0.467822 	 652.519 	 1040.61 	 12841 	 0.543672 	 1128.5 	 1168.91 	 1184.57 	 1071.18 	 0.164021 	 1652.72 	 1132.09 	 535.441 	 0.452012 	 0 	 0 	 NaN 	 NaN 	 0 	 0 	 0 	 NaN 	 NaN 	 NaN 	 NaN 	 0 	 0 	 NaN 	 NaN 	 220.929 	 88.407 	 109.721 	 0.363373 	 301.951 	 182 	 215 	 473.434 	 97.8021 	 1 	 0 	 0 	 NaN 	 NaN 	 NaN 	 NaN 	 182 	 182 	 182 	 0 	  Tumour 
57 	 1159 	 174.265 	 1101.7 	 173.488 	 5113 	 104.983 	 63.4175 	 0.79693 	 0.943706 	 300.777 	 1359.47 	 605.116 	 0.445111 	 995.674 	 1233.71 	 7926 	 0.814762 	 464.416 	 1419.62 	 1760.43 	 1647.04 	 0.362944 	 2068.8 	 1672.17 	 504.953 	 0.286835 	 62 	 64 	 311.016 	 64.0727 	 1 	 0 	 0 	 NaN 	 NaN 	 NaN 	 NaN 	 62 	 62 	 62 	 0 	 296.597 	 134.238 	 74.7896 	 0.198056 	 377.619 	 548 	 1280 	 479.682 	 104.05 	 3 	 1259.92 	 0.246415 	 40.7085 	 12.0381 	 25.0954 	 9.34068 	 288 	 39 	 137 	 111.191 	  Tumour 
58 	 1153.71 	 859.425 	 1088.17 	 253.789 	 3374 	 80.988 	 54.9291 	 0.734843 	 0.974863 	 227.581 	 1268.14 	 545.132 	 0.429867 	 796.065 	 1142.38 	 5419 	 0.97324 	 285.279 	 623.321 	 517.222 	 403.83 	 0 	 0 	 518.599 	 78.4427 	 0.151662 	 51 	 51 	 325.255 	 78.3115 	 1 	 0 	 0 	 NaN 	 NaN 	 NaN 	 NaN 	 51 	 51 	 51 	 0 	 100.651 	 33.227 	 28.789 	 0.158466 	 181.674 	 0 	 0 	 NaN 	 NaN 	 0 	 0 	 0 	 NaN 	 NaN 	 NaN 	 NaN 	 0 	 0 	 NaN 	 NaN 	  DCIS 
59 	 1179.34 	 224.604 	 1128.61 	 119.101 	 5398 	 122.835 	 58.8562 	 0.877734 	 0.895934 	 327.907 	 1626.14 	 581.063 	 0.357328 	 1010.37 	 1500.37 	 6271 	 0.902822 	 358.919 	 1862.33 	 1957.39 	 1843.99 	 0.782178 	 1841.21 	 2023.7 	 347.558 	 0.177562 	 0 	 0 	 NaN 	 NaN 	 0 	 0 	 0 	 NaN 	 NaN 	 NaN 	 NaN 	 0 	 0 	 NaN 	 NaN 	 353.093 	 103.715 	 40.9582 	 0.0943487 	 434.115 	 357 	 783 	 444.807 	 69.1747 	 4 	 1889.24 	 0.349989 	 47.3625 	 13.6046 	 26.4562 	 12.3299 	 133 	 28 	 89.25 	 46.4283 	  Tumour 
60 	 1204.43 	 434.037 	 1203.92 	 93.0215 	 4362 	 93.0483 	 61.5231 	 0.750214 	 0.93746 	 291.38 	 1367.29 	 557.717 	 0.4079 	 862.439 	 1241.52 	 5001 	 0.941099 	 302.836 	 2087.03 	 2154.39 	 2041 	 0.54023 	 2124.05 	 2161.57 	 368.922 	 0.171242 	 123 	 631 	 352.52 	 105.577 	 2 	 624.651 	 0.143203 	 66.3791 	 66.3791 	 66.3791 	 0 	 66 	 57 	 61.5 	 6.36396 	 416.541 	 128.152 	 67.4773 	 0.135615 	 497.564 	 533 	 1530 	 431.996 	 56.3642 	 4 	 909.498 	 0.208505 	 56.7203 	 15.3018 	 33.3135 	 15.3293 	 311 	 62 	 133.25 	 119.352 	  Tumour 
61 	 1206.48 	 341.382 	 1052.2 	 93.0215 	 1959 	 55.7299 	 44.9507 	 0.591123 	 0.973174 	 169.924 	 892.864 	 450.451 	 0.504501 	 569.856 	 767.1 	 14197 	 0.858343 	 595.227 	 935.149 	 1610.15 	 1496.76 	 0.226824 	 2081.22 	 1531.81 	 485.587 	 0.301578 	 0 	 0 	 NaN 	 NaN 	 0 	 0 	 0 	 NaN 	 NaN 	 NaN 	 NaN 	 0 	 0 	 NaN 	 NaN 	 166.773 	 -21.3366 	 101.861 	 0.411067 	 247.795 	 0 	 0 	 NaN 	 NaN 	 0 	 0 	 0 	 NaN 	 NaN 	 NaN 	 NaN 	 0 	 0 	 NaN 	 NaN 	  Other 
62 	 1265.71 	 169.249 	 1207.49 	 182.165 	 6605 	 96.7703 	 87.718 	 0.422301 	 0.928581 	 342.434 	 1400.38 	 708.316 	 0.505803 	 1026.96 	 1274.62 	 7928 	 0.898255 	 403.203 	 1616.66 	 1735.55 	 1622.15 	 0.380531 	 1762.27 	 1722.46 	 424.79 	 0.244759 	 117 	 545 	 361.496 	 114.552 	 2 	 963.144 	 0.14582 	 54.2461 	 54.2461 	 54.2461 	 0 	 59 	 58 	 58.5 	 0.707107 	 476.282 	 232.112 	 143.841 	 0.258101 	 557.305 	 386 	 1175 	 443.902 	 68.2696 	 2 	 1964.89 	 0.297485 	 41.7573 	 22.4187 	 30.6116 	 8.94579 	 174 	 60 	 128.667 	 60.4759 	  Tumour 
63 	 1313.13 	 431.549 	 1306.92 	 140.464 	 5346 	 90.8939 	 76.3562 	 0.542496 	 0.951076 	 291.463 	 1082.25 	 367.155 	 0.339252 	 579.262 	 956.485 	 7284 	 0.866215 	 418.86 	 1514.43 	 1733.68 	 1620.29 	 0.274788 	 1805.14 	 1714.45 	 343.411 	 0.198082 	 105 	 193 	 323.105 	 76.1614 	 2 	 1204.82 	 0.225369 	 16.3012 	 16.3012 	 16.3012 	 0 	 54 	 51 	 52.5 	 2.12132 	 247.822 	 17.9621 	 33.4699 	 0.101781 	 328.844 	 311 	 1340 	 299.434 	 -76.1979 	 4 	 1303.71 	 0.243866 	 64.0924 	 12.113 	 35.371 	 18.2879 	 132 	 47 	 77.75 	 39.2205 	  Tumour 
64 	 1297.47 	 524.615 	 1322.57 	 205.273 	 4288 	 108.837 	 51.6594 	 0.880176 	 0.956289 	 284.936 	 1561.31 	 541.305 	 0.346698 	 985.63 	 1435.55 	 5383 	 0.863214 	 359.605 	 1594.91 	 1796.18 	 1682.79 	 0.478827 	 1610.01 	 1847.42 	 529.609 	 0.294853 	 61 	 65 	 396.869 	 149.925 	 1 	 0 	 0 	 NaN 	 NaN 	 NaN 	 NaN 	 61 	 61 	 61 	 0 	 362.03 	 92.1287 	 55.5539 	 0.125389 	 443.052 	 328 	 527 	 522.192 	 146.56 	 3 	 1148.34 	 0.267803 	 19.7933 	 9.97296 	 13.7627 	 4.72236 	 260 	 32 	 109.333 	 130.496 	  Tumour 
65 	 1305.14 	 107.303 	 1241.6 	 254.081 	 2120 	 56.852 	 48.1264 	 0.532355 	 0.958842 	 182.024 	 795.844 	 231.237 	 0.290556 	 513.405 	 670.08 	 3073 	 0.891241 	 238.652 	 1324.93 	 1541.1 	 1427.71 	 0.240385 	 1664.62 	 1508.28 	 372.996 	 0.242032 	 0 	 0 	 NaN 	 NaN 	 0 	 0 	 0 	 NaN 	 NaN 	 NaN 	 NaN 	 0 	 0 	 NaN 	 NaN 	 229.605 	 8.61276 	 46.6815 	 0.150281 	 310.627 	 0 	 0 	 NaN 	 NaN 	 0 	 0 	 0 	 NaN 	 NaN 	 NaN 	 NaN 	 0 	 0 	 NaN 	 NaN 	  Tumour 
66 	 1314.1 	 662.357 	 1393.53 	 253.789 	 1765 	 56.604 	 40.1237 	 0.70536 	 0.978381 	 162.024 	 857.453 	 393.582 	 0.459013 	 574.257 	 731.689 	 2651 	 0.912879 	 223.622 	 1426.68 	 1402.44 	 1289.05 	 0.143617 	 1610.07 	 1384.01 	 374.687 	 0.267168 	 0 	 0 	 NaN 	 NaN 	 0 	 0 	 0 	 NaN 	 NaN 	 NaN 	 NaN 	 0 	 0 	 NaN 	 NaN 	 246.725 	 53.6693 	 44.5296 	 0.135866 	 327.747 	 105 	 111 	 340.552 	 -35.0796 	 1 	 0 	 0 	 NaN 	 NaN 	 NaN 	 NaN 	 105 	 105 	 105 	 0 	  Tumour 
67 	 1336.39 	 563.259 	 1372.88 	 257.263 	 2407 	 69.2062 	 50.086 	 0.690093 	 0.863033 	 225.095 	 1934.6 	 541.143 	 0.279719 	 1215.9 	 1808.83 	 4759 	 0.837557 	 347.019 	 1209.32 	 1485.15 	 1371.75 	 0.367347 	 1531.78 	 1455.63 	 439.605 	 0.296001 	 104 	 346 	 291.356 	 44.4124 	 2 	 434.479 	 0.180507 	 33.4999 	 33.4999 	 33.4999 	 0 	 59 	 45 	 52 	 9.89949 	 216.891 	 33.3641 	 49.4663 	 0.166043 	 297.913 	 127 	 202 	 368.52 	 -7.11231 	 2 	 394.016 	 0.163696 	 15.1396 	 15.1396 	 15.1396 	 0 	 69 	 58 	 63.5 	 7.77817 	  Tumour 
