rownames 	XLoc 	YLoc 	NNDistSame 	NNDistOpp 	dapi_Area 	dapi_MajorAxisLength 	dapi_MinorAxisLength 	dapi_Eccentricity 	dapi_Solidity 	dapi_Perimeter 	dapi_MeanIntensity 	dapi_PixelSD 	dapi_PixelCV 	dapi_NucAdjustedInt 	dapi_BackAdjustedInt 	memb_Area 	memb_Solidity 	memb_Perimeter 	memb_MeanIntensity 	memb_MembraneIntensity 	memb_temp 	memb_pcTouch 	memb_OverLapIntensity 	memb_nonLapIntensity 	memb_PixelSD 	memb_PixelCV 	cent_Area 	cent_ConvexArea 	cent_MeanIntensity 	cent_BackAdjustedInt 	cent_CN 	cent_AreaSD 	cent_CoeffVar 	cent_MaxSpotDist 	cent_MinSpotDist 	cent_MeanSpotDist 	cent_SDSpotDist 	cent_SpotAreaMax 	cent_SpotAreaMin 	cent_SpotAreaMean 	cent_SpotAreaSD 	nucl_BackgroundAdjust 	nucl_NuclearAdjustedInt 	nucl_PixelSD 	nucl_PixelCV 	nucl_MeanIntensity 	Her2_Area 	Her2_ConvexArea 	Her2_MeanIntensity 	Her2_BackAdjustedInt 	Her2_CN 	Her2_AreaSD 	Her2_CoeffVar 	Her2_MaxSpotDist 	Her2_MinSpotDist 	Her2_MeanSpotDist 	Her2_SDSpotDist 	Her2_SpotAreaMax 	Her2_SpotAreaMin 	Her2_SpotAreaMean 	Her2_SpotAreaSD 	CellLabels 	
1 	 33.2961 	 980.676 	 111.328 	 318.284 	 2442 	 78.4025 	 41.5854 	 0.847742 	 0.927459 	 208.752 	 1216.45 	 350.994 	 0.288538 	 187.264 	 1142.98 	 3669 	 0.947083 	 259.941 	 321.905 	 295.628 	 188.278 	 0 	 0 	 0 	 80.837 	 0.273442 	 49 	 60 	 148.98 	 42.4803 	 1 	 0 	 0 	 NaN 	 NaN 	 NaN 	 NaN 	 49 	 49 	 49 	 0 	 12.2304 	 -67.061 	 8.15093 	 0.12768 	 63.8387 	 0 	 0 	 NaN 	 NaN 	 0 	 0 	 0 	 NaN 	 NaN 	 NaN 	 NaN 	 0 	 0 	 NaN 	 NaN 	  Other 
2 	 67.1138 	 513.354 	 156.387 	 563.264 	 1423 	 53.2001 	 35.5912 	 0.743257 	 0.953115 	 150.711 	 1253.67 	 341.893 	 0.272713 	 460.396 	 1180.2 	 2454 	 0.967666 	 197.941 	 296.763 	 295.92 	 188.57 	 0 	 0 	 0 	 107.908 	 0.364654 	 132 	 170 	 175.644 	 69.1447 	 1 	 0 	 0 	 NaN 	 NaN 	 NaN 	 NaN 	 132 	 132 	 132 	 0 	 16.1015 	 -70.9569 	 7.41568 	 0.109522 	 67.7098 	 45 	 45 	 488.267 	 283.259 	 1 	 0 	 0 	 NaN 	 NaN 	 NaN 	 NaN 	 45 	 45 	 45 	 0 	  Other 
3 	 87.9742 	 1583.63 	 605.503 	 109.932 	 2676 	 66.2508 	 51.6297 	 0.626643 	 0.977356 	 198.066 	 1387.65 	 384.438 	 0.277043 	 345.722 	 1314.17 	 5602 	 0.875449 	 358.51 	 398.017 	 443.021 	 335.671 	 0 	 0 	 441.163 	 379.488 	 0.85659 	 79 	 83 	 202.62 	 96.121 	 1 	 0 	 0 	 NaN 	 NaN 	 NaN 	 NaN 	 79 	 79 	 79 	 0 	 15.8361 	 -43.4693 	 9.44649 	 0.140064 	 67.4443 	 132 	 239 	 324.295 	 119.288 	 2 	 269.793 	 0.10082 	 18.6387 	 18.6387 	 18.6387 	 0 	 75 	 57 	 66 	 12.7279 	  DCIS 
4 	 87.9388 	 59.9511 	 922.641 	 549.482 	 654 	 35.6746 	 23.9491 	 0.741167 	 0.936963 	 102.184 	 1428.79 	 714.36 	 0.499975 	 403.591 	 1355.32 	 1186 	 0.980976 	 133.598 	 548.884 	 525.418 	 418.068 	 0.295082 	 526.611 	 533.394 	 285.979 	 0.544289 	 0 	 0 	 NaN 	 NaN 	 0 	 0 	 0 	 NaN 	 NaN 	 NaN 	 NaN 	 0 	 0 	 NaN 	 NaN 	 31.1119 	 -84.7232 	 13.2408 	 0.160068 	 82.7202 	 0 	 0 	 NaN 	 NaN 	 0 	 0 	 0 	 NaN 	 NaN 	 NaN 	 NaN 	 0 	 0 	 NaN 	 NaN 	  Other 
5 	 101.214 	 40.5798 	 942.456 	 537.643 	 990 	 51.9134 	 27.2545 	 0.851103 	 0.822943 	 142.225 	 1400.67 	 599.857 	 0.428265 	 680.283 	 1327.19 	 1707 	 0.798036 	 206.811 	 759.221 	 782.381 	 675.031 	 0.248677 	 561.191 	 807.181 	 416.395 	 0.532216 	 45 	 45 	 179.844 	 73.3452 	 1 	 0 	 0 	 NaN 	 NaN 	 NaN 	 NaN 	 45 	 45 	 45 	 0 	 61.013 	 -46.2519 	 31.4912 	 0.27962 	 112.621 	 97 	 99 	 285.629 	 80.6215 	 1 	 0 	 0 	 NaN 	 NaN 	 NaN 	 NaN 	 97 	 97 	 97 	 0 	  Other 
6 	 138.379 	 1017.62 	 111.328 	 207.077 	 1790 	 60.2163 	 39.1282 	 0.760111 	 0.959271 	 174.652 	 1399.5 	 565.168 	 0.403834 	 350.494 	 1326.03 	 3107 	 0.971545 	 226.426 	 332.099 	 298.612 	 191.262 	 0 	 0 	 0 	 79.3923 	 0.265871 	 0 	 0 	 NaN 	 NaN 	 0 	 0 	 0 	 NaN 	 NaN 	 NaN 	 NaN 	 0 	 0 	 NaN 	 NaN 	 19.232 	 -32.2837 	 8.17145 	 0.11535 	 70.8402 	 91 	 92 	 309.626 	 104.619 	 1 	 0 	 0 	 NaN 	 NaN 	 NaN 	 NaN 	 91 	 91 	 91 	 0 	  Other 
7 	 128.514 	 1187.09 	 227.271 	 218.909 	 479 	 30.4266 	 20.6421 	 0.734672 	 0.931907 	 89.0122 	 853.1 	 211.279 	 0.24766 	 577.455 	 779.625 	 1019 	 0.979808 	 123.799 	 252.39 	 232.271 	 124.921 	 0 	 0 	 0 	 37.1522 	 0.159952 	 0 	 0 	 NaN 	 NaN 	 0 	 0 	 0 	 NaN 	 NaN 	 NaN 	 NaN 	 0 	 0 	 NaN 	 NaN 	 9.94917 	 5.68146 	 6.69356 	 0.108737 	 61.5574 	 0 	 0 	 NaN 	 NaN 	 0 	 0 	 0 	 NaN 	 NaN 	 NaN 	 NaN 	 0 	 0 	 NaN 	 NaN 	  Other 
8 	 144.832 	 1809.65 	 173.358 	 233.077 	 6715 	 157.193 	 54.7902 	 0.937289 	 0.934716 	 393.463 	 1306.96 	 351.484 	 0.268932 	 944.042 	 1233.49 	 9686 	 0.91654 	 481.823 	 794.98 	 1162.96 	 1055.61 	 0 	 0 	 0 	 759.787 	 0.653322 	 228 	 2058 	 210.241 	 103.742 	 3 	 931.966 	 0.138789 	 102.5 	 33.5045 	 70.6494 	 31.127 	 84 	 68 	 76 	 8 	 100.863 	 -62.4694 	 63.0762 	 0.413692 	 152.471 	 1096 	 2956 	 841.786 	 636.778 	 7 	 1415.44 	 0.210788 	 87.2288 	 16.7252 	 45.2492 	 22.2296 	 339 	 63 	 156.571 	 96.3775 	  Tumour 
9 	 190.079 	 1624.98 	 93.2363 	 109.932 	 4443 	 112.358 	 53.7841 	 0.877988 	 0.90729 	 303.706 	 1418.49 	 514.522 	 0.362724 	 938.948 	 1345.02 	 6762 	 0.782096 	 442.409 	 1091.83 	 1539.69 	 1432.34 	 0.319613 	 1442.62 	 1556.5 	 489.051 	 0.317631 	 79 	 82 	 180 	 73.5007 	 1 	 0 	 0 	 NaN 	 NaN 	 NaN 	 NaN 	 79 	 79 	 79 	 0 	 174.729 	 -51.6277 	 80.5066 	 0.355693 	 226.337 	 0 	 0 	 NaN 	 NaN 	 0 	 0 	 0 	 NaN 	 NaN 	 NaN 	 NaN 	 0 	 0 	 NaN 	 NaN 	  Tumour 
10 	 223.09 	 502.372 	 515.307 	 487.115 	 775 	 35.3704 	 29.8114 	 0.538175 	 0.927033 	 111.397 	 1163.05 	 326.442 	 0.280677 	 874.72 	 1089.58 	 1631 	 0.974313 	 159.113 	 295.986 	 289.887 	 182.537 	 0 	 0 	 0 	 103.508 	 0.357064 	 93 	 95 	 168.473 	 61.9739 	 1 	 0 	 0 	 NaN 	 NaN 	 NaN 	 NaN 	 93 	 93 	 93 	 0 	 16.935 	 4.61337 	 6.32275 	 0.0922447 	 68.5432 	 0 	 0 	 NaN 	 NaN 	 0 	 0 	 0 	 NaN 	 NaN 	 NaN 	 NaN 	 0 	 0 	 NaN 	 NaN 	  Other 
11 	 262.64 	 1683.16 	 173.358 	 131.461 	 6430 	 94.739 	 86.9617 	 0.396793 	 0.978542 	 306.049 	 1208 	 263.59 	 0.218204 	 923.428 	 1134.52 	 13101 	 0.928688 	 508.752 	 847.864 	 1701.21 	 1593.86 	 0.278586 	 1579.44 	 1717.81 	 636.98 	 0.374426 	 161 	 345 	 176.733 	 70.2337 	 2 	 2880.11 	 0.447917 	 26.8484 	 26.8484 	 26.8484 	 0 	 87 	 74 	 80.5 	 9.19239 	 65.6649 	 -128.758 	 36.3784 	 0.310202 	 117.273 	 655 	 2214 	 531.997 	 326.99 	 5 	 820.486 	 0.127603 	 53.3165 	 15.3322 	 34.3055 	 14.1097 	 270 	 80 	 131 	 80.1155 	  Tumour 
12 	 276.928 	 574.636 	 473.679 	 398.389 	 2205 	 68.0188 	 42.4582 	 0.781255 	 0.942308 	 200.995 	 1780.21 	 937.99 	 0.526898 	 1440.2 	 1706.74 	 3620 	 0.969989 	 243.598 	 288.361 	 282.897 	 175.546 	 0 	 0 	 0 	 49.079 	 0.173488 	 0 	 0 	 NaN 	 NaN 	 0 	 0 	 0 	 NaN 	 NaN 	 NaN 	 NaN 	 0 	 0 	 NaN 	 NaN 	 7.38496 	 6.15944 	 5.57692 	 0.094535 	 58.9932 	 0 	 0 	 NaN 	 NaN 	 0 	 0 	 0 	 NaN 	 NaN 	 NaN 	 NaN 	 0 	 0 	 NaN 	 NaN 	  Other 
13 	 274.211 	 1551.81 	 619.776 	 87.6641 	 3071 	 64.1399 	 61.3407 	 0.292195 	 0.968464 	 215.622 	 1121.28 	 240.164 	 0.214188 	 752.551 	 1047.8 	 6076 	 0.900415 	 367.095 	 1153 	 1581.03 	 1473.68 	 0.495601 	 1583.4 	 1564.69 	 457.953 	 0.289656 	 74 	 77 	 203.243 	 96.744 	 1 	 0 	 0 	 NaN 	 NaN 	 NaN 	 NaN 	 74 	 74 	 74 	 0 	 142.141 	 -101.654 	 49.7213 	 0.256626 	 193.75 	 225 	 354 	 796.236 	 591.228 	 2 	 354.271 	 0.11536 	 17.0868 	 17.0868 	 17.0868 	 0 	 161 	 64 	 112.5 	 68.5894 	  DCIS 
14 	 328.849 	 1098.41 	 735.391 	 207.077 	 8593 	 118.641 	 96.1809 	 0.585477 	 0.921205 	 390.434 	 1814.26 	 502.607 	 0.277032 	 1267 	 1740.78 	 11675 	 0.885476 	 505.037 	 854.732 	 1471.45 	 1364.1 	 0.294243 	 1593.66 	 1442.06 	 736.769 	 0.50071 	 71 	 72 	 227.028 	 120.529 	 1 	 0 	 0 	 NaN 	 NaN 	 NaN 	 NaN 	 71 	 71 	 71 	 0 	 101.341 	 -74.1377 	 50.9255 	 0.332957 	 152.949 	 638 	 1568 	 679.87 	 474.863 	 5 	 1622.59 	 0.188827 	 59.1863 	 12.8261 	 32.5737 	 14.6015 	 285 	 39 	 127.6 	 95.0463 	  Tumour 
15 	 374.654 	 1494.46 	 390.84 	 116.469 	 10779 	 174.256 	 82.5805 	 0.880577 	 0.920181 	 456.09 	 1486.68 	 446.105 	 0.300067 	 1127.78 	 1413.21 	 15947 	 0.854197 	 637.907 	 937.588 	 1630.1 	 1522.75 	 0.537037 	 1589.96 	 1656.26 	 551.749 	 0.338476 	 237 	 2434 	 196.262 	 89.7623 	 3 	 2820 	 0.26162 	 132.487 	 17.5691 	 90.7505 	 56.8726 	 87 	 73 	 79 	 7.2111 	 133.016 	 -139.958 	 59.9543 	 0.324736 	 184.625 	 717 	 2117 	 950.049 	 745.041 	 3 	 3530.64 	 0.327548 	 74.6282 	 26.0907 	 50.2153 	 21.7078 	 368 	 150 	 239 	 114.372 	  Tumour 
16 	 315.126 	 329.691 	 709.454 	 405.824 	 1675 	 58.873 	 37.659 	 0.768654 	 0.96989 	 162.711 	 1847.31 	 835.069 	 0.452045 	 1377.58 	 1773.84 	 2957 	 0.971419 	 220.77 	 483.809 	 436.129 	 328.779 	 0 	 0 	 0 	 255.548 	 0.585946 	 77 	 81 	 202.623 	 96.1241 	 1 	 0 	 0 	 NaN 	 NaN 	 NaN 	 NaN 	 77 	 77 	 77 	 0 	 38.8527 	 6.12506 	 19.7363 	 0.218175 	 90.4609 	 91 	 95 	 371.187 	 166.179 	 1 	 0 	 0 	 NaN 	 NaN 	 NaN 	 NaN 	 91 	 91 	 91 	 0 	  Other 
17 	 356.498 	 1583.45 	 309.919 	 87.6641 	 4637 	 98.7313 	 63.5439 	 0.765358 	 0.906195 	 330.434 	 1063.8 	 266.62 	 0.25063 	 704.964 	 990.322 	 13517 	 0.919149 	 540.752 	 879.949 	 1642.25 	 1534.9 	 0.584795 	 1706.2 	 1630.03 	 471.801 	 0.28729 	 0 	 0 	 NaN 	 NaN 	 0 	 0 	 0 	 NaN 	 NaN 	 NaN 	 NaN 	 0 	 0 	 NaN 	 NaN 	 68.0318 	 -92.5977 	 36.5436 	 0.305446 	 119.64 	 80 	 86 	 328 	 122.993 	 1 	 0 	 0 	 NaN 	 NaN 	 NaN 	 NaN 	 80 	 80 	 80 	 0 	  Tumour 
18 	 366.497 	 1187.12 	 661.037 	 237 	 5618 	 118.891 	 61.8567 	 0.853995 	 0.96579 	 318.676 	 1574.06 	 480.734 	 0.305409 	 1110.57 	 1500.59 	 8060 	 0.887567 	 440.652 	 1023.46 	 1687.02 	 1579.67 	 0.578049 	 1524.72 	 1728.29 	 812.304 	 0.481502 	 72 	 73 	 225.611 	 119.112 	 1 	 0 	 0 	 NaN 	 NaN 	 NaN 	 NaN 	 72 	 72 	 72 	 0 	 133.144 	 -65.1529 	 53.4306 	 0.289202 	 184.752 	 895 	 2389 	 773.383 	 568.376 	 4 	 992.815 	 0.17672 	 64.58 	 20.9808 	 41.0993 	 16.3253 	 366 	 106 	 223.75 	 129.641 	  Tumour 
19 	 379.75 	 1349.57 	 516.551 	 214.972 	 6878 	 107.027 	 84.8742 	 0.609196 	 0.964251 	 341.806 	 1691.77 	 532.428 	 0.314717 	 1305.61 	 1618.29 	 12977 	 0.878843 	 542.066 	 1397.02 	 2139.92 	 2032.57 	 0.270059 	 1568.2 	 2232.31 	 843.418 	 0.394135 	 164 	 625 	 221.152 	 114.653 	 2 	 1777.02 	 0.258363 	 50.1451 	 50.1451 	 50.1451 	 0 	 85 	 79 	 82 	 4.24264 	 142.914 	 -136.056 	 69.226 	 0.355878 	 194.522 	 130 	 313 	 323.8 	 118.793 	 2 	 1174.6 	 0.170776 	 25.7849 	 25.7849 	 25.7849 	 0 	 85 	 45 	 65 	 28.2843 	  Tumour 
20 	 432.212 	 941.871 	 914.217 	 253.298 	 7483 	 137.245 	 74.3091 	 0.840743 	 0.913898 	 389.647 	 1524.47 	 431.441 	 0.28301 	 1138.37 	 1451 	 14275 	 0.928636 	 551.546 	 687.785 	 820.701 	 713.351 	 0.419223 	 734.81 	 842.913 	 509.296 	 0.620562 	 0 	 0 	 NaN 	 NaN 	 0 	 0 	 0 	 NaN 	 NaN 	 NaN 	 NaN 	 0 	 0 	 NaN 	 NaN 	 110.6 	 -22.5086 	 45.464 	 0.280282 	 162.208 	 98 	 102 	 277.694 	 72.6865 	 1 	 0 	 0 	 NaN 	 NaN 	 NaN 	 NaN 	 98 	 98 	 98 	 0 	  Tumour 
21 	 456.154 	 998.1 	 869.52 	 220.327 	 6418 	 141.229 	 72.6093 	 0.857716 	 0.786423 	 389.362 	 1482.76 	 496.524 	 0.334864 	 1107.42 	 1409.29 	 9303 	 0.792014 	 509.823 	 616.935 	 826.138 	 718.787 	 0.610417 	 740.857 	 873.238 	 345.659 	 0.418403 	 80 	 80 	 175.9 	 69.4007 	 1 	 0 	 0 	 NaN 	 NaN 	 NaN 	 NaN 	 80 	 80 	 80 	 0 	 77.5195 	 -56.5609 	 32.0734 	 0.248385 	 129.128 	 432 	 2193 	 552.748 	 347.74 	 2 	 2145.7 	 0.334325 	 94.8251 	 94.8251 	 94.8251 	 0 	 274 	 158 	 216 	 82.0244 	  Tumour 
22 	 436.839 	 1178.06 	 696.195 	 274.591 	 7773 	 149.58 	 67.1037 	 0.893726 	 0.962958 	 385.747 	 1692.72 	 568.479 	 0.335838 	 1317.67 	 1619.24 	 10934 	 0.922856 	 493.823 	 867.839 	 1556.85 	 1449.5 	 0.409483 	 1675.14 	 1506.01 	 708.155 	 0.454864 	 0 	 0 	 NaN 	 NaN 	 0 	 0 	 0 	 NaN 	 NaN 	 NaN 	 NaN 	 0 	 0 	 NaN 	 NaN 	 98.608 	 -104.827 	 55.8958 	 0.372102 	 150.216 	 437 	 1452 	 828.989 	 623.981 	 4 	 3977.48 	 0.511704 	 44.0088 	 17.1991 	 30.9345 	 10.3972 	 126 	 83 	 109.25 	 20.8387 	  Tumour 
23 	 441.718 	 1857.1 	 300.696 	 205.779 	 5993 	 99.0751 	 77.3886 	 0.624393 	 0.961341 	 309.078 	 1263.39 	 308.028 	 0.24381 	 951.521 	 1189.92 	 17285 	 0.965858 	 571.328 	 770.091 	 1071.69 	 964.337 	 0.314815 	 1125.08 	 1064.38 	 414.49 	 0.386764 	 76 	 77 	 187.224 	 80.7244 	 1 	 0 	 0 	 NaN 	 NaN 	 NaN 	 NaN 	 76 	 76 	 76 	 0 	 102.852 	 -52.3639 	 56.1583 	 0.363578 	 154.46 	 85 	 85 	 346.553 	 141.546 	 1 	 0 	 0 	 NaN 	 NaN 	 NaN 	 NaN 	 85 	 85 	 85 	 0 	  Tumour 
24 	 438.72 	 1364.43 	 534.183 	 154.402 	 4947 	 162.036 	 40.324 	 0.96854 	 0.900929 	 387.605 	 1401.28 	 487.979 	 0.348239 	 1021.47 	 1327.8 	 7971 	 0.842957 	 541.723 	 1223.65 	 1527.94 	 1420.59 	 0.408644 	 1523.42 	 1529.82 	 578.766 	 0.378788 	 45 	 45 	 194.756 	 88.2563 	 1 	 0 	 0 	 NaN 	 NaN 	 NaN 	 NaN 	 45 	 45 	 45 	 0 	 182.495 	 -82.4399 	 67.8023 	 0.289625 	 234.103 	 789 	 1486 	 652.499 	 447.492 	 4 	 1578.13 	 0.319007 	 59.6488 	 12.5131 	 35.4544 	 18.3197 	 420 	 45 	 197.25 	 178.216 	  Tumour 
25 	 519.635 	 1893.99 	 384.293 	 141.322 	 16656 	 202.625 	 106.606 	 0.850407 	 0.937627 	 606.34 	 1536.36 	 434.857 	 0.283043 	 1197.08 	 1462.89 	 33311 	 0.792893 	 1081.98 	 739.056 	 1021.1 	 913.75 	 0.165631 	 1137.49 	 1010.65 	 584.784 	 0.5727 	 186 	 579 	 230.989 	 124.49 	 2 	 5134.71 	 0.30828 	 37.2334 	 37.2334 	 37.2334 	 0 	 98 	 88 	 93 	 7.07107 	 78.0781 	 -70.6741 	 48.1183 	 0.371036 	 129.686 	 899 	 2801 	 956.245 	 751.237 	 4 	 2952.27 	 0.177249 	 95.1492 	 11.6469 	 59.1105 	 33.3091 	 391 	 73 	 224.75 	 142.591 	  Tumour 
26 	 503.593 	 1587.1 	 422.623 	 197.307 	 10622 	 151.95 	 90.4944 	 0.803314 	 0.973335 	 427.831 	 1537.83 	 516.509 	 0.335868 	 1160.58 	 1464.36 	 14240 	 0.922698 	 559.765 	 987.339 	 1745.55 	 1638.2 	 0.434615 	 1751.32 	 1721.03 	 450.012 	 0.257805 	 90 	 523 	 134.011 	 27.5118 	 2 	 686.003 	 0.0645832 	 62.9682 	 62.9682 	 62.9682 	 0 	 45 	 45 	 45 	 0 	 142.317 	 -111.918 	 66.9555 	 0.345264 	 193.925 	 1433 	 3939 	 821.058 	 616.051 	 5 	 2564.76 	 0.241457 	 58.6188 	 19.0755 	 40.3866 	 12.9328 	 935 	 61 	 286.6 	 364.462 	  Tumour 
27 	 506.879 	 1477.28 	 491.867 	 105.646 	 4694 	 147.015 	 42.2908 	 0.957732 	 0.921838 	 350.718 	 1255.82 	 381.18 	 0.30353 	 863.347 	 1182.35 	 7996 	 0.869887 	 455.48 	 720.787 	 1033.26 	 925.914 	 0.398585 	 1606.4 	 864.944 	 744.563 	 0.720593 	 90 	 144 	 157.1 	 50.6007 	 2 	 1186.42 	 0.252752 	 12.7279 	 12.7279 	 12.7279 	 0 	 45 	 45 	 45 	 0 	 73.4069 	 -59.1047 	 42.2862 	 0.338249 	 125.015 	 421 	 1651 	 501.344 	 296.337 	 5 	 761.258 	 0.162177 	 68.4436 	 15.9375 	 34.6371 	 15.9022 	 147 	 45 	 84.2 	 43.3901 	  Tumour 
28 	 521.289 	 523.451 	 669.259 	 307.405 	 3278 	 80.0247 	 53.1754 	 0.7473 	 0.947125 	 234.309 	 1876.02 	 799.292 	 0.426057 	 1402.08 	 1802.55 	 4961 	 0.968189 	 288.083 	 410.095 	 403.011 	 295.661 	 0 	 0 	 0 	 116.973 	 0.290248 	 127 	 149 	 192.22 	 85.7212 	 1 	 0 	 0 	 NaN 	 NaN 	 NaN 	 NaN 	 127 	 127 	 127 	 0 	 28.1703 	 12.2703 	 9.59572 	 0.12028 	 79.7785 	 82 	 86 	 370.061 	 165.054 	 1 	 0 	 0 	 NaN 	 NaN 	 NaN 	 NaN 	 82 	 82 	 82 	 0 	  DCIS 
29 	 519.499 	 27.135 	 1070.66 	 130.614 	 2422 	 63.302 	 48.9208 	 0.634631 	 0.97504 	 188.752 	 1777.25 	 672.203 	 0.378226 	 1437.91 	 1703.78 	 3687 	 0.986884 	 238.284 	 327.295 	 328.948 	 221.598 	 0 	 0 	 0 	 120.132 	 0.365201 	 45 	 45 	 301.489 	 194.99 	 1 	 0 	 0 	 NaN 	 NaN 	 NaN 	 NaN 	 45 	 45 	 45 	 0 	 28.8872 	 12.891 	 10.511 	 0.130578 	 80.4955 	 85 	 87 	 379.976 	 174.969 	 1 	 0 	 0 	 NaN 	 NaN 	 NaN 	 NaN 	 85 	 85 	 85 	 0 	  DCIS 
30 	 546.531 	 987.205 	 915.933 	 131.034 	 4165 	 112.187 	 49.3325 	 0.898128 	 0.937008 	 288.309 	 1432.74 	 403.997 	 0.281974 	 973.747 	 1359.27 	 8366 	 0.807997 	 473.823 	 497.21 	 535.644 	 428.294 	 0.34009 	 763.695 	 492.068 	 321.399 	 0.600023 	 162 	 672 	 178.167 	 71.6674 	 2 	 422.628 	 0.101471 	 55.4303 	 55.4303 	 55.4303 	 0 	 81 	 81 	 81 	 0 	 44.7598 	 -14.8273 	 30.2303 	 0.313696 	 96.3681 	 162 	 510 	 348.586 	 143.579 	 2 	 1121.24 	 0.269205 	 40.5553 	 40.5553 	 40.5553 	 0 	 82 	 80 	 81 	 1.41421 	  Tumour 
31 	 587.219 	 1408.19 	 699.461 	 105.646 	 1762 	 65.0456 	 35.536 	 0.837574 	 0.94275 	 185.539 	 1630.34 	 671.27 	 0.411735 	 1207.69 	 1556.87 	 3068 	 0.922984 	 273.012 	 292.201 	 289.467 	 182.117 	 0.402299 	 411.467 	 257.513 	 167.79 	 0.57965 	 158 	 247 	 191.854 	 85.3552 	 2 	 275.486 	 0.156349 	 15.7148 	 15.7148 	 15.7148 	 0 	 88 	 70 	 79 	 12.7279 	 25.9496 	 15.8315 	 11.2492 	 0.145043 	 77.5579 	 197 	 278 	 362.975 	 157.967 	 2 	 89.9533 	 0.0510518 	 14.9227 	 14.9227 	 14.9227 	 0 	 110 	 87 	 98.5 	 16.2635 	  Other 
32 	 585.342 	 587.101 	 678.189 	 277.651 	 336 	 21.4937 	 20.2421 	 0.336267 	 0.94382 	 70.4264 	 880.024 	 184.659 	 0.209835 	 508.141 	 806.548 	 616 	 0.943338 	 98.3848 	 425.06 	 410.871 	 303.521 	 0.397849 	 405.568 	 405.806 	 77.9252 	 0.189658 	 0 	 0 	 NaN 	 NaN 	 0 	 0 	 0 	 NaN 	 NaN 	 NaN 	 NaN 	 0 	 0 	 NaN 	 NaN 	 59.109 	 18.1391 	 16.3071 	 0.147286 	 110.717 	 0 	 0 	 NaN 	 NaN 	 0 	 0 	 0 	 NaN 	 NaN 	 NaN 	 NaN 	 0 	 0 	 NaN 	 NaN 	  Other 
33 	 626.91 	 1412.44 	 733.892 	 136.473 	 3730 	 126.528 	 48.5347 	 0.923504 	 0.780335 	 316.978 	 1461.61 	 557.516 	 0.381441 	 1144.88 	 1388.13 	 5256 	 0.870487 	 357.539 	 290.206 	 302.854 	 195.504 	 0.3125 	 412.438 	 283.208 	 194.674 	 0.642798 	 64 	 65 	 211.281 	 104.782 	 1 	 0 	 0 	 NaN 	 NaN 	 NaN 	 NaN 	 64 	 64 	 64 	 0 	 28.2464 	 10.6809 	 8.731 	 0.109336 	 79.8547 	 70 	 71 	 328.643 	 123.636 	 1 	 0 	 0 	 NaN 	 NaN 	 NaN 	 NaN 	 70 	 70 	 70 	 0 	  Other 
34 	 613.553 	 585.132 	 703.119 	 253.032 	 1988 	 83.9448 	 31.3929 	 0.927441 	 0.909008 	 209.823 	 1186.67 	 351.95 	 0.296586 	 865.082 	 1113.2 	 3309 	 0.90757 	 267.397 	 289.989 	 302.848 	 195.498 	 0.148 	 431.189 	 293.268 	 92.1752 	 0.304361 	 56 	 57 	 136.446 	 29.9472 	 1 	 0 	 0 	 NaN 	 NaN 	 NaN 	 NaN 	 56 	 56 	 56 	 0 	 32.4843 	 2.64082 	 16.2027 	 0.192677 	 84.0926 	 0 	 0 	 NaN 	 NaN 	 0 	 0 	 0 	 NaN 	 NaN 	 NaN 	 NaN 	 0 	 0 	 NaN 	 NaN 	  Fib 
35 	 636.781 	 83.1109 	 1795.72 	 130.614 	 4986 	 115.088 	 55.8757 	 0.874236 	 0.975734 	 299.522 	 1467.06 	 446.576 	 0.304402 	 1083.79 	 1393.59 	 8316 	 0.930722 	 431.622 	 513.469 	 624.977 	 517.627 	 0 	 0 	 626.008 	 228.958 	 0.366346 	 128 	 575 	 197.047 	 90.5476 	 2 	 213.423 	 0.0428045 	 55.243 	 55.243 	 55.243 	 0 	 77 	 51 	 64 	 18.3848 	 61.0935 	 -17.8134 	 26.3212 	 0.233547 	 112.702 	 126 	 126 	 1096.71 	 891.707 	 1 	 0 	 0 	 NaN 	 NaN 	 NaN 	 NaN 	 126 	 126 	 126 	 0 	  Tumour 
36 	 690.079 	 664.949 	 729.044 	 179.744 	 5177 	 151.572 	 48.1789 	 0.948137 	 0.83689 	 354.191 	 1536.82 	 545.341 	 0.354851 	 1098.59 	 1463.34 	 7151 	 0.85202 	 423.338 	 223.414 	 199.169 	 91.8191 	 0.204545 	 299.173 	 185.152 	 80.5078 	 0.404218 	 73 	 74 	 216.329 	 109.829 	 1 	 0 	 0 	 NaN 	 NaN 	 NaN 	 NaN 	 73 	 73 	 73 	 0 	 21.7184 	 11.4388 	 10.447 	 0.142471 	 73.3266 	 0 	 0 	 NaN 	 NaN 	 0 	 0 	 0 	 NaN 	 NaN 	 NaN 	 NaN 	 0 	 0 	 NaN 	 NaN 	  Fib 
37 	 646.394 	 1829.67 	 1047.17 	 141.322 	 2321 	 84.579 	 35.6142 	 0.907025 	 0.936642 	 218.652 	 1177.66 	 344.015 	 0.292118 	 866.46 	 1104.18 	 3862 	 0.909562 	 276.569 	 505.316 	 636.938 	 529.588 	 0 	 0 	 0 	 546.374 	 0.857813 	 0 	 0 	 NaN 	 NaN 	 0 	 0 	 0 	 NaN 	 NaN 	 NaN 	 NaN 	 0 	 0 	 NaN 	 NaN 	 45.0725 	 7.74999 	 15.9035 	 0.164495 	 96.6807 	 0 	 0 	 NaN 	 NaN 	 0 	 0 	 0 	 NaN 	 NaN 	 NaN 	 NaN 	 0 	 0 	 NaN 	 NaN 	  Other 
38 	 676.304 	 1010.1 	 643.654 	 131.034 	 803 	 50.651 	 21.4123 	 0.90625 	 0.913538 	 129.983 	 1185.47 	 405.668 	 0.342201 	 874.001 	 1111.99 	 1572 	 0.900344 	 172.284 	 258.87 	 250.232 	 142.882 	 0.140244 	 202.261 	 254.344 	 79.4441 	 0.317482 	 0 	 0 	 NaN 	 NaN 	 0 	 0 	 0 	 NaN 	 NaN 	 NaN 	 NaN 	 0 	 0 	 NaN 	 NaN 	 18.4366 	 -0.89662 	 6.7785 	 0.0967738 	 70.0448 	 0 	 0 	 NaN 	 NaN 	 0 	 0 	 0 	 NaN 	 NaN 	 NaN 	 NaN 	 0 	 0 	 NaN 	 NaN 	  Fib 
39 	 695.28 	 726.195 	 709.415 	 148.762 	 3178 	 73.8619 	 55.7265 	 0.656335 	 0.959541 	 227.48 	 1965.4 	 893.985 	 0.454861 	 1619.02 	 1891.93 	 4736 	 0.955224 	 286.912 	 209.713 	 213.456 	 106.106 	 0.301471 	 299.78 	 197.095 	 78.2849 	 0.36675 	 79 	 79 	 207.481 	 100.982 	 1 	 0 	 0 	 NaN 	 NaN 	 NaN 	 NaN 	 79 	 79 	 79 	 0 	 18.6753 	 9.75674 	 10.5559 	 0.150191 	 70.2835 	 118 	 125 	 415.102 	 210.094 	 1 	 0 	 0 	 NaN 	 NaN 	 NaN 	 NaN 	 118 	 118 	 118 	 0 	  DCIS 
40 	 690.771 	 956.622 	 658.438 	 147.092 	 1236 	 56.6666 	 28.8131 	 0.861081 	 0.936364 	 154.368 	 862.887 	 157.054 	 0.18201 	 598.722 	 789.411 	 2187 	 0.952111 	 195.012 	 297.666 	 279.869 	 172.519 	 0.131148 	 207.125 	 282.576 	 79.1714 	 0.282887 	 0 	 0 	 NaN 	 NaN 	 0 	 0 	 0 	 NaN 	 NaN 	 NaN 	 NaN 	 0 	 0 	 NaN 	 NaN 	 26.611 	 -2.17589 	 6.38721 	 0.0816577 	 78.2193 	 0 	 0 	 NaN 	 NaN 	 0 	 0 	 0 	 NaN 	 NaN 	 NaN 	 NaN 	 0 	 0 	 NaN 	 NaN 	  Fib 
41 	 711.244 	 1635.52 	 942.714 	 156.339 	 1536 	 62.0066 	 32.5887 	 0.850751 	 0.9606 	 164.953 	 1227.81 	 467.552 	 0.3808 	 939.141 	 1154.34 	 2726 	 0.961891 	 213.941 	 229.683 	 194.828 	 87.4784 	 0 	 0 	 0 	 42.0608 	 0.215886 	 0 	 0 	 NaN 	 NaN 	 0 	 0 	 0 	 NaN 	 NaN 	 NaN 	 NaN 	 0 	 0 	 NaN 	 NaN 	 20.5083 	 10.7903 	 8.41513 	 0.116688 	 72.1165 	 0 	 0 	 NaN 	 NaN 	 0 	 0 	 0 	 NaN 	 NaN 	 NaN 	 NaN 	 0 	 0 	 NaN 	 NaN 	  Other 
42 	 746.568 	 99.7958 	 1812.87 	 194.023 	 7367 	 120.734 	 80.56 	 0.74483 	 0.94789 	 351.203 	 1848.63 	 543.231 	 0.293855 	 1450.9 	 1775.16 	 12868 	 0.868931 	 568.635 	 567.537 	 773.785 	 666.435 	 0.261036 	 782.926 	 771.372 	 143.255 	 0.185135 	 152 	 585 	 219.336 	 112.836 	 2 	 245.697 	 0.033351 	 47.4607 	 47.4607 	 47.4607 	 0 	 79 	 73 	 76 	 4.24264 	 84.3193 	 -67.1554 	 34.6857 	 0.255178 	 135.928 	 411 	 1642 	 652.251 	 447.243 	 3 	 1730.12 	 0.234848 	 58.9115 	 18.6019 	 43.1666 	 19.2782 	 177 	 108 	 137 	 35.7911 	  Tumour 
43 	 761.32 	 1950.46 	 1212 	 214.709 	 1620 	 54.6414 	 39.9594 	 0.682053 	 0.907055 	 174.894 	 1102.96 	 336.13 	 0.304752 	 812.81 	 1029.49 	 3042 	 0.98129 	 225.255 	 280.098 	 196.472 	 89.1216 	 0 	 0 	 0 	 143.568 	 0.730729 	 0 	 0 	 NaN 	 NaN 	 0 	 0 	 0 	 NaN 	 NaN 	 NaN 	 NaN 	 0 	 0 	 NaN 	 NaN 	 19.2702 	 5.15062 	 11.5542 	 0.163015 	 70.8784 	 0 	 0 	 NaN 	 NaN 	 0 	 0 	 0 	 NaN 	 NaN 	 NaN 	 NaN 	 0 	 0 	 NaN 	 NaN 	  Other 
44 	 804.385 	 167.048 	 1770.23 	 110.494 	 6662 	 133.364 	 64.8838 	 0.87367 	 0.956359 	 351.647 	 1396.52 	 618.67 	 0.443008 	 1048.94 	 1323.05 	 10289 	 0.910209 	 506.593 	 539.662 	 629.968 	 522.618 	 0.298283 	 728.813 	 608.823 	 210.753 	 0.334546 	 52 	 55 	 146.673 	 40.1738 	 1 	 0 	 0 	 NaN 	 NaN 	 NaN 	 NaN 	 52 	 52 	 52 	 0 	 77.7477 	 -10.948 	 35.506 	 0.274483 	 129.356 	 382 	 1209 	 416.866 	 211.859 	 3 	 2950.75 	 0.442923 	 49.0051 	 22.3185 	 35.9019 	 11.9404 	 174 	 92 	 127.333 	 42.1584 	  Tumour 
45 	 814.166 	 429.723 	 1533.61 	 138.514 	 7226 	 98.5914 	 93.5016 	 0.31715 	 0.986215 	 319.605 	 1071.44 	 186.269 	 0.173849 	 761.702 	 997.969 	 14916 	 0.879689 	 594.392 	 546.44 	 868.741 	 761.391 	 0.0255474 	 1452.64 	 867.383 	 338.033 	 0.389107 	 0 	 0 	 NaN 	 NaN 	 0 	 0 	 0 	 NaN 	 NaN 	 NaN 	 NaN 	 0 	 0 	 NaN 	 NaN 	 55.1627 	 -61.6116 	 36.6329 	 0.343098 	 106.771 	 503 	 3396 	 521.857 	 316.85 	 4 	 2513.47 	 0.347837 	 68.5731 	 23.0664 	 53.5441 	 16.7703 	 168 	 48 	 125.75 	 53.556 	  Tumour 
46 	 809.985 	 1514.51 	 727.496 	 156.339 	 6320 	 130.848 	 62.2944 	 0.8794 	 0.96415 	 348.576 	 1513.06 	 492.335 	 0.32539 	 1103.47 	 1439.58 	 9565 	 0.910605 	 460.066 	 589.859 	 818.049 	 710.699 	 0.340326 	 1183.47 	 732.542 	 421.77 	 0.51558 	 83 	 85 	 213.627 	 107.127 	 1 	 0 	 0 	 NaN 	 NaN 	 NaN 	 NaN 	 83 	 83 	 83 	 0 	 102.383 	 -42.4764 	 49.2135 	 0.319587 	 153.991 	 646 	 1531 	 968.542 	 763.534 	 3 	 891.702 	 0.141092 	 38.5833 	 15.5436 	 29.8609 	 11.178 	 433 	 79 	 215.333 	 190.5 	  Tumour 
47 	 825.014 	 1430.27 	 778.974 	 198.816 	 4900 	 86.2401 	 72.6235 	 0.539308 	 0.979217 	 268.108 	 2322.96 	 1044.76 	 0.449755 	 1935.67 	 2249.49 	 12335 	 0.913704 	 554.978 	 832.954 	 1480.28 	 1372.92 	 0.259332 	 1392.59 	 1465.03 	 724.208 	 0.489239 	 217 	 674 	 213.539 	 107.04 	 3 	 1419.64 	 0.289722 	 47.5001 	 22.787 	 31.8702 	 12.1599 	 113 	 51 	 72.3333 	 35.2326 	 87.6587 	 -84.8308 	 40.9625 	 0.294129 	 139.267 	 592 	 872 	 1050.46 	 845.455 	 2 	 794.148 	 0.162071 	 29.5176 	 29.5176 	 29.5176 	 0 	 491 	 101 	 296 	 275.772 	  Tumour 
48 	 851.107 	 1171.07 	 952.238 	 237.794 	 14468 	 181.675 	 112.01 	 0.787326 	 0.900872 	 538.215 	 1492.03 	 587.245 	 0.393588 	 1164.01 	 1418.55 	 21877 	 0.899104 	 775.505 	 890.483 	 1544.68 	 1437.33 	 0.0625 	 1703.62 	 1530.88 	 428.863 	 0.277639 	 338 	 4964 	 195.305 	 88.8055 	 4 	 2447.48 	 0.169165 	 98.5386 	 22.1249 	 74.5748 	 26.4301 	 88 	 76 	 84.5 	 5.68624 	 83.9442 	 -92.8991 	 50.1321 	 0.369835 	 135.552 	 1635 	 5225 	 950.542 	 745.535 	 8 	 4207.02 	 0.290781 	 100.055 	 5.30652 	 51.8347 	 24.3022 	 746 	 8 	 204.375 	 279.277 	  Tumour 
49 	 838.308 	 767.048 	 1252.24 	 146.328 	 4440 	 93.5441 	 61.58 	 0.752757 	 0.980132 	 264.049 	 1314.22 	 378.686 	 0.288145 	 1012.52 	 1240.74 	 13318 	 0.860169 	 565.948 	 969.755 	 1754.91 	 1647.56 	 0.0368932 	 2948.11 	 1720.05 	 661.305 	 0.376831 	 0 	 0 	 NaN 	 NaN 	 0 	 0 	 0 	 NaN 	 NaN 	 NaN 	 NaN 	 0 	 0 	 NaN 	 NaN 	 74.6262 	 -44.5286 	 29.1699 	 0.231077 	 126.234 	 146 	 154 	 924.041 	 719.034 	 1 	 0 	 0 	 NaN 	 NaN 	 NaN 	 NaN 	 146 	 146 	 146 	 0 	  Tumour 
50 	 904.029 	 213.627 	 1160.57 	 110.494 	 3059 	 122.903 	 34.1899 	 0.960527 	 0.862176 	 288.576 	 1122.98 	 305.066 	 0.271657 	 811.013 	 1049.51 	 5209 	 0.921621 	 351.037 	 249.465 	 239.019 	 131.669 	 0.126984 	 243 	 238.88 	 76.8461 	 0.321506 	 0 	 0 	 NaN 	 NaN 	 0 	 0 	 0 	 NaN 	 NaN 	 NaN 	 NaN 	 0 	 0 	 NaN 	 NaN 	 19.7487 	 3.53427 	 10.9654 	 0.15367 	 71.357 	 0 	 0 	 NaN 	 NaN 	 0 	 0 	 0 	 NaN 	 NaN 	 NaN 	 NaN 	 0 	 0 	 NaN 	 NaN 	  Fib 
51 	 891.868 	 631.277 	 927.567 	 146.328 	 838 	 51.2686 	 21.9791 	 0.903445 	 0.91385 	 129.397 	 916.778 	 219.839 	 0.239795 	 618.591 	 843.303 	 2737 	 0.882334 	 248.083 	 1276.3 	 1469.53 	 1362.18 	 0.333333 	 1809.71 	 1383.47 	 605.442 	 0.411999 	 0 	 0 	 NaN 	 NaN 	 0 	 0 	 0 	 NaN 	 NaN 	 NaN 	 NaN 	 0 	 0 	 NaN 	 NaN 	 210.898 	 4.42067 	 22.1635 	 0.0844304 	 262.506 	 0 	 0 	 NaN 	 NaN 	 0 	 0 	 0 	 NaN 	 NaN 	 NaN 	 NaN 	 0 	 0 	 NaN 	 NaN 	  Other 
52 	 940.318 	 1540.42 	 839.598 	 199.06 	 7634 	 126.616 	 77.4173 	 0.791295 	 0.980604 	 345.362 	 1215.94 	 274.535 	 0.22578 	 932.824 	 1142.47 	 17728 	 0.918169 	 632.049 	 850.822 	 1549.92 	 1442.57 	 0.14726 	 1589.87 	 1521.68 	 457.603 	 0.295244 	 79 	 81 	 195.633 	 89.1336 	 1 	 0 	 0 	 NaN 	 NaN 	 NaN 	 NaN 	 79 	 79 	 79 	 0 	 65.4316 	 -81.1385 	 35.401 	 0.302469 	 117.04 	 1036 	 2952 	 954.116 	 749.108 	 5 	 1432.37 	 0.18763 	 53.6799 	 11.5756 	 35.878 	 14.5289 	 708 	 45 	 207.2 	 280.949 	  Tumour 
53 	 954.897 	 1857.68 	 811.421 	 162.012 	 8823 	 132.712 	 86.0945 	 0.761016 	 0.954354 	 381.061 	 915.611 	 434.658 	 0.474719 	 735.851 	 842.136 	 23778 	 0.971363 	 705.453 	 782.737 	 767.611 	 660.261 	 0 	 0 	 767.478 	 317.329 	 0.413398 	 36 	 37 	 113.333 	 6.83407 	 1 	 0 	 0 	 NaN 	 NaN 	 NaN 	 NaN 	 36 	 36 	 36 	 0 	 83.6638 	 -37.5556 	 29.7099 	 0.219631 	 135.272 	 241 	 701 	 1031.08 	 826.071 	 2 	 3997.27 	 0.453051 	 46.5079 	 46.5079 	 46.5079 	 0 	 165 	 76 	 120.5 	 62.9325 	  Tumour 
54 	 945.004 	 474.796 	 1042.97 	 138.514 	 2788 	 122.613 	 30.8737 	 0.96778 	 0.941892 	 282.676 	 969.101 	 421.274 	 0.434706 	 721.709 	 895.625 	 17843 	 0.932334 	 611.973 	 636.347 	 1349.91 	 1242.55 	 0.132216 	 1443.23 	 1321.03 	 953.498 	 0.706345 	 99 	 101 	 159.455 	 52.9553 	 1 	 0 	 0 	 NaN 	 NaN 	 NaN 	 NaN 	 99 	 99 	 99 	 0 	 24.5252 	 0.633429 	 9.66352 	 0.126929 	 76.1334 	 83 	 83 	 312.133 	 107.125 	 1 	 0 	 0 	 NaN 	 NaN 	 NaN 	 NaN 	 83 	 83 	 83 	 0 	  Fib 
55 	 948.793 	 159.181 	 1230.75 	 145.221 	 1245 	 48.1542 	 33.6644 	 0.715028 	 0.953292 	 139.196 	 1514.36 	 670.264 	 0.442607 	 1219.18 	 1440.88 	 2083 	 0.924956 	 193.64 	 247.904 	 227.674 	 120.324 	 0.228571 	 242.725 	 225.284 	 55.5955 	 0.244189 	 0 	 0 	 NaN 	 NaN 	 0 	 0 	 0 	 NaN 	 NaN 	 NaN 	 NaN 	 0 	 0 	 NaN 	 NaN 	 22.0857 	 4.78215 	 7.13616 	 0.096835 	 73.694 	 0 	 0 	 NaN 	 NaN 	 0 	 0 	 0 	 NaN 	 NaN 	 NaN 	 NaN 	 0 	 0 	 NaN 	 NaN 	  Fib 
56 	 995.934 	 1234.33 	 1027.61 	 390.61 	 5981 	 96.8183 	 79.0212 	 0.577798 	 0.980331 	 300.25 	 1067.37 	 217.174 	 0.203467 	 774.327 	 993.891 	 15294 	 0.871006 	 605.463 	 870.234 	 1772.93 	 1665.58 	 0.346499 	 1735.39 	 1768.68 	 434.7 	 0.245187 	 89 	 89 	 178.596 	 72.0962 	 1 	 0 	 0 	 NaN 	 NaN 	 NaN 	 NaN 	 89 	 89 	 89 	 0 	 59.1336 	 -89.3373 	 24.7161 	 0.223187 	 110.742 	 447 	 1560 	 696.924 	 491.917 	 4 	 235.861 	 0.039435 	 60.878 	 17.6231 	 36.5543 	 15.9191 	 170 	 69 	 111.75 	 50.0625 	  Tumour 
57 	 1063.18 	 763.67 	 1391.7 	 216.633 	 8287 	 107.135 	 104.339 	 0.226951 	 0.92324 	 386.676 	 842.802 	 197.707 	 0.234583 	 535.386 	 769.327 	 17839 	 0.949641 	 553.019 	 917.162 	 1847.54 	 1740.19 	 0.1 	 1609.92 	 1868.71 	 430.124 	 0.232809 	 63 	 66 	 171.381 	 64.8817 	 1 	 0 	 0 	 NaN 	 NaN 	 NaN 	 NaN 	 63 	 63 	 63 	 0 	 63.5177 	 -77.2816 	 34.0414 	 0.295689 	 115.126 	 452 	 1507 	 319.465 	 114.457 	 6 	 3377.46 	 0.407562 	 59.7048 	 8.97351 	 34.4492 	 17.9134 	 166 	 15 	 75.3333 	 62.3944 	  Tumour 
58 	 1032.83 	 1715.94 	 1241.06 	 113.635 	 495 	 25.4368 	 24.8655 	 0.210737 	 0.978261 	 81.0122 	 1427.28 	 465.607 	 0.32622 	 1159.51 	 1353.8 	 1963 	 0.894305 	 201.841 	 1055.72 	 1229.72 	 1122.37 	 0.306878 	 1116.14 	 1254.98 	 236.625 	 0.192422 	 0 	 0 	 NaN 	 NaN 	 0 	 0 	 0 	 NaN 	 NaN 	 NaN 	 NaN 	 0 	 0 	 NaN 	 NaN 	 136.357 	 -33.8831 	 34.0468 	 0.181133 	 187.966 	 0 	 0 	 NaN 	 NaN 	 0 	 0 	 0 	 NaN 	 NaN 	 NaN 	 NaN 	 0 	 0 	 NaN 	 NaN 	  Other 
59 	 1109.67 	 1611.6 	 985.104 	 129.402 	 9599 	 146.109 	 86.1206 	 0.807821 	 0.957984 	 415.203 	 1140.11 	 308.911 	 0.270949 	 845.776 	 1066.63 	 18233 	 0.902624 	 654.09 	 775.758 	 1565.84 	 1458.49 	 0.252087 	 1615.79 	 1534.46 	 616.393 	 0.393651 	 166 	 371 	 181.277 	 74.7778 	 2 	 1505.15 	 0.156802 	 27.4178 	 27.4178 	 27.4178 	 0 	 84 	 82 	 83 	 1.41421 	 85.6331 	 -103.025 	 39.098 	 0.284885 	 137.241 	 528 	 2183 	 715.797 	 510.79 	 5 	 2309.54 	 0.240602 	 70.1877 	 16.7627 	 40.1923 	 16.2838 	 171 	 45 	 105.6 	 49.0388 	  Tumour 
60 	 1054.5 	 41.78 	 1387.14 	 279.508 	 1309 	 58.3258 	 29.2092 	 0.865566 	 0.954778 	 152.652 	 1410.43 	 663.166 	 0.470188 	 1103.41 	 1336.95 	 2508 	 0.969838 	 203.598 	 282.518 	 220.021 	 112.671 	 0 	 0 	 0 	 44.7974 	 0.203605 	 87 	 89 	 183.448 	 76.949 	 1 	 0 	 0 	 NaN 	 NaN 	 NaN 	 NaN 	 87 	 87 	 87 	 0 	 34.831 	 12.4816 	 10.0312 	 0.11605 	 86.4393 	 0 	 0 	 NaN 	 NaN 	 0 	 0 	 0 	 NaN 	 NaN 	 NaN 	 NaN 	 0 	 0 	 NaN 	 NaN 	  Other 
61 	 1097.56 	 1074.05 	 1204.12 	 393.286 	 9703 	 128.74 	 97.0171 	 0.657348 	 0.952115 	 412.132 	 1167.04 	 248.161 	 0.212642 	 873.111 	 1093.56 	 22232 	 0.916179 	 711.688 	 717.388 	 1398.1 	 1290.75 	 0.0511628 	 1612.79 	 1377.49 	 521.873 	 0.373273 	 79 	 81 	 158.013 	 51.5134 	 1 	 0 	 0 	 NaN 	 NaN 	 NaN 	 NaN 	 79 	 79 	 79 	 0 	 44.5229 	 -85.1851 	 25.4542 	 0.264786 	 96.1311 	 443 	 1466 	 780.499 	 575.492 	 3 	 3433.52 	 0.353861 	 60.2919 	 15.5846 	 41.1874 	 20.6176 	 172 	 127 	 147.667 	 22.723 	  Tumour 
62 	 1095.38 	 1245.31 	 1105.32 	 475.063 	 4648 	 92.3754 	 64.9081 	 0.71153 	 0.968737 	 279.078 	 1215.04 	 289.909 	 0.238601 	 878.796 	 1141.56 	 9205 	 0.911116 	 466.693 	 869.474 	 1648.67 	 1541.32 	 0.624709 	 1764.33 	 1606.98 	 482.436 	 0.292621 	 84 	 87 	 169.869 	 63.3698 	 1 	 0 	 0 	 NaN 	 NaN 	 NaN 	 NaN 	 84 	 84 	 84 	 0 	 75.5473 	 -120.675 	 35.7765 	 0.28136 	 127.156 	 465 	 1778 	 432.705 	 227.698 	 4 	 1704.96 	 0.366816 	 59.0397 	 19.9491 	 38.3142 	 16.5589 	 238 	 61 	 116.25 	 81.8632 	  Tumour 
63 	 1104.27 	 471.174 	 1647 	 159.05 	 2445 	 78.6385 	 40.2148 	 0.85935 	 0.970623 	 205.095 	 1402.95 	 492.422 	 0.350991 	 1020.54 	 1329.47 	 5128 	 0.891826 	 360.61 	 759.143 	 975.662 	 868.312 	 0.139466 	 977.021 	 974.006 	 546.11 	 0.559733 	 26 	 26 	 164.615 	 58.1161 	 1 	 0 	 0 	 NaN 	 NaN 	 NaN 	 NaN 	 26 	 26 	 26 	 0 	 116.449 	 -34.7031 	 56.447 	 0.33588 	 168.057 	 54 	 54 	 248.926 	 43.9186 	 1 	 0 	 0 	 NaN 	 NaN 	 NaN 	 NaN 	 54 	 54 	 54 	 0 	  Tumour 
64 	 1146.19 	 1703.6 	 1006.6 	 101.39 	 7003 	 137.118 	 65.4639 	 0.87867 	 0.964335 	 359.948 	 1781 	 614.724 	 0.345156 	 1415.94 	 1707.53 	 11946 	 0.891692 	 533.924 	 789.999 	 1205.86 	 1098.51 	 0.692308 	 1223.91 	 1223.89 	 399.816 	 0.331562 	 145 	 363 	 195.241 	 88.7421 	 2 	 664.509 	 0.0948892 	 27.4495 	 27.4495 	 27.4495 	 0 	 76 	 69 	 72.5 	 4.94975 	 103.848 	 -122.505 	 55.2963 	 0.355704 	 155.456 	 1269 	 2039 	 954.619 	 749.612 	 2 	 867.061 	 0.123813 	 33.7414 	 33.7414 	 33.7414 	 0 	 1083 	 186 	 634.5 	 634.275 	  Tumour 
65 	 1151.18 	 1320.62 	 1118.55 	 405.73 	 11788 	 141.815 	 107.198 	 0.654685 	 0.972286 	 432.86 	 1625.91 	 588.616 	 0.362022 	 1230.87 	 1552.44 	 19602 	 0.902985 	 666.676 	 840.612 	 1597.09 	 1489.74 	 0.361111 	 1511.31 	 1611.23 	 647.462 	 0.405401 	 310 	 3821 	 201.955 	 95.4556 	 4 	 1444.54 	 0.122543 	 88.6242 	 39.2422 	 60.9477 	 16.5332 	 88 	 70 	 77.5 	 7.59386 	 128.697 	 -126.284 	 81.061 	 0.449576 	 180.306 	 1197 	 4312 	 996.401 	 791.394 	 5 	 5808.35 	 0.492734 	 105.105 	 29.0461 	 57.9216 	 23.2428 	 905 	 26 	 239.4 	 373.268 	  Tumour 
66 	 1166.31 	 1754.25 	 1022.53 	 81.6088 	 2314 	 112.444 	 34.724 	 0.951123 	 0.725165 	 262.066 	 1061.56 	 344.319 	 0.324354 	 761.639 	 988.08 	 12781 	 0.746641 	 683.63 	 662.276 	 846.17 	 738.82 	 0.24547 	 1015.95 	 816.067 	 484.639 	 0.572745 	 0 	 0 	 NaN 	 NaN 	 0 	 0 	 0 	 NaN 	 NaN 	 NaN 	 NaN 	 0 	 0 	 NaN 	 NaN 	 110.266 	 4.30528 	 65.3088 	 0.403455 	 161.874 	 81 	 90 	 202 	 -3.00735 	 1 	 0 	 0 	 NaN 	 NaN 	 NaN 	 NaN 	 81 	 81 	 81 	 0 	  Tumour 
67 	 1156.4 	 585.135 	 1588.32 	 237.952 	 8274 	 151.919 	 73.9803 	 0.873418 	 0.917295 	 409.061 	 1684.47 	 514.351 	 0.305348 	 1134.41 	 1611 	 11653 	 0.830045 	 598.007 	 941.384 	 1336.47 	 1229.12 	 0.514388 	 1500 	 1296.37 	 481.482 	 0.360265 	 156 	 521 	 196.923 	 90.4238 	 2 	 1410.69 	 0.170497 	 47.0056 	 47.0056 	 47.0056 	 0 	 83 	 73 	 78 	 7.07107 	 123.612 	 -108.541 	 60.4417 	 0.344947 	 175.22 	 1182 	 4171 	 857.831 	 652.823 	 5 	 3273.2 	 0.395601 	 90.9025 	 23.0655 	 52.9552 	 22.184 	 747 	 91 	 236.4 	 286.126 	  Tumour 
68 	 1204.58 	 490.193 	 1692.93 	 175.935 	 6642 	 121.238 	 70.4325 	 0.813945 	 0.964846 	 336.576 	 1620.98 	 514.572 	 0.317445 	 1229.73 	 1547.5 	 11357 	 0.862994 	 564.25 	 700.826 	 1044.01 	 936.663 	 0.463602 	 1242.33 	 995.544 	 327.215 	 0.313421 	 86 	 87 	 200.14 	 93.6403 	 1 	 0 	 0 	 NaN 	 NaN 	 NaN 	 NaN 	 86 	 86 	 86 	 0 	 94.2344 	 -68.0972 	 48.6884 	 0.333842 	 145.843 	 830 	 972 	 1047.9 	 842.888 	 1 	 0 	 0 	 NaN 	 NaN 	 NaN 	 NaN 	 830 	 830 	 830 	 0 	  Tumour 
69 	 1173.36 	 316.967 	 1319.28 	 168.751 	 948 	 48.0727 	 25.8003 	 0.843777 	 0.960486 	 127.154 	 1237.18 	 526.592 	 0.42564 	 920.366 	 1163.7 	 1871 	 0.972453 	 175.113 	 344.635 	 316.38 	 209.029 	 0 	 0 	 0 	 62.2231 	 0.196672 	 0 	 0 	 NaN 	 NaN 	 0 	 0 	 0 	 NaN 	 NaN 	 NaN 	 NaN 	 0 	 0 	 NaN 	 NaN 	 31.9129 	 13.7905 	 13.3717 	 0.160099 	 83.5211 	 0 	 0 	 NaN 	 NaN 	 0 	 0 	 0 	 NaN 	 NaN 	 NaN 	 NaN 	 0 	 0 	 NaN 	 NaN 	  Other 
70 	 1184.86 	 1434.62 	 1105.54 	 300.842 	 4786 	 94.513 	 64.9153 	 0.726809 	 0.97554 	 273.078 	 1352.67 	 465.438 	 0.344088 	 1004.19 	 1279.19 	 8505 	 0.911087 	 416.167 	 891.174 	 1315.88 	 1208.53 	 0.546392 	 1212.72 	 1351.82 	 396.406 	 0.301247 	 163 	 229 	 196.89 	 90.3903 	 2 	 862.811 	 0.180278 	 13.6359 	 13.6359 	 13.6359 	 0 	 87 	 76 	 81.5 	 7.77817 	 126.267 	 -109.774 	 48.3886 	 0.272037 	 177.875 	 585 	 824 	 935.704 	 730.697 	 1 	 0 	 0 	 NaN 	 NaN 	 NaN 	 NaN 	 585 	 585 	 585 	 0 	  Tumour 
71 	 1215.64 	 909.756 	 1398.94 	 239.002 	 9398 	 120.787 	 99.5231 	 0.566654 	 0.985012 	 375.605 	 1130.94 	 214.891 	 0.190012 	 811.141 	 1057.46 	 17724 	 0.857848 	 674.919 	 828.607 	 1921.55 	 1814.2 	 0.405493 	 2074.77 	 1847.7 	 692.015 	 0.360134 	 72 	 76 	 138.875 	 32.3757 	 1 	 0 	 0 	 NaN 	 NaN 	 NaN 	 NaN 	 72 	 72 	 72 	 0 	 51.789 	 -89.2239 	 36.5712 	 0.353696 	 103.397 	 1197 	 2635 	 870.915 	 665.907 	 4 	 1318.66 	 0.140312 	 45.7043 	 19.6523 	 31.3433 	 8.50275 	 866 	 45 	 299.25 	 380.648 	  Tumour 
72 	 1197.27 	 755.197 	 1489.88 	 300.466 	 3987 	 78.3527 	 66.2398 	 0.534125 	 0.959567 	 259.782 	 710.88 	 162.32 	 0.228337 	 325.243 	 637.404 	 18172 	 0.958136 	 573.061 	 873.68 	 1959.02 	 1851.67 	 0.5706 	 1974.68 	 1946.81 	 543.546 	 0.277458 	 0 	 0 	 NaN 	 NaN 	 0 	 0 	 0 	 NaN 	 NaN 	 NaN 	 NaN 	 0 	 0 	 NaN 	 NaN 	 57.0594 	 -42.2713 	 33.4012 	 0.30737 	 108.668 	 265 	 374 	 545.925 	 340.917 	 3 	 3624.11 	 0.908982 	 16.6006 	 11.0891 	 12.9631 	 2.81801 	 152 	 51 	 88.3333 	 55.4106 	  Tumour 
73 	 1257.47 	 1534.73 	 1145.5 	 195.433 	 13021 	 149.761 	 114.085 	 0.647833 	 0.957215 	 476.6 	 1628.78 	 502.32 	 0.308402 	 1250.94 	 1555.31 	 21964 	 0.857232 	 771.747 	 701.285 	 1084.38 	 977.033 	 0.502098 	 1147.07 	 1064.86 	 280.777 	 0.258928 	 334 	 1798 	 238.85 	 132.351 	 4 	 2385.23 	 0.183184 	 77.615 	 22.542 	 46.5861 	 19.9093 	 99 	 76 	 83.5 	 10.5357 	 113.209 	 -93.5553 	 56.1773 	 0.340845 	 164.818 	 1829 	 5470 	 1095.34 	 890.337 	 6 	 2404.3 	 0.184648 	 88.4943 	 24.4733 	 54.5105 	 18.9245 	 725 	 70 	 304.833 	 262.373 	  Tumour 
74 	 1262.04 	 592.976 	 1651.9 	 247.324 	 8424 	 115.687 	 95.1581 	 0.568697 	 0.940914 	 403.588 	 1079.28 	 232.206 	 0.215148 	 700.324 	 1005.81 	 27777 	 0.956607 	 724.759 	 821.81 	 1531.53 	 1424.18 	 0.483232 	 1426.36 	 1553.57 	 398.718 	 0.26034 	 80 	 81 	 174.425 	 67.9257 	 1 	 0 	 0 	 NaN 	 NaN 	 NaN 	 NaN 	 80 	 80 	 80 	 0 	 81.4969 	 -79.8928 	 45.7559 	 0.343758 	 133.105 	 188 	 377 	 332.846 	 127.838 	 2 	 3240.91 	 0.384723 	 25.4161 	 25.4161 	 25.4161 	 0 	 115 	 73 	 94 	 29.6985 	  Tumour 
75 	 1243.95 	 1730.04 	 1423.91 	 81.6088 	 1365 	 62.1017 	 28.4901 	 0.888558 	 0.943331 	 162.267 	 892.165 	 167.146 	 0.187349 	 543.039 	 818.689 	 4729 	 0.887076 	 327.095 	 1001.56 	 1350.02 	 1242.67 	 0.61794 	 1594.5 	 1214.93 	 569.404 	 0.421776 	 0 	 0 	 NaN 	 NaN 	 0 	 0 	 0 	 NaN 	 NaN 	 NaN 	 NaN 	 0 	 0 	 NaN 	 NaN 	 132.502 	 -50.5954 	 43.5273 	 0.23642 	 184.11 	 0 	 0 	 NaN 	 NaN 	 0 	 0 	 0 	 NaN 	 NaN 	 NaN 	 NaN 	 0 	 0 	 NaN 	 NaN 	  Other 
76 	 1279.99 	 974.653 	 1409.06 	 187.032 	 4154 	 98.6451 	 54.3053 	 0.834827 	 0.976263 	 262.794 	 1319.42 	 396.958 	 0.300858 	 972.076 	 1245.94 	 10416 	 0.884887 	 513.664 	 1409.73 	 1710.33 	 1602.98 	 0.246285 	 1762.92 	 1700.91 	 579.883 	 0.339048 	 0 	 0 	 NaN 	 NaN 	 0 	 0 	 0 	 NaN 	 NaN 	 NaN 	 NaN 	 0 	 0 	 NaN 	 NaN 	 171.753 	 -85.8909 	 45.8606 	 0.20532 	 223.361 	 117 	 120 	 1169.86 	 964.856 	 1 	 0 	 0 	 NaN 	 NaN 	 NaN 	 NaN 	 117 	 117 	 117 	 0 	  Tumour 
77 	 1301.83 	 1618.94 	 1172.66 	 125.24 	 6021 	 159.083 	 54 	 0.940626 	 0.874129 	 394.291 	 1445.82 	 434.363 	 0.300427 	 1080.56 	 1372.34 	 9992 	 0.832667 	 530.794 	 674.996 	 967.24 	 859.89 	 0.471774 	 1236.07 	 877.736 	 549.172 	 0.567772 	 0 	 0 	 NaN 	 NaN 	 0 	 0 	 0 	 NaN 	 NaN 	 NaN 	 NaN 	 0 	 0 	 NaN 	 NaN 	 100.782 	 -48.8001 	 65.6238 	 0.430629 	 152.39 	 402 	 1331 	 593.279 	 388.271 	 4 	 2356.53 	 0.391386 	 52.3636 	 15.3337 	 32.316 	 14.1479 	 132 	 45 	 100.5 	 38.4924 	  Tumour 
78 	 1310.52 	 796.386 	 1545.24 	 183.044 	 5550 	 98.2918 	 72.095 	 0.679711 	 0.98178 	 292.836 	 1094.01 	 233.767 	 0.213679 	 780.155 	 1020.53 	 13062 	 0.929283 	 506.451 	 1034.44 	 1895.09 	 1787.74 	 0.576596 	 1885.38 	 1890.52 	 723.097 	 0.381564 	 160 	 689 	 185.006 	 78.507 	 2 	 896.729 	 0.161573 	 54.2796 	 54.2796 	 54.2796 	 0 	 82 	 78 	 80 	 2.82843 	 129.039 	 -73.335 	 50.8735 	 0.281618 	 180.647 	 463 	 1642 	 644.127 	 439.12 	 3 	 599.292 	 0.107981 	 69.6089 	 16.9908 	 46.8966 	 24.1822 	 215 	 91 	 154.333 	 62.043 	  Tumour 
79 	 1337.3 	 1916.48 	 1604.57 	 235.553 	 1790 	 59.5845 	 40.2481 	 0.737378 	 0.907248 	 179.338 	 1055.26 	 324.713 	 0.30771 	 740.547 	 981.78 	 3177 	 0.949492 	 232.083 	 152.35 	 112.362 	 5.01232 	 0 	 0 	 0 	 37.815 	 0.336545 	 0 	 0 	 NaN 	 NaN 	 0 	 0 	 0 	 NaN 	 NaN 	 NaN 	 NaN 	 0 	 0 	 NaN 	 NaN 	 20.6448 	 15.2784 	 16.6427 	 0.230339 	 72.2531 	 0 	 0 	 NaN 	 NaN 	 0 	 0 	 0 	 NaN 	 NaN 	 NaN 	 NaN 	 0 	 0 	 NaN 	 NaN 	  Other 
80 	 1398.93 	 477.258 	 1830.14 	 83.0542 	 2447 	 74.8966 	 42.0416 	 0.827593 	 0.960361 	 203.238 	 1027.11 	 195.153 	 0.190002 	 723.841 	 953.635 	 5818 	 0.863205 	 380.51 	 1021.4 	 1283.09 	 1175.74 	 0.124294 	 939.636 	 1300.04 	 456.822 	 0.356033 	 0 	 0 	 NaN 	 NaN 	 0 	 0 	 0 	 NaN 	 NaN 	 NaN 	 NaN 	 0 	 0 	 NaN 	 NaN 	 237.576 	 6.97817 	 37.6336 	 0.130137 	 289.184 	 0 	 0 	 NaN 	 NaN 	 0 	 0 	 0 	 NaN 	 NaN 	 NaN 	 NaN 	 0 	 0 	 NaN 	 NaN 	  Tumour 
81 	 1440.1 	 771.327 	 1660.28 	 125.228 	 3892 	 80.2388 	 62.6638 	 0.624573 	 0.95066 	 250.108 	 960.91 	 196.863 	 0.204871 	 655.431 	 887.435 	 12396 	 0.808874 	 577.078 	 648.175 	 900.764 	 793.414 	 0.346442 	 1004.99 	 878.924 	 289.142 	 0.320997 	 82 	 85 	 187.561 	 81.0617 	 1 	 0 	 0 	 NaN 	 NaN 	 NaN 	 NaN 	 82 	 82 	 82 	 0 	 110.356 	 -35.1334 	 30.0334 	 0.185433 	 161.964 	 288 	 374 	 941.597 	 736.59 	 2 	 655.271 	 0.168364 	 18.5847 	 18.5847 	 18.5847 	 0 	 154 	 134 	 144 	 14.1421 	  Tumour 
82 	 1442.38 	 855.76 	 1610.07 	 54.5711 	 2052 	 58.5805 	 47.5373 	 0.584371 	 0.923492 	 192.225 	 1072.14 	 242.452 	 0.226138 	 759.748 	 998.667 	 5710 	 0.868177 	 403.581 	 830.066 	 923.861 	 816.511 	 0.421333 	 859.437 	 941.201 	 157.867 	 0.170878 	 0 	 0 	 NaN 	 NaN 	 0 	 0 	 0 	 NaN 	 NaN 	 NaN 	 NaN 	 0 	 0 	 NaN 	 NaN 	 185.092 	 -19.1526 	 40.3575 	 0.1705 	 236.7 	 0 	 0 	 NaN 	 NaN 	 0 	 0 	 0 	 NaN 	 NaN 	 NaN 	 NaN 	 0 	 0 	 NaN 	 NaN 	  Tumour 
83 	 1442.96 	 1607.37 	 1542.72 	 141.51 	 4197 	 110.414 	 48.8179 	 0.896948 	 0.963499 	 287.765 	 1263.98 	 362.288 	 0.286625 	 969.712 	 1190.5 	 6128 	 0.968394 	 334.912 	 257.163 	 279.934 	 172.584 	 0 	 0 	 0 	 182.314 	 0.651275 	 0 	 0 	 NaN 	 NaN 	 0 	 0 	 0 	 NaN 	 NaN 	 NaN 	 NaN 	 0 	 0 	 NaN 	 NaN 	 46.4096 	 17.2583 	 23.4569 	 0.239312 	 98.0179 	 0 	 0 	 NaN 	 NaN 	 0 	 0 	 0 	 NaN 	 NaN 	 NaN 	 NaN 	 0 	 0 	 NaN 	 NaN 	  DCIS 
84 	 1455.43 	 908.609 	 1423.82 	 54.5711 	 2789 	 66.3114 	 55.1563 	 0.55511 	 0.973813 	 204.61 	 1259.41 	 312.277 	 0.247954 	 959.862 	 1185.94 	 4733 	 0.91796 	 314.024 	 770.076 	 934.038 	 826.688 	 0.210345 	 908.41 	 926.59 	 240.359 	 0.257333 	 0 	 0 	 NaN 	 NaN 	 0 	 0 	 0 	 NaN 	 NaN 	 NaN 	 NaN 	 0 	 0 	 NaN 	 NaN 	 101.339 	 -71.6829 	 37.8465 	 0.247448 	 152.947 	 261 	 347 	 831.847 	 626.839 	 2 	 380.501 	 0.136429 	 13.5626 	 13.5626 	 13.5626 	 0 	 210 	 51 	 130.5 	 112.43 	  Other 
85 	 1481.64 	 480.428 	 1533.17 	 83.0542 	 2925 	 105.056 	 37.3644 	 0.934615 	 0.905012 	 266.492 	 1389.53 	 547.192 	 0.393798 	 1074.32 	 1316.05 	 5459 	 0.893453 	 366.752 	 376.942 	 411.478 	 304.128 	 0.135693 	 909.37 	 375.951 	 327.373 	 0.795603 	 92 	 98 	 151.739 	 45.2399 	 1 	 0 	 0 	 NaN 	 NaN 	 NaN 	 NaN 	 92 	 92 	 92 	 0 	 42.643 	 10.0956 	 18.8824 	 0.200341 	 94.2513 	 94 	 95 	 379.17 	 174.163 	 1 	 0 	 0 	 NaN 	 NaN 	 NaN 	 NaN 	 94 	 94 	 94 	 0 	  Fib 
86 	 1535.45 	 1451.53 	 1574.12 	 286.667 	 5379 	 92.9288 	 78.2378 	 0.539615 	 0.891153 	 366.86 	 2107.22 	 935.134 	 0.443776 	 1698.97 	 2033.75 	 7597 	 0.945724 	 374.125 	 332.845 	 295.892 	 188.542 	 0.107649 	 397.763 	 291.974 	 88.9281 	 0.300542 	 177 	 462 	 209.78 	 103.28 	 2 	 449.991 	 0.083657 	 38.7168 	 38.7168 	 38.7168 	 0 	 103 	 74 	 88.5 	 20.5061 	 54.9454 	 10.5149 	 20.3981 	 0.191435 	 106.554 	 159 	 200 	 427.132 	 222.125 	 2 	 405.9 	 0.07546 	 11.1848 	 11.1848 	 11.1848 	 0 	 82 	 77 	 79.5 	 3.53553 	  DCIS 
87 	 1558.96 	 809.899 	 1535.55 	 125.228 	 1885 	 62.6144 	 39.6173 	 0.774381 	 0.936879 	 182.995 	 1387.4 	 484.168 	 0.348975 	 1076.48 	 1313.93 	 3082 	 0.964029 	 225.782 	 269.235 	 272.7 	 165.349 	 0.26601 	 217.796 	 288.062 	 104.586 	 0.38352 	 0 	 0 	 NaN 	 NaN 	 0 	 0 	 0 	 NaN 	 NaN 	 NaN 	 NaN 	 0 	 0 	 NaN 	 NaN 	 37.3737 	 1.81334 	 19.8751 	 0.223361 	 88.982 	 0 	 0 	 NaN 	 NaN 	 0 	 0 	 0 	 NaN 	 NaN 	 NaN 	 NaN 	 0 	 0 	 NaN 	 NaN 	  Other 
88 	 1564.75 	 58.3804 	 1788.56 	 196.665 	 2203 	 92.4572 	 34.2069 	 0.929042 	 0.75887 	 256.149 	 934.64 	 221.303 	 0.236779 	 606.015 	 861.164 	 6211 	 0.68759 	 512.794 	 605.265 	 733.762 	 626.411 	 0 	 0 	 0 	 447.648 	 0.610072 	 0 	 0 	 NaN 	 NaN 	 0 	 0 	 0 	 NaN 	 NaN 	 NaN 	 NaN 	 0 	 0 	 NaN 	 NaN 	 65.123 	 -32.3287 	 37.4101 	 0.32048 	 116.731 	 63 	 63 	 217.016 	 12.0085 	 1 	 0 	 0 	 NaN 	 NaN 	 NaN 	 NaN 	 63 	 63 	 63 	 0 	  Other 
89 	 1626.89 	 797.964 	 1604.47 	 188.939 	 5766 	 136.412 	 61.9274 	 0.891015 	 0.838813 	 378.718 	 1590.21 	 617.519 	 0.388325 	 1217.16 	 1516.74 	 7955 	 0.894222 	 428.492 	 209.936 	 201.073 	 93.7227 	 0.277922 	 189.682 	 202.946 	 107.663 	 0.535441 	 97 	 100 	 172.258 	 65.7585 	 1 	 0 	 0 	 NaN 	 NaN 	 NaN 	 NaN 	 97 	 97 	 97 	 0 	 24.2759 	 8.17724 	 14.3677 	 0.189337 	 75.8841 	 220 	 518 	 385.795 	 180.788 	 2 	 607.035 	 0.105278 	 29.8753 	 29.8753 	 29.8753 	 0 	 129 	 91 	 110 	 26.8701 	  DCIS 
90 	 1583.29 	 1369.35 	 1597.82 	 365.831 	 3622 	 87.0182 	 53.3612 	 0.789913 	 0.973918 	 242.309 	 1891.49 	 743.873 	 0.393273 	 1534.59 	 1818.02 	 5184 	 0.950147 	 302.912 	 321.756 	 299.58 	 192.23 	 0.135417 	 389.308 	 292.458 	 109.748 	 0.36634 	 74 	 77 	 236.081 	 129.582 	 1 	 0 	 0 	 NaN 	 NaN 	 NaN 	 NaN 	 74 	 74 	 74 	 0 	 53.6433 	 2.94971 	 22.3461 	 0.212311 	 105.252 	 79 	 81 	 356.114 	 151.107 	 1 	 0 	 0 	 NaN 	 NaN 	 NaN 	 NaN 	 79 	 79 	 79 	 0 	  DCIS 
91 	 1595.29 	 647.84 	 1597.1 	 197.874 	 2803 	 78.0025 	 49.2039 	 0.775947 	 0.807316 	 254.108 	 1656.79 	 766.538 	 0.462665 	 1291.39 	 1583.31 	 4006 	 0.922404 	 273.439 	 282.851 	 242.378 	 135.027 	 0.192771 	 256.438 	 243.013 	 37.8693 	 0.156241 	 139 	 292 	 188.014 	 81.5151 	 2 	 796.678 	 0.284223 	 20.6157 	 20.6157 	 20.6157 	 0 	 73 	 66 	 69.5 	 4.94975 	 26.2273 	 14.5198 	 9.29632 	 0.119435 	 77.8355 	 76 	 77 	 368.75 	 163.743 	 1 	 0 	 0 	 NaN 	 NaN 	 NaN 	 NaN 	 76 	 76 	 76 	 0 	  DCIS 
92 	 1630.77 	 357.156 	 2078.32 	 104.676 	 9327 	 144.267 	 84.6874 	 0.809574 	 0.970855 	 400.718 	 1436.02 	 505.755 	 0.352192 	 1050.61 	 1362.54 	 14667 	 0.876374 	 621.907 	 650.714 	 740.08 	 632.73 	 0.429066 	 912.024 	 692.577 	 322.049 	 0.435154 	 233 	 2901 	 206.429 	 99.9299 	 3 	 975.872 	 0.104629 	 77.9466 	 48.0027 	 66.5925 	 14.5169 	 83 	 70 	 77.6667 	 6.80686 	 93.4616 	 2.62105 	 37.6531 	 0.259551 	 145.07 	 1200 	 3896 	 692.265 	 487.258 	 7 	 1711.12 	 0.183459 	 98.6161 	 13.5277 	 43.0192 	 22.5742 	 280 	 45 	 171.429 	 80.8659 	  Tumour 
93 	 1619.49 	 2029.49 	 1490.18 	 152.634 	 4301 	 104.131 	 52.9646 	 0.860984 	 0.96913 	 275.421 	 1662.63 	 667.12 	 0.401244 	 1237.49 	 1589.15 	 5474 	 0.938776 	 337.497 	 624.545 	 788.69 	 681.34 	 0.430341 	 1059.24 	 680.214 	 297.029 	 0.376611 	 0 	 0 	 NaN 	 NaN 	 0 	 0 	 0 	 NaN 	 NaN 	 NaN 	 NaN 	 0 	 0 	 NaN 	 NaN 	 116.435 	 -23.7602 	 45.4652 	 0.270556 	 168.044 	 114 	 118 	 1023.73 	 818.721 	 1 	 0 	 0 	 NaN 	 NaN 	 NaN 	 NaN 	 114 	 114 	 114 	 0 	  Tumour 
94 	 1652.95 	 252.469 	 2168.28 	 104.738 	 8455 	 123.193 	 90.1471 	 0.681566 	 0.948934 	 374.759 	 2053.69 	 625.022 	 0.304342 	 1665.61 	 1980.21 	 14359 	 0.90719 	 588.049 	 679.689 	 1002.24 	 894.893 	 0.694444 	 874.371 	 1067.77 	 384.608 	 0.383748 	 0 	 0 	 NaN 	 NaN 	 0 	 0 	 0 	 NaN 	 NaN 	 NaN 	 NaN 	 0 	 0 	 NaN 	 NaN 	 81.5265 	 -99.8823 	 36.6057 	 0.274952 	 133.135 	 790 	 2086 	 953.597 	 748.59 	 4 	 2396.57 	 0.28345 	 69.3388 	 20.1564 	 40.7222 	 20.3724 	 283 	 48 	 197.5 	 105.592 	  Tumour 
95 	 1630.48 	 697.542 	 1621.88 	 203.541 	 3300 	 68.6733 	 61.6245 	 0.441306 	 0.976331 	 217.137 	 2664.3 	 1253.78 	 0.470586 	 2316.25 	 2590.83 	 4872 	 0.968781 	 275.48 	 197.288 	 177.365 	 70.0147 	 0.196721 	 257.167 	 170.457 	 56.711 	 0.319742 	 181 	 294 	 208.387 	 101.887 	 2 	 543.649 	 0.164742 	 17.1474 	 17.1474 	 17.1474 	 0 	 95 	 86 	 90.5 	 6.36396 	 20.8948 	 15.76 	 9.99328 	 0.137833 	 72.503 	 199 	 282 	 445.492 	 240.485 	 2 	 896.775 	 0.27175 	 15.9365 	 15.9365 	 15.9365 	 0 	 102 	 97 	 99.5 	 3.53553 	  DCIS 
96 	 1605.6 	 1521.67 	 1663.43 	 319.1 	 491 	 28.1221 	 23.9896 	 0.521828 	 0.910946 	 90.4264 	 827.939 	 147.491 	 0.178143 	 574.223 	 754.463 	 1187 	 0.987521 	 131.799 	 153.799 	 150.921 	 43.5706 	 0 	 0 	 0 	 34.3848 	 0.227834 	 0 	 0 	 NaN 	 NaN 	 0 	 0 	 0 	 NaN 	 NaN 	 NaN 	 NaN 	 0 	 0 	 NaN 	 NaN 	 11.9844 	 2.86978 	 7.61477 	 0.119743 	 63.5927 	 0 	 0 	 NaN 	 NaN 	 0 	 0 	 0 	 NaN 	 NaN 	 NaN 	 NaN 	 0 	 0 	 NaN 	 NaN 	  Other 
97 	 1638.62 	 461.828 	 1687.78 	 105.304 	 1947 	 55.158 	 45.3098 	 0.570275 	 0.979869 	 167.882 	 1328.39 	 437.37 	 0.32925 	 1004.74 	 1254.91 	 3129 	 0.985202 	 217.456 	 211.832 	 193.781 	 86.4309 	 0 	 0 	 0 	 41.6985 	 0.215184 	 0 	 0 	 NaN 	 NaN 	 0 	 0 	 0 	 NaN 	 NaN 	 NaN 	 NaN 	 0 	 0 	 NaN 	 NaN 	 30.2012 	 10.7517 	 8.3612 	 0.102203 	 81.8095 	 0 	 0 	 NaN 	 NaN 	 0 	 0 	 0 	 NaN 	 NaN 	 NaN 	 NaN 	 0 	 0 	 NaN 	 NaN 	  Other 
98 	 1670.49 	 1242.65 	 1657.83 	 449.169 	 2804 	 83.8341 	 45.3752 	 0.840862 	 0.898142 	 327.563 	 1053.81 	 375.453 	 0.356282 	 733.168 	 980.334 	 4486 	 0.976279 	 275.054 	 246.931 	 258.824 	 151.474 	 0.136719 	 262.629 	 258.335 	 85.459 	 0.330182 	 0 	 0 	 NaN 	 NaN 	 0 	 0 	 0 	 NaN 	 NaN 	 NaN 	 NaN 	 0 	 0 	 NaN 	 NaN 	 25.2095 	 0.858401 	 10.2918 	 0.133977 	 76.8178 	 69 	 70 	 253.652 	 48.6448 	 1 	 0 	 0 	 NaN 	 NaN 	 NaN 	 NaN 	 69 	 69 	 69 	 0 	  DCIS 
99 	 1694.73 	 1977.21 	 1558.97 	 60.6053 	 9158 	 122.409 	 98.5974 	 0.592633 	 0.953065 	 392.718 	 1638.06 	 489.688 	 0.298944 	 1274.38 	 1564.58 	 13657 	 0.855434 	 587.522 	 414.28 	 636.126 	 528.776 	 0.522769 	 770.24 	 579.038 	 392.308 	 0.616714 	 87 	 89 	 161.862 	 55.3628 	 1 	 0 	 0 	 NaN 	 NaN 	 NaN 	 NaN 	 87 	 87 	 87 	 0 	 43.5471 	 -39.4639 	 29.0262 	 0.30504 	 95.1554 	 786 	 2443 	 812.567 	 607.56 	 5 	 1799.55 	 0.1965 	 64.5784 	 10.7733 	 33.1476 	 19.1249 	 241 	 62 	 157.2 	 86.8833 	  Tumour 
100 	 1716.41 	 183.545 	 2260.95 	 134.737 	 14040 	 151.88 	 123.331 	 0.583612 	 0.941271 	 485.286 	 1855.7 	 501.481 	 0.270238 	 1498.38 	 1782.23 	 21187 	 0.847785 	 722.291 	 646.783 	 1019 	 911.651 	 0.479941 	 963.192 	 1039.55 	 287.399 	 0.28204 	 0 	 0 	 NaN 	 NaN 	 0 	 0 	 0 	 NaN 	 NaN 	 NaN 	 NaN 	 0 	 0 	 NaN 	 NaN 	 91.4371 	 -112.337 	 44.8652 	 0.313643 	 143.045 	 1073 	 2729 	 655.514 	 450.506 	 11 	 4064.6 	 0.289502 	 67.9068 	 6.78897 	 34.3443 	 17.9384 	 266 	 34 	 97.5455 	 76.7377 	  Tumour 
101 	 1688 	 1130.68 	 1661.78 	 368.973 	 4911 	 96.3589 	 66.547 	 0.723222 	 0.97209 	 280.108 	 1348.91 	 407.987 	 0.302456 	 1060.07 	 1275.44 	 7052 	 0.969747 	 346.225 	 283.695 	 568.692 	 461.342 	 0 	 0 	 0 	 825.62 	 1.45179 	 135 	 144 	 200.496 	 93.997 	 1 	 0 	 0 	 NaN 	 NaN 	 NaN 	 NaN 	 135 	 135 	 135 	 0 	 23.6514 	 1.68754 	 8.28649 	 0.110105 	 75.2596 	 72 	 73 	 276.236 	 71.2288 	 1 	 0 	 0 	 NaN 	 NaN 	 NaN 	 NaN 	 72 	 72 	 72 	 0 	  DCIS 
102 	 1687.41 	 959.3 	 1654.15 	 265.771 	 951 	 38.6552 	 31.4654 	 0.580862 	 0.979403 	 115.64 	 1252.48 	 309.391 	 0.247022 	 1031.01 	 1179.01 	 1880 	 0.987395 	 168.284 	 180.249 	 192.838 	 85.4874 	 0 	 0 	 0 	 147.338 	 0.764053 	 0 	 0 	 NaN 	 NaN 	 0 	 0 	 0 	 NaN 	 NaN 	 NaN 	 NaN 	 0 	 0 	 NaN 	 NaN 	 11.5873 	 -0.937109 	 9.24745 	 0.146331 	 63.1956 	 0 	 0 	 NaN 	 NaN 	 0 	 0 	 0 	 NaN 	 NaN 	 NaN 	 NaN 	 0 	 0 	 NaN 	 NaN 	  Other 
103 	 1703.36 	 768.736 	 1683.4 	 245.967 	 3514 	 81.8199 	 56.6088 	 0.722021 	 0.958538 	 236.167 	 1456.94 	 593.338 	 0.40725 	 1128.15 	 1383.46 	 4722 	 0.954518 	 278.409 	 190.727 	 155.365 	 48.0154 	 0.216867 	 155.648 	 155.176 	 48.6917 	 0.313401 	 0 	 0 	 NaN 	 NaN 	 0 	 0 	 0 	 NaN 	 NaN 	 NaN 	 NaN 	 0 	 0 	 NaN 	 NaN 	 21.1917 	 15.9194 	 9.8671 	 0.135537 	 72.7999 	 0 	 0 	 NaN 	 NaN 	 0 	 0 	 0 	 NaN 	 NaN 	 NaN 	 NaN 	 0 	 0 	 NaN 	 NaN 	  DCIS 
104 	 1701.8 	 1897.99 	 1904.32 	 79.3095 	 1777 	 73.9931 	 31.2233 	 0.906607 	 0.935756 	 187.966 	 1475.13 	 573.919 	 0.389064 	 1134.06 	 1401.65 	 4151 	 0.85729 	 315.681 	 403.054 	 386.152 	 278.802 	 0.441379 	 548.609 	 342.617 	 257.232 	 0.666142 	 0 	 0 	 NaN 	 NaN 	 0 	 0 	 0 	 NaN 	 NaN 	 NaN 	 NaN 	 0 	 0 	 NaN 	 NaN 	 35.268 	 -20.8612 	 30.1281 	 0.346793 	 86.8762 	 0 	 0 	 NaN 	 NaN 	 0 	 0 	 0 	 NaN 	 NaN 	 NaN 	 NaN 	 0 	 0 	 NaN 	 NaN 	  Fib 
105 	 1716.07 	 594.031 	 1726.92 	 167.027 	 2323 	 63.7797 	 47.3373 	 0.670179 	 0.974822 	 187.581 	 1688.38 	 660.284 	 0.391076 	 1397.91 	 1614.9 	 3748 	 0.980638 	 243.598 	 246.916 	 240.491 	 133.141 	 0 	 0 	 0 	 73.3875 	 0.305157 	 0 	 0 	 NaN 	 NaN 	 0 	 0 	 0 	 NaN 	 NaN 	 NaN 	 NaN 	 0 	 0 	 NaN 	 NaN 	 39.4426 	 8.81467 	 12.9552 	 0.142285 	 91.0508 	 0 	 0 	 NaN 	 NaN 	 0 	 0 	 0 	 NaN 	 NaN 	 NaN 	 NaN 	 0 	 0 	 NaN 	 NaN 	  DCIS 
106 	 1730.39 	 322.528 	 1820.1 	 104.676 	 1054 	 70.0733 	 20.6761 	 0.955478 	 0.778434 	 204.35 	 782.621 	 78.5077 	 0.100314 	 260.776 	 709.146 	 4866 	 0.768599 	 419.966 	 778.956 	 842.36 	 735.01 	 0.678756 	 959.576 	 777.274 	 253.471 	 0.300906 	 0 	 0 	 NaN 	 NaN 	 0 	 0 	 0 	 NaN 	 NaN 	 NaN 	 NaN 	 0 	 0 	 NaN 	 NaN 	 129.916 	 3.71995 	 28.2123 	 0.155419 	 181.525 	 0 	 0 	 NaN 	 NaN 	 0 	 0 	 0 	 NaN 	 NaN 	 NaN 	 NaN 	 0 	 0 	 NaN 	 NaN 	  Other 
107 	 1721.62 	 1229.43 	 1707.11 	 466.4 	 939 	 36.9942 	 32.6695 	 0.469187 	 0.958163 	 123.296 	 795.159 	 122.177 	 0.153651 	 456.802 	 721.683 	 1541 	 0.940207 	 162.569 	 213.794 	 209.719 	 102.369 	 0.239726 	 262.629 	 200.984 	 76.4628 	 0.364596 	 0 	 0 	 NaN 	 NaN 	 0 	 0 	 0 	 NaN 	 NaN 	 NaN 	 NaN 	 0 	 0 	 NaN 	 NaN 	 26.8934 	 9.05905 	 12.6592 	 0.16126 	 78.5016 	 0 	 0 	 NaN 	 NaN 	 0 	 0 	 0 	 NaN 	 NaN 	 NaN 	 NaN 	 0 	 0 	 NaN 	 NaN 	  Other 
108 	 1743.3 	 1940.1 	 1960.56 	 60.6053 	 932 	 50.853 	 24.2955 	 0.87849 	 0.897881 	 139.64 	 1260.46 	 418.96 	 0.332386 	 919.835 	 1186.99 	 1580 	 0.933806 	 171.598 	 280.013 	 288.719 	 181.369 	 0.5875 	 402.883 	 233.155 	 195.353 	 0.67662 	 0 	 0 	 NaN 	 NaN 	 0 	 0 	 0 	 NaN 	 NaN 	 NaN 	 NaN 	 0 	 0 	 NaN 	 NaN 	 59.4003 	 46.0506 	 38.6588 	 0.348251 	 111.009 	 0 	 0 	 NaN 	 NaN 	 0 	 0 	 0 	 NaN 	 NaN 	 NaN 	 NaN 	 0 	 0 	 NaN 	 NaN 	  Fib 
109 	 1784.63 	 1749.26 	 1912.94 	 245.12 	 2522 	 191.144 	 19.8878 	 0.994572 	 0.702311 	 398.985 	 844.941 	 169.432 	 0.200525 	 544.69 	 771.465 	 5669 	 0.890512 	 461.907 	 131.683 	 105.407 	 -1.94336 	 0 	 0 	 0 	 40.0378 	 0.379841 	 70 	 72 	 155.129 	 48.6293 	 1 	 0 	 0 	 NaN 	 NaN 	 NaN 	 NaN 	 70 	 70 	 70 	 0 	 10.1507 	 4.86214 	 5.58705 	 0.0904655 	 61.7589 	 0 	 0 	 NaN 	 NaN 	 0 	 0 	 0 	 NaN 	 NaN 	 NaN 	 NaN 	 0 	 0 	 NaN 	 NaN 	  Fib 
110 	 1778.78 	 362.9 	 1852.14 	 74.2428 	 3529 	 92.0633 	 53.7346 	 0.811991 	 0.902558 	 259.522 	 1756.63 	 652.676 	 0.371549 	 1400.19 	 1683.16 	 4688 	 0.866864 	 334.368 	 738.245 	 1042.53 	 935.179 	 0.871795 	 1056.11 	 1024.42 	 397.203 	 0.380999 	 59 	 61 	 214.339 	 107.84 	 1 	 0 	 0 	 NaN 	 NaN 	 NaN 	 NaN 	 59 	 59 	 59 	 0 	 104.46 	 -70.0822 	 41.4661 	 0.265693 	 156.068 	 420 	 748 	 689.974 	 484.966 	 3 	 465.794 	 0.13199 	 27.7781 	 12.8439 	 21.78 	 7.05583 	 210 	 73 	 140 	 68.5493 	  DCIS 
111 	 1773.13 	 437.165 	 2129.67 	 74.2428 	 5065 	 106.406 	 62.5746 	 0.808809 	 0.931066 	 322.777 	 1597.59 	 736.384 	 0.460935 	 1190.25 	 1524.11 	 7231 	 0.928957 	 391.095 	 560.897 	 635.515 	 528.165 	 0.309589 	 774.292 	 606.328 	 219.285 	 0.345051 	 0 	 0 	 NaN 	 NaN 	 0 	 0 	 0 	 NaN 	 NaN 	 NaN 	 NaN 	 0 	 0 	 NaN 	 NaN 	 94.9768 	 -0.17044 	 36.8972 	 0.251712 	 146.585 	 262 	 539 	 1104.31 	 899.298 	 2 	 273.487 	 0.0539954 	 28.5261 	 28.5261 	 28.5261 	 0 	 184 	 78 	 131 	 74.9533 	  Tumour 
112 	 1846.03 	 380.553 	 1909.7 	 92.0054 	 6442 	 106.597 	 78.4401 	 0.677134 	 0.967267 	 319.605 	 1743.33 	 523.348 	 0.3002 	 1353.97 	 1669.86 	 9670 	 0.88618 	 480.451 	 505.022 	 713.511 	 606.161 	 0.36036 	 1108.64 	 620.074 	 438.642 	 0.614766 	 78 	 80 	 207.654 	 101.155 	 1 	 0 	 0 	 NaN 	 NaN 	 NaN 	 NaN 	 78 	 78 	 78 	 0 	 70.3868 	 -31.5635 	 34.5232 	 0.282989 	 121.995 	 612 	 1714 	 1034.02 	 829.014 	 2 	 1608.77 	 0.249732 	 55.0805 	 55.0805 	 55.0805 	 0 	 332 	 280 	 306 	 36.7696 	  DCIS 
113 	 1843.02 	 139.189 	 1996.26 	 134.737 	 1793 	 66.2291 	 35.3557 	 0.845585 	 0.927094 	 187.823 	 987.364 	 275.542 	 0.279069 	 621.55 	 913.888 	 9633 	 0.78875 	 532.35 	 728.744 	 940.888 	 833.538 	 0.40568 	 1121.54 	 898.634 	 320.845 	 0.341002 	 0 	 0 	 NaN 	 NaN 	 0 	 0 	 0 	 NaN 	 NaN 	 NaN 	 NaN 	 0 	 0 	 NaN 	 NaN 	 79.0621 	 -34.2389 	 15.1016 	 0.11557 	 130.67 	 0 	 0 	 NaN 	 NaN 	 0 	 0 	 0 	 NaN 	 NaN 	 NaN 	 NaN 	 0 	 0 	 NaN 	 NaN 	  Other 
114 	 1856.13 	 625.108 	 1857.44 	 133.869 	 3011 	 68.0424 	 57.1444 	 0.542841 	 0.967856 	 217.38 	 1656.3 	 748.83 	 0.45211 	 1308.9 	 1582.83 	 4615 	 0.9671 	 277.74 	 361.652 	 317.676 	 210.326 	 0 	 0 	 0 	 85.3359 	 0.268626 	 218 	 708 	 196.142 	 89.6429 	 3 	 597.507 	 0.198441 	 36.5678 	 20.6649 	 26.615 	 7.75842 	 91 	 44 	 72.6667 	 25.1462 	 50.7621 	 9.85928 	 16.7969 	 0.16408 	 102.37 	 0 	 0 	 NaN 	 NaN 	 0 	 0 	 0 	 NaN 	 NaN 	 NaN 	 NaN 	 0 	 0 	 NaN 	 NaN 	  DCIS 
115 	 1869.8 	 1962.26 	 2082.53 	 175.642 	 1890 	 51.9706 	 47.3435 	 0.412479 	 0.954064 	 172.752 	 1197.39 	 313.989 	 0.262229 	 945.292 	 1123.91 	 3322 	 0.966822 	 233.255 	 139.238 	 107.305 	 -0.0455175 	 0 	 0 	 0 	 32.8831 	 0.306447 	 53 	 56 	 155.075 	 48.5762 	 1 	 0 	 0 	 NaN 	 NaN 	 NaN 	 NaN 	 53 	 53 	 53 	 0 	 15.1552 	 12.4891 	 10.3744 	 0.155391 	 66.7635 	 0 	 0 	 NaN 	 NaN 	 0 	 0 	 0 	 NaN 	 NaN 	 NaN 	 NaN 	 0 	 0 	 NaN 	 NaN 	  Other 
116 	 1898.85 	 1372.04 	 1906.52 	 603.036 	 1870 	 61.709 	 39.0254 	 0.774634 	 0.96841 	 171.095 	 1763.2 	 804.336 	 0.45618 	 1464.48 	 1689.72 	 3306 	 0.972353 	 233.255 	 222.932 	 191.336 	 83.9863 	 0 	 0 	 0 	 72.7121 	 0.380023 	 0 	 0 	 NaN 	 NaN 	 0 	 0 	 0 	 NaN 	 NaN 	 NaN 	 NaN 	 0 	 0 	 NaN 	 NaN 	 29.6966 	 15.33 	 10.1366 	 0.124674 	 81.3048 	 0 	 0 	 NaN 	 NaN 	 0 	 0 	 0 	 NaN 	 NaN 	 NaN 	 NaN 	 0 	 0 	 NaN 	 NaN 	  Other 
117 	 1931.43 	 78.5772 	 2101.43 	 109.018 	 3895 	 104.069 	 49.4295 	 0.880003 	 0.943556 	 280.635 	 1252.02 	 335.598 	 0.268047 	 923.766 	 1178.54 	 6650 	 0.796884 	 430.894 	 604.884 	 806.476 	 699.126 	 0.578947 	 984.152 	 736.682 	 231.284 	 0.286783 	 74 	 76 	 138.689 	 32.1899 	 1 	 0 	 0 	 NaN 	 NaN 	 NaN 	 NaN 	 74 	 74 	 74 	 0 	 88.6819 	 -6.25445 	 27.5859 	 0.196634 	 140.29 	 315 	 963 	 935.035 	 730.028 	 3 	 449.886 	 0.115504 	 37.3491 	 22.0193 	 29.1573 	 6.90408 	 150 	 45 	 105 	 54.0833 	  DCIS 
118 	 1923.98 	 473.437 	 1958.05 	 155.232 	 1452 	 55.4607 	 36.6147 	 0.751097 	 0.876812 	 173.095 	 1172.8 	 486.789 	 0.415067 	 887.783 	 1099.32 	 2626 	 0.926279 	 220.326 	 239.55 	 214.551 	 107.201 	 0.234146 	 264.625 	 208.682 	 61.3293 	 0.285849 	 84 	 91 	 141.369 	 34.8698 	 1 	 0 	 0 	 NaN 	 NaN 	 NaN 	 NaN 	 84 	 84 	 84 	 0 	 30.8408 	 11.9999 	 12.09 	 0.146636 	 82.449 	 60 	 62 	 205.883 	 0.87598 	 1 	 0 	 0 	 NaN 	 NaN 	 NaN 	 NaN 	 60 	 60 	 60 	 0 	  Other 
119 	 1944.6 	 724.856 	 2101.72 	 133.869 	 6283 	 94.7338 	 84.5156 	 0.451764 	 0.981259 	 302.492 	 1314.48 	 321.533 	 0.244608 	 1004.82 	 1241 	 16425 	 0.948764 	 557.622 	 699.042 	 1201.63 	 1094.28 	 0.0574713 	 1339.13 	 1191.71 	 360.446 	 0.299964 	 0 	 0 	 NaN 	 NaN 	 0 	 0 	 0 	 NaN 	 NaN 	 NaN 	 NaN 	 0 	 0 	 NaN 	 NaN 	 110.747 	 -85.3181 	 46.8904 	 0.288813 	 162.356 	 189 	 194 	 1513.79 	 1308.78 	 1 	 0 	 0 	 NaN 	 NaN 	 NaN 	 NaN 	 189 	 189 	 189 	 0 	  Tumour 
120 	 2017.47 	 145.881 	 2504.65 	 109.018 	 24109 	 185.874 	 165.53 	 0.454891 	 0.98396 	 602.34 	 2437.51 	 680.104 	 0.279016 	 2020.21 	 2364.03 	 30301 	 0.948626 	 806.132 	 665.849 	 1400.78 	 1293.43 	 0.342742 	 1164.24 	 1438.4 	 426.527 	 0.304492 	 406 	 1980 	 239.204 	 132.705 	 5 	 5574.23 	 0.23121 	 71.7035 	 15.6179 	 39.2374 	 17.7985 	 100 	 44 	 81.2 	 22.0159 	 79.5948 	 -141.946 	 54.8283 	 0.417889 	 131.203 	 2839 	 7597 	 1081.74 	 876.728 	 6 	 8084.73 	 0.335341 	 95.1112 	 24.0211 	 59.2902 	 22.0028 	 1241 	 70 	 473.167 	 460.154 	  Tumour 
121 	 1973.99 	 473.302 	 2006.38 	 204.198 	 1972 	 63.1072 	 40.9467 	 0.760922 	 0.955889 	 180.225 	 1483.99 	 569.317 	 0.383639 	 1168.35 	 1410.52 	 2833 	 0.978246 	 211.598 	 245.363 	 224.635 	 117.285 	 0.205 	 249.659 	 220.474 	 67.7153 	 0.301446 	 0 	 0 	 NaN 	 NaN 	 0 	 0 	 0 	 NaN 	 NaN 	 NaN 	 NaN 	 0 	 0 	 NaN 	 NaN 	 34.4273 	 4.82798 	 11.3379 	 0.131782 	 86.0355 	 92 	 97 	 251.554 	 46.547 	 1 	 0 	 0 	 NaN 	 NaN 	 NaN 	 NaN 	 92 	 92 	 92 	 0 	  Other 
122 	 2046.72 	 516.512 	 2066.76 	 231.664 	 2759 	 102.605 	 34.4996 	 0.941777 	 0.963002 	 239.439 	 1539.91 	 538.723 	 0.34984 	 1195.64 	 1466.44 	 4072 	 0.965386 	 286.669 	 201.138 	 202.473 	 95.1225 	 0.25641 	 215.771 	 201.09 	 26.9157 	 0.132935 	 161 	 478 	 158.037 	 51.538 	 2 	 742.293 	 0.269044 	 38.2448 	 38.2448 	 38.2448 	 0 	 90 	 71 	 80.5 	 13.435 	 27.6375 	 -0.124736 	 10.8206 	 0.136545 	 79.2457 	 139 	 166 	 299.878 	 94.8703 	 1 	 0 	 0 	 NaN 	 NaN 	 NaN 	 NaN 	 139 	 139 	 139 	 0 	  DCIS 
123 	 2053.31 	 303.385 	 2130.75 	 60.6053 	 3142 	 118.108 	 35.9892 	 0.952444 	 0.896945 	 270.09 	 1628.56 	 767.509 	 0.471281 	 1200.58 	 1555.08 	 5064 	 0.812972 	 407.865 	 982.615 	 1093.15 	 985.804 	 0.301887 	 1814.62 	 946.438 	 627.941 	 0.574431 	 78 	 79 	 233.692 	 127.193 	 1 	 0 	 0 	 NaN 	 NaN 	 NaN 	 NaN 	 78 	 78 	 78 	 0 	 163.722 	 10.995 	 89.3305 	 0.414853 	 215.33 	 71 	 71 	 305.873 	 100.866 	 1 	 0 	 0 	 NaN 	 NaN 	 NaN 	 NaN 	 71 	 71 	 71 	 0 	  Fib 
124 	 2080.08 	 766.579 	 2198.2 	 122.788 	 8096 	 127.211 	 81.6203 	 0.767028 	 0.982048 	 358.475 	 1945.39 	 646.109 	 0.332124 	 1560.46 	 1871.91 	 13521 	 0.927048 	 529.161 	 853.826 	 1347.75 	 1240.4 	 0.379237 	 1528.93 	 1296.61 	 439.061 	 0.325773 	 0 	 0 	 NaN 	 NaN 	 0 	 0 	 0 	 NaN 	 NaN 	 NaN 	 NaN 	 0 	 0 	 NaN 	 NaN 	 107.706 	 -115.209 	 54.355 	 0.341182 	 159.314 	 1344 	 3982 	 906.477 	 701.47 	 3 	 1367.78 	 0.168945 	 68.4574 	 31.5945 	 46.0393 	 13.2135 	 1053 	 61 	 336 	 478.695 	  Tumour 
125 	 2084.36 	 481.072 	 2111.07 	 192.427 	 2812 	 116.446 	 33.1498 	 0.958622 	 0.890155 	 280.652 	 1494.91 	 447.022 	 0.299031 	 1144.16 	 1421.43 	 3668 	 0.889643 	 291.539 	 242.363 	 242.252 	 134.902 	 0.548148 	 243.338 	 239.647 	 32.1625 	 0.132765 	 113 	 118 	 160.584 	 54.0848 	 1 	 0 	 0 	 NaN 	 NaN 	 NaN 	 NaN 	 113 	 113 	 113 	 0 	 39.274 	 1.28963 	 13.3664 	 0.147074 	 90.8823 	 0 	 0 	 NaN 	 NaN 	 0 	 0 	 0 	 NaN 	 NaN 	 NaN 	 NaN 	 0 	 0 	 NaN 	 NaN 	  DCIS 
126 	 2100.6 	 266.345 	 2491.96 	 60.6053 	 6549 	 122.97 	 69.3974 	 0.82554 	 0.943524 	 355.747 	 1645.49 	 598.45 	 0.363692 	 1194.26 	 1572.01 	 9311 	 0.918154 	 451.38 	 1214.44 	 1550.72 	 1443.37 	 0.553957 	 1677.59 	 1493.42 	 408.447 	 0.263391 	 76 	 78 	 233.382 	 126.882 	 1 	 0 	 0 	 NaN 	 NaN 	 NaN 	 NaN 	 76 	 76 	 76 	 0 	 237.741 	 -61.6709 	 65.8898 	 0.227717 	 289.349 	 0 	 0 	 NaN 	 NaN 	 0 	 0 	 0 	 NaN 	 NaN 	 NaN 	 NaN 	 0 	 0 	 NaN 	 NaN 	  Tumour 
127 	 2124.28 	 421.135 	 2164.69 	 120.615 	 3233 	 78.051 	 55.3983 	 0.704432 	 0.917684 	 251.179 	 1657.36 	 495.342 	 0.298874 	 1293.01 	 1583.89 	 4619 	 0.956711 	 276.066 	 374.901 	 359.241 	 251.891 	 0.35102 	 260.721 	 379.88 	 205.193 	 0.571185 	 0 	 0 	 NaN 	 NaN 	 0 	 0 	 0 	 NaN 	 NaN 	 NaN 	 NaN 	 0 	 0 	 NaN 	 NaN 	 50.5405 	 12.9079 	 20.9556 	 0.205148 	 102.149 	 80 	 81 	 316.425 	 111.418 	 1 	 0 	 0 	 NaN 	 NaN 	 NaN 	 NaN 	 80 	 80 	 80 	 0 	  DCIS 
128 	 2165.4 	 455.615 	 2195.69 	 132.28 	 4411 	 120.839 	 52.0318 	 0.902549 	 0.834942 	 336.25 	 1809.97 	 651.401 	 0.359896 	 1490.33 	 1736.49 	 5960 	 0.806823 	 390.35 	 269.228 	 248.299 	 140.949 	 0.492877 	 264.04 	 243.24 	 49.8729 	 0.200858 	 88 	 92 	 204.466 	 97.9666 	 1 	 0 	 0 	 NaN 	 NaN 	 NaN 	 NaN 	 88 	 88 	 88 	 0 	 38.2337 	 -3.3858 	 15.4677 	 0.172166 	 89.842 	 85 	 86 	 365.706 	 160.699 	 1 	 0 	 0 	 NaN 	 NaN 	 NaN 	 NaN 	 85 	 85 	 85 	 0 	  DCIS 
129 	 2154.82 	 825.758 	 2237.94 	 152.506 	 8096 	 111.589 	 93.8682 	 0.540733 	 0.979315 	 349.605 	 1753.11 	 501.515 	 0.286072 	 1420.15 	 1679.63 	 16125 	 0.831786 	 614.073 	 997.029 	 1641.36 	 1534.01 	 0.359779 	 1625.79 	 1634.93 	 711.741 	 0.433628 	 0 	 0 	 NaN 	 NaN 	 0 	 0 	 0 	 NaN 	 NaN 	 NaN 	 NaN 	 0 	 0 	 NaN 	 NaN 	 101.922 	 -152.598 	 54.5934 	 0.355587 	 153.531 	 129 	 490 	 304.388 	 99.3802 	 2 	 2342 	 0.289278 	 43.9555 	 43.9555 	 43.9555 	 0 	 76 	 53 	 64.5 	 16.2635 	  Tumour 
130 	 2126.92 	 1914.91 	 2292.86 	 436.426 	 1124 	 49.9418 	 28.9296 	 0.815139 	 0.962329 	 133.054 	 968.541 	 181.951 	 0.187861 	 705.246 	 895.065 	 2050 	 0.988428 	 178.627 	 263.249 	 230.262 	 122.912 	 0 	 0 	 0 	 71.2328 	 0.309356 	 0 	 0 	 NaN 	 NaN 	 0 	 0 	 0 	 NaN 	 NaN 	 NaN 	 NaN 	 0 	 0 	 NaN 	 NaN 	 33.8597 	 10.4276 	 15.4236 	 0.180461 	 85.468 	 0 	 0 	 NaN 	 NaN 	 0 	 0 	 0 	 NaN 	 NaN 	 NaN 	 NaN 	 0 	 0 	 NaN 	 NaN 	  Other 
131 	 2149.49 	 1140.75 	 2122.04 	 315.057 	 2443 	 58.8266 	 53.2024 	 0.426701 	 0.978374 	 188.066 	 1668.47 	 494.203 	 0.296202 	 1399.02 	 1594.99 	 3963 	 0.970848 	 250.426 	 168.331 	 125.134 	 17.7844 	 0 	 0 	 0 	 52.6648 	 0.420866 	 89 	 91 	 188.416 	 81.9165 	 1 	 0 	 0 	 NaN 	 NaN 	 NaN 	 NaN 	 89 	 89 	 89 	 0 	 23.3345 	 15.2216 	 10.3956 	 0.138714 	 74.9427 	 91 	 93 	 277.374 	 72.3663 	 1 	 0 	 0 	 NaN 	 NaN 	 NaN 	 NaN 	 91 	 91 	 91 	 0 	  Other 
132 	 2201.79 	 328.594 	 2534.68 	 120.615 	 5813 	 133.099 	 57.8141 	 0.900736 	 0.9107 	 345.019 	 1621.93 	 649.818 	 0.400644 	 1247.07 	 1548.46 	 8848 	 0.911226 	 444.167 	 1077.1 	 1433.94 	 1326.59 	 0.108173 	 1721.71 	 1413.09 	 554.463 	 0.386671 	 90 	 162 	 207.689 	 101.19 	 2 	 2572.69 	 0.442575 	 15.2971 	 15.2971 	 15.2971 	 0 	 45 	 45 	 45 	 0 	 176.128 	 -33.9682 	 64.3698 	 0.28265 	 227.736 	 157 	 159 	 1484.37 	 1279.36 	 1 	 0 	 0 	 NaN 	 NaN 	 NaN 	 NaN 	 157 	 157 	 157 	 0 	  Tumour 
133 	 2159.01 	 673.227 	 2148.19 	 80.7775 	 1152 	 47.1916 	 31.6829 	 0.741124 	 0.950495 	 136.326 	 973.23 	 249.871 	 0.256744 	 609.284 	 899.755 	 5397 	 0.942707 	 351.622 	 1636.24 	 1888.71 	 1781.36 	 0.484177 	 1949.29 	 1850.67 	 547.24 	 0.289742 	 75 	 79 	 198.413 	 91.9141 	 1 	 0 	 0 	 NaN 	 NaN 	 NaN 	 NaN 	 75 	 75 	 75 	 0 	 213.884 	 -89.9249 	 42.7294 	 0.160944 	 265.492 	 0 	 0 	 NaN 	 NaN 	 0 	 0 	 0 	 NaN 	 NaN 	 NaN 	 NaN 	 0 	 0 	 NaN 	 NaN 	  Other 
134 	 2187.59 	 71.8306 	 2338.87 	 186.325 	 2798 	 62.6694 	 57.1082 	 0.411829 	 0.970517 	 210.936 	 1605.33 	 717.238 	 0.446784 	 1282.08 	 1531.86 	 4767 	 0.951497 	 285.74 	 361.293 	 479.741 	 372.391 	 0 	 0 	 0 	 440.152 	 0.91748 	 74 	 74 	 173.122 	 66.6224 	 1 	 0 	 0 	 NaN 	 NaN 	 NaN 	 NaN 	 74 	 74 	 74 	 0 	 37.1977 	 4.36603 	 10.4207 	 0.117343 	 88.8059 	 0 	 0 	 NaN 	 NaN 	 0 	 0 	 0 	 NaN 	 NaN 	 NaN 	 NaN 	 0 	 0 	 NaN 	 NaN 	  DCIS 
135 	 2201.23 	 195.138 	 2306.08 	 122.642 	 2940 	 82.2922 	 49.5408 	 0.798488 	 0.907407 	 283.664 	 981.23 	 248.814 	 0.253574 	 588.582 	 907.754 	 6531 	 0.883284 	 398.309 	 1006.5 	 1129.58 	 1022.23 	 0 	 0 	 0 	 206.835 	 0.183108 	 0 	 0 	 NaN 	 NaN 	 0 	 0 	 0 	 NaN 	 NaN 	 NaN 	 NaN 	 0 	 0 	 NaN 	 NaN 	 230.466 	 -15.575 	 46.2559 	 0.163985 	 282.074 	 0 	 0 	 NaN 	 NaN 	 0 	 0 	 0 	 NaN 	 NaN 	 NaN 	 NaN 	 0 	 0 	 NaN 	 NaN 	  Other 
136 	 2236.86 	 652.204 	 2391.11 	 80.7775 	 11665 	 138.778 	 108.302 	 0.625283 	 0.971517 	 426.718 	 1678.49 	 548.471 	 0.326764 	 1371.87 	 1605.02 	 16836 	 0.837529 	 655.931 	 753.942 	 1079.75 	 972.397 	 0.312925 	 1790.02 	 945.681 	 589.789 	 0.546229 	 121 	 842 	 134.934 	 28.4346 	 3 	 2368.61 	 0.203053 	 59.3668 	 15.9881 	 41.1832 	 20.1454 	 44 	 36 	 40.3333 	 4.04145 	 104.566 	 -79.0843 	 48.7142 	 0.311923 	 156.174 	 1017 	 3097 	 1252.96 	 1047.95 	 4 	 1474.7 	 0.126421 	 65.1008 	 26.8171 	 42.3636 	 14.6324 	 491 	 111 	 254.25 	 165.282 	  Tumour 
137 	 2287.42 	 505.77 	 2303.51 	 154.324 	 3134 	 72.4906 	 55.5525 	 0.642434 	 0.975412 	 220.551 	 1591.88 	 692.481 	 0.435007 	 1182.04 	 1518.41 	 4782 	 0.8849 	 327.681 	 220.493 	 210.126 	 102.776 	 0.450331 	 216.324 	 207.405 	 38.7622 	 0.184471 	 0 	 0 	 NaN 	 NaN 	 0 	 0 	 0 	 NaN 	 NaN 	 NaN 	 NaN 	 0 	 0 	 NaN 	 NaN 	 33.1509 	 10.0431 	 10.376 	 0.122417 	 84.7591 	 0 	 0 	 NaN 	 NaN 	 0 	 0 	 0 	 NaN 	 NaN 	 NaN 	 NaN 	 0 	 0 	 NaN 	 NaN 	  DCIS 
138 	 2297.82 	 772.648 	 2274.53 	 135.506 	 3773 	 93.539 	 51.6874 	 0.833463 	 0.975187 	 247.522 	 1804.87 	 819.091 	 0.453823 	 1429.32 	 1731.39 	 5725 	 0.969517 	 315.882 	 317.347 	 316.277 	 208.927 	 0 	 0 	 319.497 	 130.592 	 0.412904 	 71 	 74 	 183.676 	 77.1768 	 1 	 0 	 0 	 NaN 	 NaN 	 NaN 	 NaN 	 71 	 71 	 71 	 0 	 62.4864 	 21.3825 	 31.7975 	 0.278694 	 114.095 	 161 	 372 	 393.46 	 188.452 	 2 	 1008.7 	 0.267347 	 25.5245 	 25.5245 	 25.5245 	 0 	 129 	 32 	 80.5 	 68.5894 	  DCIS 
139 	 2301.61 	 444.133 	 2331.68 	 152.398 	 1238 	 52.0567 	 30.6843 	 0.807812 	 0.955985 	 146.61 	 1073.55 	 281.137 	 0.261876 	 720.66 	 1000.07 	 2282 	 0.940643 	 201.255 	 226.629 	 211.787 	 104.437 	 0.297872 	 223.571 	 210.053 	 68.7115 	 0.324436 	 0 	 0 	 NaN 	 NaN 	 0 	 0 	 0 	 NaN 	 NaN 	 NaN 	 NaN 	 0 	 0 	 NaN 	 NaN 	 30.4451 	 5.15659 	 14.3387 	 0.174748 	 82.0533 	 0 	 0 	 NaN 	 NaN 	 0 	 0 	 0 	 NaN 	 NaN 	 NaN 	 NaN 	 0 	 0 	 NaN 	 NaN 	  Other 
140 	 2326.12 	 94.0452 	 2458.58 	 265.708 	 3034 	 75.2094 	 52.237 	 0.719441 	 0.966858 	 219.439 	 1346.85 	 445.22 	 0.330564 	 1037.26 	 1273.37 	 4619 	 0.944195 	 282.426 	 279.374 	 287.889 	 180.539 	 0 	 0 	 0 	 91.4796 	 0.31776 	 0 	 0 	 NaN 	 NaN 	 0 	 0 	 0 	 NaN 	 NaN 	 NaN 	 NaN 	 0 	 0 	 NaN 	 NaN 	 37.0493 	 0.574214 	 10.8449 	 0.122323 	 88.6575 	 0 	 0 	 NaN 	 NaN 	 0 	 0 	 0 	 NaN 	 NaN 	 NaN 	 NaN 	 0 	 0 	 NaN 	 NaN 	  DCIS 
141 	 2340.38 	 203.599 	 2434.33 	 186.196 	 2021 	 57.166 	 47.3443 	 0.560448 	 0.929623 	 180.61 	 1449.14 	 456.424 	 0.314962 	 1163.65 	 1375.66 	 3216 	 0.973366 	 224.284 	 227.476 	 193.06 	 85.7101 	 0 	 0 	 0 	 60.016 	 0.310867 	 55 	 59 	 149.345 	 42.8462 	 1 	 0 	 0 	 NaN 	 NaN 	 NaN 	 NaN 	 55 	 55 	 55 	 0 	 32.3883 	 12.0696 	 9.36179 	 0.111454 	 83.9965 	 71 	 73 	 308.183 	 103.176 	 1 	 0 	 0 	 NaN 	 NaN 	 NaN 	 NaN 	 71 	 71 	 71 	 0 	  DCIS 
142 	 2350.51 	 514.545 	 2364.38 	 178.227 	 5280 	 115.97 	 59.8924 	 0.856319 	 0.875767 	 336.392 	 2098.91 	 800.035 	 0.381167 	 1701.92 	 2025.43 	 6453 	 0.874746 	 383.338 	 234.146 	 289.683 	 182.333 	 0.519663 	 347.67 	 266.382 	 173.598 	 0.599271 	 194 	 266 	 173.015 	 66.5162 	 2 	 818.157 	 0.154954 	 13.9661 	 13.9661 	 13.9661 	 0 	 107 	 87 	 97 	 14.1421 	 37.2806 	 3.87097 	 16.2918 	 0.183283 	 88.8888 	 140 	 247 	 340.05 	 135.043 	 2 	 1408.28 	 0.26672 	 19.5534 	 19.5534 	 19.5534 	 0 	 85 	 55 	 70 	 21.2132 	  DCIS 
143 	 2391.92 	 551.317 	 2397.87 	 185.003 	 3029 	 88.1532 	 44.3525 	 0.864211 	 0.96866 	 226.61 	 2105.35 	 722.689 	 0.343264 	 1730.1 	 2031.87 	 4717 	 0.874166 	 312.811 	 464.883 	 504.753 	 397.402 	 0.40339 	 440.95 	 512.214 	 343.988 	 0.681498 	 216 	 635 	 157.139 	 50.6396 	 3 	 849.362 	 0.28041 	 58.7993 	 13.4107 	 39.2001 	 20.8571 	 98 	 49 	 72 	 24.6374 	 58.0732 	 -15.5355 	 25.0372 	 0.228272 	 109.681 	 134 	 240 	 300.552 	 95.5449 	 2 	 787.467 	 0.259976 	 18.3608 	 18.3608 	 18.3608 	 0 	 95 	 39 	 67 	 39.598 	  DCIS 
144 	 2405.61 	 285.845 	 2472.68 	 150.864 	 2937 	 71.4378 	 52.9267 	 0.67164 	 0.968987 	 213.338 	 1377.84 	 477.668 	 0.346679 	 1073.14 	 1304.36 	 4357 	 0.980423 	 260.77 	 220.581 	 210.792 	 103.442 	 0 	 0 	 0 	 67.0222 	 0.317954 	 0 	 0 	 NaN 	 NaN 	 0 	 0 	 0 	 NaN 	 NaN 	 NaN 	 NaN 	 0 	 0 	 NaN 	 NaN 	 33.8998 	 12.2634 	 9.33691 	 0.109193 	 85.508 	 0 	 0 	 NaN 	 NaN 	 0 	 0 	 0 	 NaN 	 NaN 	 NaN 	 NaN 	 0 	 0 	 NaN 	 NaN 	  DCIS 
145 	 2462.27 	 209.189 	 2548.73 	 94.1116 	 4370 	 106.933 	 54.479 	 0.86049 	 0.924868 	 289.078 	 1647.15 	 646.53 	 0.392514 	 1292.09 	 1573.68 	 6682 	 0.923438 	 382.024 	 477.702 	 599.777 	 492.426 	 0.391061 	 1027.53 	 473.783 	 534.056 	 0.890425 	 166 	 272 	 161.102 	 54.6031 	 2 	 1747.27 	 0.399834 	 17.281 	 17.281 	 17.281 	 0 	 85 	 81 	 83 	 2.82843 	 42.4243 	 -8.26026 	 14.9896 	 0.159409 	 94.0325 	 162 	 220 	 305.883 	 100.875 	 2 	 1238.25 	 0.283353 	 13.869 	 13.869 	 13.869 	 0 	 84 	 78 	 81 	 4.24264 	  DCIS 
146 	 2478.47 	 608.716 	 2473.14 	 145.169 	 5966 	 96.9057 	 79.7686 	 0.567813 	 0.95655 	 313.463 	 1571.86 	 564.615 	 0.359202 	 1044.48 	 1498.38 	 9839 	 0.867025 	 480.049 	 702.011 	 887.961 	 780.611 	 0.222727 	 1053.13 	 868.88 	 504.963 	 0.568677 	 68 	 75 	 141.882 	 35.3831 	 1 	 0 	 0 	 NaN 	 NaN 	 NaN 	 NaN 	 68 	 68 	 68 	 0 	 69.7386 	 -15.0415 	 25.3627 	 0.20901 	 121.347 	 609 	 1799 	 876.453 	 671.446 	 3 	 1443.13 	 0.241892 	 57.4697 	 33.2632 	 42.1759 	 11.9005 	 450 	 49 	 203 	 216.072 	  DCIS 
147 	 2485.4 	 753.756 	 2567.24 	 68.6003 	 7275 	 149.037 	 62.8096 	 0.906858 	 0.950111 	 379.605 	 1891.99 	 664.38 	 0.351155 	 1534.17 	 1818.51 	 11038 	 0.839903 	 574.693 	 391.955 	 435.315 	 327.965 	 0.288641 	 699.168 	 393.882 	 375.364 	 0.862281 	 250 	 669 	 178.62 	 72.1207 	 3 	 1072.46 	 0.147417 	 42.0609 	 15.1181 	 28.3629 	 12.0543 	 102 	 51 	 83.3333 	 28.1129 	 42.8213 	 3.68105 	 14.7993 	 0.156723 	 94.4296 	 147 	 192 	 369.476 	 164.469 	 2 	 1282.45 	 0.176282 	 12.2982 	 12.2982 	 12.2982 	 0 	 82 	 65 	 73.5 	 12.0208 	  Tumour 
148 	 2523.69 	 379.514 	 2775.71 	 150.864 	 10660 	 144.402 	 94.7257 	 0.754771 	 0.972362 	 409.362 	 1979.35 	 651.769 	 0.329284 	 1591.23 	 1905.87 	 19850 	 0.915675 	 610.96 	 847.889 	 965.261 	 857.911 	 0.430657 	 880.653 	 987.335 	 337.085 	 0.349216 	 79 	 81 	 225.823 	 119.324 	 1 	 0 	 0 	 NaN 	 NaN 	 NaN 	 NaN 	 79 	 79 	 79 	 0 	 104.513 	 -100.711 	 54.4925 	 0.349039 	 156.121 	 1232 	 3035 	 818.188 	 613.18 	 4 	 1857.54 	 0.174254 	 46.1158 	 23.4319 	 33.408 	 9.7012 	 884 	 53 	 308 	 386.71 	  Tumour 
149 	 2552.66 	 232.769 	 2878.44 	 94.1116 	 10838 	 154.199 	 91.0987 	 0.806828 	 0.953546 	 436.416 	 1567.65 	 465.872 	 0.297179 	 1170.73 	 1494.17 	 20553 	 0.849649 	 730.877 	 901.51 	 1401.62 	 1294.27 	 0.426686 	 1151.56 	 1459.5 	 551.276 	 0.393313 	 155 	 599 	 209.394 	 102.894 	 2 	 757.36 	 0.06988 	 48.5445 	 48.5445 	 48.5445 	 0 	 81 	 74 	 77.5 	 4.94975 	 161.109 	 -51.6685 	 48.7249 	 0.229059 	 212.718 	 217 	 1480 	 548.535 	 343.527 	 4 	 1446.1 	 0.133429 	 68.009 	 5.30997 	 40.309 	 25.1925 	 69 	 42 	 54.25 	 13.326 	  Tumour 
150 	 2540.32 	 795.207 	 2513.89 	 68.6003 	 2721 	 67.5046 	 53.2066 	 0.61543 	 0.951399 	 210.51 	 1708.68 	 561.504 	 0.328618 	 1388.09 	 1635.21 	 3798 	 0.954271 	 251.012 	 258.973 	 256.013 	 148.662 	 0.292887 	 291.771 	 248.527 	 85.9992 	 0.335918 	 89 	 90 	 166.674 	 60.1749 	 1 	 0 	 0 	 NaN 	 NaN 	 NaN 	 NaN 	 89 	 89 	 89 	 0 	 43.1466 	 9.88374 	 17.0046 	 0.179459 	 94.7549 	 80 	 81 	 330.75 	 125.743 	 1 	 0 	 0 	 NaN 	 NaN 	 NaN 	 NaN 	 80 	 80 	 80 	 0 	  DCIS 
151 	 2605.3 	 402.821 	 2833.95 	 230.846 	 10962 	 168.09 	 88.5789 	 0.849881 	 0.860372 	 479.487 	 1986.18 	 612.785 	 0.308524 	 1608.62 	 1912.71 	 13921 	 0.831601 	 592.434 	 682.805 	 998.781 	 891.431 	 0.345083 	 824.645 	 1036.04 	 528.259 	 0.528904 	 234 	 1218 	 212.927 	 106.428 	 3 	 1348.75 	 0.123039 	 68.205 	 16.1232 	 47.3084 	 24.6174 	 84 	 71 	 78 	 6.55744 	 106.955 	 -79.6347 	 55.0309 	 0.347061 	 158.563 	 1456 	 3357 	 865.661 	 660.654 	 7 	 2763.87 	 0.252131 	 105.47 	 15.022 	 46.3725 	 24.1702 	 592 	 79 	 208 	 176.238 	  Tumour 
152 	 2673.91 	 937.38 	 2641.37 	 263.078 	 2004 	 74.72 	 35.0214 	 0.883356 	 0.961151 	 191.622 	 1388.04 	 456.014 	 0.32853 	 1091.32 	 1314.57 	 3661 	 0.928245 	 272.468 	 210.624 	 211.126 	 103.776 	 0.173913 	 378.409 	 195.262 	 118.848 	 0.562925 	 168 	 263 	 133.381 	 26.8817 	 2 	 909.535 	 0.45386 	 17.3133 	 17.3133 	 17.3133 	 0 	 96 	 72 	 84 	 16.9706 	 22.5474 	 2.81175 	 9.71335 	 0.130986 	 74.1557 	 87 	 91 	 314.218 	 109.211 	 1 	 0 	 0 	 NaN 	 NaN 	 NaN 	 NaN 	 87 	 87 	 87 	 0 	  Fib 
153 	 2727.94 	 280.745 	 3001.62 	 275.572 	 9068 	 116.049 	 100.548 	 0.499301 	 0.974844 	 383.404 	 1442.01 	 389.716 	 0.270258 	 1047.47 	 1368.54 	 16137 	 0.889679 	 649.765 	 1023.2 	 1448.64 	 1341.29 	 0 	 0 	 1438.44 	 241.778 	 0.1669 	 118 	 436 	 182.568 	 76.0685 	 2 	 3467.1 	 0.382344 	 41.7833 	 41.7833 	 41.7833 	 0 	 82 	 36 	 59 	 32.5269 	 218.872 	 -81.3218 	 70.3595 	 0.260128 	 270.48 	 973 	 3221 	 1179.83 	 974.821 	 5 	 1301.1 	 0.143482 	 64.4541 	 23.7101 	 41.3587 	 13.2024 	 451 	 91 	 194.6 	 146.579 	  Tumour 
154 	 2724.09 	 930.857 	 2691.46 	 297.405 	 809 	 38.8488 	 26.7613 	 0.724896 	 0.954009 	 114.468 	 805.18 	 127.075 	 0.157821 	 467.08 	 731.705 	 1637 	 0.926429 	 166.527 	 307.647 	 342.42 	 235.07 	 0.592357 	 338.849 	 342.645 	 103.6 	 0.302551 	 0 	 0 	 NaN 	 NaN 	 0 	 0 	 0 	 NaN 	 NaN 	 NaN 	 NaN 	 0 	 0 	 NaN 	 NaN 	 34.8689 	 -6.85766 	 8.45004 	 0.0977142 	 86.4771 	 0 	 0 	 0 	 -205.007 	 0 	 0 	 0 	 NaN 	 NaN 	 NaN 	 NaN 	 0 	 0 	 NaN 	 NaN 	  Other 
155 	 2758.61 	 904.324 	 2727.09 	 312.372 	 2463 	 86.3571 	 36.8337 	 0.904475 	 0.963992 	 214.752 	 1396.59 	 481.124 	 0.344498 	 1031.98 	 1323.12 	 3635 	 0.946615 	 262.284 	 286.904 	 279.067 	 171.717 	 0.192913 	 306.02 	 285.378 	 44.6909 	 0.160144 	 68 	 70 	 133.574 	 27.0743 	 1 	 0 	 0 	 NaN 	 NaN 	 NaN 	 NaN 	 68 	 68 	 68 	 0 	 33.7024 	 2.34219 	 10.1276 	 0.118714 	 85.3106 	 0 	 0 	 0 	 -205.007 	 0 	 0 	 0 	 NaN 	 NaN 	 NaN 	 NaN 	 0 	 0 	 NaN 	 NaN 	  DCIS 
