rownames 	XLoc 	YLoc 	NNDistSame 	NNDistOpp 	dapi_Area 	dapi_MajorAxisLength 	dapi_MinorAxisLength 	dapi_Eccentricity 	dapi_Solidity 	dapi_Perimeter 	dapi_MeanIntensity 	dapi_PixelSD 	dapi_PixelCV 	dapi_NucAdjustedInt 	dapi_BackAdjustedInt 	memb_Area 	memb_Solidity 	memb_Perimeter 	memb_MeanIntensity 	memb_MembraneIntensity 	memb_temp 	memb_pcTouch 	memb_OverLapIntensity 	memb_nonLapIntensity 	memb_PixelSD 	memb_PixelCV 	cent_Area 	cent_ConvexArea 	cent_MeanIntensity 	cent_BackAdjustedInt 	cent_CN 	cent_AreaSD 	cent_CoeffVar 	cent_MaxSpotDist 	cent_MinSpotDist 	cent_MeanSpotDist 	cent_SDSpotDist 	cent_SpotAreaMax 	cent_SpotAreaMin 	cent_SpotAreaMean 	cent_SpotAreaSD 	nucl_BackgroundAdjust 	nucl_NuclearAdjustedInt 	nucl_PixelSD 	nucl_PixelCV 	nucl_MeanIntensity 	Her2_Area 	Her2_ConvexArea 	Her2_MeanIntensity 	Her2_BackAdjustedInt 	Her2_CN 	Her2_AreaSD 	Her2_CoeffVar 	Her2_MaxSpotDist 	Her2_MinSpotDist 	Her2_MeanSpotDist 	Her2_SDSpotDist 	Her2_SpotAreaMax 	Her2_SpotAreaMin 	Her2_SpotAreaMean 	Her2_SpotAreaSD 	CellLabels 	
1 	 39.7449 	 1842.67 	 55.0818 	 476.615 	 1944 	 57.5427 	 43.6828 	 0.650931 	 0.961424 	 177.782 	 700.62 	 151.692 	 0.216511 	 66.3179 	 619.722 	 3145 	 0.956218 	 231.841 	 156.562 	 147.155 	 -84.0703 	 0.214612 	 172.489 	 143.484 	 35.6054 	 0.241958 	 35 	 36 	 120.314 	 -71.4527 	 1 	 0 	 0 	 NaN 	 NaN 	 NaN 	 NaN 	 35 	 35 	 35 	 0 	 23.2192 	 -51.4704 	 9.00514 	 0.110829 	 81.2526 	 180 	 620 	 88.8389 	 -25.6422 	 4 	 452.53 	 0.232783 	 35.3553 	 10.4403 	 21.9068 	 9.06102 	 45 	 45 	 45 	 0 	  Lymph 
2 	 60.0692 	 1653.7 	 75.6439 	 372.667 	 2804 	 69.2148 	 52.9968 	 0.643213 	 0.946977 	 213.622 	 608.649 	 167.654 	 0.275453 	 129.098 	 527.752 	 4321 	 0.942832 	 284.125 	 206.648 	 201.525 	 -29.7008 	 0.171103 	 169.4 	 207.021 	 36.415 	 0.180697 	 31 	 31 	 141.097 	 -50.6702 	 1 	 0 	 0 	 NaN 	 NaN 	 NaN 	 NaN 	 31 	 31 	 31 	 0 	 27.0027 	 -52.9169 	 10.8318 	 0.127379 	 85.036 	 154 	 281 	 101.747 	 -12.7344 	 3 	 373.296 	 0.13313 	 14.3178 	 10.3597 	 12.9334 	 1.99547 	 64 	 45 	 51.3333 	 10.9697 	  Lymph 
3 	 55.2696 	 1790.32 	 55.0818 	 433.811 	 1547 	 48.6089 	 42.2796 	 0.493418 	 0.928571 	 162.61 	 375.216 	 62.3765 	 0.166242 	 -128.528 	 294.318 	 2896 	 0.955776 	 222.912 	 170.615 	 164.288 	 -66.9371 	 0.225962 	 168.617 	 163.661 	 30.8492 	 0.187775 	 0 	 0 	 NaN 	 NaN 	 0 	 0 	 0 	 NaN 	 NaN 	 NaN 	 NaN 	 0 	 0 	 NaN 	 NaN 	 26.2162 	 -44.7999 	 8.55663 	 0.101563 	 84.2495 	 45 	 45 	 80.9556 	 -33.5255 	 1 	 0 	 0 	 NaN 	 NaN 	 NaN 	 NaN 	 45 	 45 	 45 	 0 	  Lymph 
4 	 73.4138 	 1277.06 	 566.961 	 196.359 	 4241 	 103.732 	 59.3757 	 0.819978 	 0.865334 	 301.463 	 636.948 	 222.52 	 0.349353 	 345.6 	 556.05 	 6345 	 0.89644 	 358.711 	 232.558 	 223.03 	 -8.19593 	 0 	 0 	 0 	 73.1202 	 0.32785 	 0 	 0 	 NaN 	 NaN 	 0 	 0 	 0 	 NaN 	 NaN 	 NaN 	 NaN 	 0 	 0 	 NaN 	 NaN 	 31.8087 	 -38.4816 	 10.5491 	 0.117419 	 89.842 	 0 	 0 	 NaN 	 NaN 	 0 	 0 	 0 	 NaN 	 NaN 	 NaN 	 NaN 	 0 	 0 	 NaN 	 NaN 	  Fib 
5 	 71.0177 	 1071.51 	 771.623 	 209.695 	 734 	 37.5647 	 25.9204 	 0.723791 	 0.955729 	 106.569 	 511.386 	 193.441 	 0.378269 	 112.122 	 430.488 	 1562 	 0.972603 	 154.627 	 194.099 	 193.622 	 -37.6039 	 0 	 0 	 0 	 44.8916 	 0.231852 	 0 	 0 	 NaN 	 NaN 	 0 	 0 	 0 	 NaN 	 NaN 	 NaN 	 NaN 	 0 	 0 	 NaN 	 NaN 	 14.4408 	 -77.1446 	 11.2614 	 0.155386 	 72.4741 	 57 	 58 	 99.0526 	 -15.4285 	 1 	 0 	 0 	 NaN 	 NaN 	 NaN 	 NaN 	 57 	 57 	 57 	 0 	  Other 
6 	 145.768 	 98.8143 	 1747.22 	 412.273 	 6284 	 155.836 	 59.4634 	 0.924337 	 0.820473 	 442.375 	 650.168 	 283.955 	 0.436741 	 289.871 	 569.27 	 10233 	 0.774699 	 608.007 	 494.66 	 573.702 	 342.476 	 0.135802 	 699.727 	 555.825 	 401.486 	 0.699816 	 90 	 283 	 203.9 	 12.133 	 2 	 2460.87 	 0.391609 	 29.5296 	 29.5296 	 29.5296 	 0 	 45 	 45 	 45 	 0 	 57.9861 	 -58.0069 	 24.6421 	 0.212396 	 116.019 	 331 	 2027 	 147.353 	 32.8724 	 4 	 2521.94 	 0.401326 	 78.371 	 23.1325 	 46.6792 	 19.151 	 134 	 49 	 82.75 	 40.7298 	  Fib 
7 	 129.169 	 1622.83 	 237.32 	 298.096 	 4366 	 81.5152 	 69.3298 	 0.525952 	 0.941354 	 272.108 	 778.375 	 286.832 	 0.368501 	 383.49 	 697.478 	 6030 	 0.969765 	 316.569 	 191.241 	 154.44 	 -76.7855 	 0.15 	 169.311 	 153.384 	 29.5336 	 0.19123 	 48 	 49 	 151.688 	 -40.0795 	 1 	 0 	 0 	 NaN 	 NaN 	 NaN 	 NaN 	 48 	 48 	 48 	 0 	 30.6165 	 -29.1459 	 12.6254 	 0.142418 	 88.6498 	 114 	 208 	 128.404 	 13.9224 	 2 	 328.292 	 0.075193 	 17.134 	 17.134 	 17.134 	 0 	 69 	 45 	 57 	 16.9706 	  Lymph 
8 	 159.874 	 1154.7 	 698.387 	 92.358 	 3763 	 118.926 	 47.233 	 0.917748 	 0.854645 	 311.12 	 729.909 	 370.816 	 0.50803 	 397.023 	 649.012 	 5403 	 0.836896 	 375.681 	 464.568 	 467.177 	 235.952 	 0 	 0 	 467.173 	 271.892 	 0.581988 	 0 	 0 	 NaN 	 NaN 	 0 	 0 	 0 	 NaN 	 NaN 	 NaN 	 NaN 	 0 	 0 	 NaN 	 NaN 	 104 	 -38.046 	 56.3986 	 0.348068 	 162.033 	 108 	 304 	 136.306 	 21.8245 	 2 	 711.822 	 0.189163 	 29.9527 	 29.9527 	 29.9527 	 0 	 61 	 47 	 54 	 9.89949 	  Fib 
9 	 195.622 	 1395.38 	 474.384 	 204.553 	 5117 	 158.162 	 46.0356 	 0.956703 	 0.80141 	 417.605 	 688.029 	 310.351 	 0.451072 	 450.593 	 607.131 	 7070 	 0.802679 	 470.551 	 228.682 	 228.874 	 -2.35137 	 0.162471 	 253.324 	 228.01 	 71.2039 	 0.311105 	 45 	 45 	 155.467 	 -36.3003 	 1 	 0 	 0 	 NaN 	 NaN 	 NaN 	 NaN 	 45 	 45 	 45 	 0 	 34.1322 	 -8.95554 	 17.6356 	 0.191347 	 92.1655 	 60 	 61 	 114.833 	 0.352229 	 1 	 0 	 0 	 NaN 	 NaN 	 NaN 	 NaN 	 60 	 60 	 60 	 0 	  Fib 
10 	 163.572 	 681.454 	 1168.6 	 88.2383 	 1200 	 65.7135 	 24.2734 	 0.929278 	 0.932401 	 160.468 	 502.633 	 181.199 	 0.3605 	 37.5251 	 421.736 	 4257 	 0.862614 	 310.125 	 609.178 	 683.332 	 452.107 	 0.200692 	 1355.24 	 597.078 	 449.368 	 0.657613 	 0 	 0 	 NaN 	 NaN 	 0 	 0 	 0 	 NaN 	 NaN 	 NaN 	 NaN 	 0 	 0 	 NaN 	 NaN 	 60.4433 	 -22.5665 	 23.3392 	 0.196994 	 118.477 	 0 	 0 	 NaN 	 NaN 	 0 	 0 	 0 	 NaN 	 NaN 	 NaN 	 NaN 	 0 	 0 	 NaN 	 NaN 	  Fib 
11 	 158.809 	 1362.48 	 495.502 	 196.774 	 1637 	 54.5302 	 39.3535 	 0.692225 	 0.920697 	 178.409 	 652.833 	 319.319 	 0.489128 	 396.676 	 571.936 	 2832 	 0.955466 	 219.539 	 272.15 	 251.343 	 20.1179 	 0.328283 	 254.938 	 251.272 	 53.5737 	 0.21315 	 45 	 45 	 164.867 	 -26.9003 	 1 	 0 	 0 	 NaN 	 NaN 	 NaN 	 NaN 	 45 	 45 	 45 	 0 	 43.3142 	 -31.441 	 13.051 	 0.128775 	 101.348 	 0 	 0 	 NaN 	 NaN 	 0 	 0 	 0 	 NaN 	 NaN 	 NaN 	 NaN 	 0 	 0 	 NaN 	 NaN 	  Other 
12 	 233.137 	 625.885 	 224.415 	 88.2383 	 4607 	 119.479 	 49.9966 	 0.908237 	 0.949701 	 317.706 	 721.367 	 371.716 	 0.515293 	 472.128 	 640.47 	 6607 	 0.935571 	 394.995 	 597.247 	 665.44 	 434.214 	 0.161202 	 1278.63 	 608.257 	 420.531 	 0.631959 	 0 	 0 	 NaN 	 NaN 	 0 	 0 	 0 	 NaN 	 NaN 	 NaN 	 NaN 	 0 	 0 	 NaN 	 NaN 	 113.676 	 9.53032 	 31.8523 	 0.185501 	 171.709 	 1174 	 1706 	 222.341 	 107.86 	 1 	 0 	 0 	 NaN 	 NaN 	 NaN 	 NaN 	 1174 	 1174 	 1174 	 0 	  Tumour 
13 	 200.072 	 1907.48 	 172.325 	 415.415 	 1647 	 59.4591 	 36.8275 	 0.785094 	 0.926843 	 176.51 	 482.404 	 168.939 	 0.350203 	 332.078 	 401.506 	 2978 	 0.977676 	 225.255 	 199.936 	 210.642 	 -20.584 	 0 	 0 	 0 	 105.193 	 0.499395 	 0 	 0 	 NaN 	 NaN 	 0 	 0 	 0 	 NaN 	 NaN 	 NaN 	 NaN 	 0 	 0 	 NaN 	 NaN 	 21.1221 	 11.5308 	 9.74593 	 0.123124 	 79.1554 	 0 	 0 	 NaN 	 NaN 	 0 	 0 	 0 	 NaN 	 NaN 	 NaN 	 NaN 	 0 	 0 	 NaN 	 NaN 	  Lymph 
14 	 247.122 	 1185.62 	 126.016 	 92.358 	 18147 	 250.517 	 100.779 	 0.915515 	 0.89948 	 678.039 	 825.233 	 257.601 	 0.312156 	 624.999 	 744.335 	 10279 	 0.849504 	 514.25 	 634.269 	 751.432 	 520.207 	 0.256356 	 652.612 	 787.504 	 290.665 	 0.386814 	 87 	 281 	 245.023 	 53.256 	 2 	 4588.13 	 0.252831 	 29.6432 	 29.6432 	 29.6432 	 0 	 51 	 36 	 43.5 	 10.6066 	 239.14 	 69.8028 	 74.4317 	 0.250466 	 297.173 	 1920 	 10293 	 222.366 	 107.885 	 6 	 5298.18 	 0.291959 	 156.471 	 20.4488 	 82.9929 	 40.335 	 1234 	 73 	 274.286 	 426.516 	  Tumour 
15 	 246.111 	 953.557 	 328.258 	 211.066 	 5570 	 120.194 	 63.7221 	 0.847896 	 0.933467 	 326.576 	 521.892 	 168.733 	 0.323311 	 349.47 	 440.995 	 7491 	 0.940372 	 398.309 	 371.087 	 361.5 	 130.274 	 0 	 0 	 0 	 118.814 	 0.328669 	 45 	 45 	 206.778 	 15.0108 	 1 	 0 	 0 	 NaN 	 NaN 	 NaN 	 NaN 	 45 	 45 	 45 	 0 	 95.3169 	 28.589 	 15.1587 	 0.09885 	 153.35 	 732 	 945 	 249.776 	 135.295 	 1 	 0 	 0 	 NaN 	 NaN 	 NaN 	 NaN 	 732 	 732 	 732 	 0 	  Tumour 
16 	 229.482 	 114.791 	 1738.31 	 329.002 	 1635 	 52.1845 	 42.9684 	 0.567469 	 0.864165 	 186.409 	 605.498 	 233.79 	 0.386111 	 421.248 	 524.601 	 4429 	 0.811469 	 346.024 	 623.568 	 662.484 	 431.259 	 0.23913 	 697.844 	 663.727 	 139.549 	 0.210646 	 45 	 45 	 250.556 	 58.7886 	 1 	 0 	 0 	 NaN 	 NaN 	 NaN 	 NaN 	 45 	 45 	 45 	 0 	 93.9275 	 12.1547 	 21.4496 	 0.141152 	 151.961 	 0 	 0 	 NaN 	 NaN 	 0 	 0 	 0 	 NaN 	 NaN 	 NaN 	 NaN 	 0 	 0 	 NaN 	 NaN 	  Fib 
17 	 233.732 	 1308.45 	 569.088 	 122.691 	 1559 	 67.0376 	 31.5926 	 0.881991 	 0.903768 	 180.066 	 619.142 	 233.944 	 0.377852 	 403.711 	 538.245 	 2218 	 0.920332 	 201.255 	 425.886 	 428.479 	 197.253 	 0.430851 	 611.691 	 383.549 	 193.412 	 0.451392 	 0 	 0 	 NaN 	 NaN 	 0 	 0 	 0 	 NaN 	 NaN 	 NaN 	 NaN 	 0 	 0 	 NaN 	 NaN 	 93.5709 	 41.9926 	 43.9542 	 0.289927 	 151.604 	 50 	 50 	 118.92 	 4.4389 	 1 	 0 	 0 	 NaN 	 NaN 	 NaN 	 NaN 	 50 	 50 	 50 	 0 	  Fib 
18 	 267.722 	 1808.56 	 230.521 	 296.355 	 1765 	 66.973 	 36.9587 	 0.833947 	 0.880299 	 193.48 	 463.726 	 125.428 	 0.270479 	 273.484 	 382.829 	 3216 	 0.867782 	 278.225 	 261.144 	 240.754 	 9.52833 	 0.246154 	 320.297 	 227.906 	 67.2183 	 0.279199 	 44 	 45 	 162.364 	 -29.4033 	 1 	 0 	 0 	 NaN 	 NaN 	 NaN 	 NaN 	 44 	 44 	 44 	 0 	 32.4924 	 16.4262 	 11.8264 	 0.130641 	 90.5258 	 90 	 383 	 99.5 	 -14.9811 	 2 	 325.685 	 0.184524 	 42.0476 	 42.0476 	 42.0476 	 0 	 45 	 45 	 45 	 0 	  Lymph 
19 	 262.613 	 1871.74 	 224.878 	 354.203 	 2553 	 83.9799 	 41.2525 	 0.871036 	 0.885843 	 216.167 	 741.198 	 181.23 	 0.24451 	 361.415 	 660.301 	 3630 	 0.896961 	 277.054 	 219.305 	 227.178 	 -4.04722 	 0.465116 	 262.158 	 218.821 	 70.3355 	 0.309605 	 45 	 45 	 135.956 	 -55.8114 	 1 	 0 	 0 	 NaN 	 NaN 	 NaN 	 NaN 	 45 	 45 	 45 	 0 	 28.8347 	 5.6057 	 12.1597 	 0.139979 	 86.868 	 41 	 43 	 119.098 	 4.61646 	 1 	 0 	 0 	 NaN 	 NaN 	 NaN 	 NaN 	 41 	 41 	 41 	 0 	  Lymph 
20 	 286.487 	 2018.27 	 301.896 	 411.7 	 3090 	 96.1859 	 43.4757 	 0.892019 	 0.904832 	 266.836 	 516.458 	 173.1 	 0.335167 	 347.962 	 435.56 	 5018 	 0.943943 	 311.882 	 134.481 	 124.997 	 -106.229 	 0 	 0 	 0 	 18.0679 	 0.144547 	 49 	 49 	 120.612 	 -71.1547 	 1 	 0 	 0 	 NaN 	 NaN 	 NaN 	 NaN 	 49 	 49 	 49 	 0 	 9.21358 	 12.8012 	 9.41824 	 0.140055 	 67.2469 	 186 	 543 	 88.7473 	 -25.7338 	 4 	 723.167 	 0.234035 	 25.8118 	 9.60469 	 18.6977 	 5.48629 	 72 	 24 	 46.5 	 19.6723 	  Lymph 
21 	 322.497 	 1907.74 	 289.394 	 348.053 	 5521 	 121.409 	 62.3337 	 0.858138 	 0.859835 	 346.676 	 509.579 	 149.091 	 0.292576 	 280.434 	 428.682 	 7741 	 0.889668 	 400.51 	 164.566 	 151.16 	 -80.0651 	 0.270053 	 184.851 	 147.246 	 38.2482 	 0.253031 	 82 	 315 	 119.866 	 -71.9011 	 2 	 554.538 	 0.100442 	 37.7213 	 37.7213 	 37.7213 	 0 	 41 	 41 	 41 	 0 	 18.3856 	 8.94207 	 7.92631 	 0.103722 	 76.4189 	 180 	 1134 	 94.4667 	 -20.0144 	 4 	 1313.68 	 0.237943 	 56.7274 	 18.3848 	 34.3489 	 12.763 	 45 	 45 	 45 	 0 	  Lymph 
22 	 348.538 	 1112.08 	 499.652 	 161.818 	 10344 	 156.905 	 89.8755 	 0.819693 	 0.949862 	 451.546 	 1059.47 	 353.353 	 0.333519 	 740.892 	 978.572 	 14122 	 0.934922 	 537.806 	 981.744 	 1475.18 	 1243.95 	 0.118126 	 1689.09 	 1450.1 	 691.383 	 0.468677 	 95 	 436 	 207.474 	 15.7067 	 2 	 1616.18 	 0.156243 	 50.011 	 50.011 	 50.011 	 0 	 50 	 45 	 47.5 	 3.53553 	 215.462 	 5.41255 	 85.2201 	 0.311596 	 273.495 	 1301 	 4437 	 287.546 	 173.065 	 3 	 1811.17 	 0.175094 	 120.834 	 40.6967 	 81.8607 	 35.8785 	 757 	 5 	 433.667 	 386.907 	  Tumour 
23 	 315.615 	 1309.69 	 600.221 	 60.6383 	 1791 	 78.5865 	 30.6579 	 0.920766 	 0.906377 	 198.652 	 480.198 	 157.816 	 0.328649 	 273.798 	 399.3 	 3557 	 0.872241 	 292.024 	 693.24 	 659.892 	 428.666 	 0.339552 	 643.934 	 663.253 	 178.88 	 0.271075 	 0 	 0 	 NaN 	 NaN 	 0 	 0 	 0 	 NaN 	 NaN 	 NaN 	 NaN 	 0 	 0 	 NaN 	 NaN 	 134.623 	 -0.304585 	 36.415 	 0.189015 	 192.657 	 312 	 539 	 196.09 	 81.6086 	 3 	 641.762 	 0.358326 	 25.1446 	 13.3346 	 18.6896 	 5.34988 	 237 	 23 	 104 	 116.09 	  Fib 
24 	 350.336 	 1831.25 	 310.232 	 285.465 	 1707 	 79.5668 	 27.9797 	 0.936131 	 0.898421 	 208.309 	 397.977 	 78.7063 	 0.197766 	 248.732 	 317.08 	 2972 	 0.929331 	 254.61 	 135.042 	 136.43 	 -94.7951 	 0.130802 	 155.774 	 135.47 	 36.6751 	 0.268819 	 0 	 0 	 NaN 	 NaN 	 0 	 0 	 0 	 NaN 	 NaN 	 NaN 	 NaN 	 0 	 0 	 NaN 	 NaN 	 13.9192 	 13.2439 	 10.8886 	 0.15133 	 71.9525 	 48 	 50 	 100.417 	 -14.0644 	 1 	 0 	 0 	 NaN 	 NaN 	 NaN 	 NaN 	 48 	 48 	 48 	 0 	  Other 
25 	 375.098 	 1296.05 	 684.882 	 60.6383 	 3023 	 67.3794 	 58.7168 	 0.490509 	 0.92844 	 236.007 	 549.33 	 221.709 	 0.403599 	 308.243 	 468.433 	 6441 	 0.87017 	 404.167 	 589.536 	 556.814 	 325.588 	 0.345745 	 635.862 	 532.86 	 153.292 	 0.275302 	 0 	 0 	 NaN 	 NaN 	 0 	 0 	 0 	 NaN 	 NaN 	 NaN 	 NaN 	 0 	 0 	 NaN 	 NaN 	 127.892 	 17.2912 	 34.4332 	 0.1852 	 185.925 	 0 	 0 	 NaN 	 NaN 	 0 	 0 	 0 	 NaN 	 NaN 	 NaN 	 NaN 	 0 	 0 	 NaN 	 NaN 	  Tumour 
26 	 366.923 	 1648.7 	 380.217 	 108.301 	 493 	 35.2292 	 18.7477 	 0.846643 	 0.885099 	 98.0833 	 393.937 	 103.992 	 0.263982 	 216.257 	 313.039 	 1682 	 0.867905 	 193.255 	 775.342 	 802.917 	 571.691 	 0 	 0 	 0 	 332.715 	 0.414382 	 0 	 0 	 NaN 	 NaN 	 0 	 0 	 0 	 NaN 	 NaN 	 NaN 	 NaN 	 0 	 0 	 NaN 	 NaN 	 100.366 	 -1.96883 	 27.0441 	 0.170733 	 158.4 	 0 	 0 	 NaN 	 NaN 	 0 	 0 	 0 	 NaN 	 NaN 	 NaN 	 NaN 	 0 	 0 	 NaN 	 NaN 	  Other 
27 	 418.858 	 1553.73 	 946.457 	 108.301 	 9257 	 136.705 	 87.4481 	 0.768636 	 0.956796 	 395.061 	 1063.18 	 478.688 	 0.450243 	 860.216 	 982.28 	 11490 	 0.944901 	 493.137 	 473.427 	 518.13 	 286.905 	 0 	 0 	 517.29 	 293.019 	 0.565532 	 90 	 199 	 152.044 	 -39.7225 	 2 	 2465.6 	 0.26635 	 22 	 22 	 22 	 0 	 45 	 45 	 45 	 0 	 66.8296 	 11.4824 	 26.804 	 0.214667 	 124.863 	 63 	 64 	 128.444 	 13.9633 	 1 	 0 	 0 	 NaN 	 NaN 	 NaN 	 NaN 	 63 	 63 	 63 	 0 	  Tumour 
28 	 414.128 	 1945.62 	 387.924 	 266.58 	 3329 	 95.6087 	 47.4745 	 0.868008 	 0.888681 	 280.735 	 549.937 	 213.468 	 0.388169 	 396.926 	 469.039 	 5364 	 0.937434 	 322.225 	 151.185 	 138.112 	 -93.1137 	 0 	 0 	 0 	 35.6722 	 0.258285 	 84 	 193 	 114.333 	 -77.4336 	 2 	 551.121 	 0.165551 	 20.3594 	 20.3594 	 20.3594 	 0 	 45 	 39 	 42 	 4.24264 	 18.3512 	 17.0345 	 10.7976 	 0.141358 	 76.3845 	 103 	 119 	 112.534 	 -1.94712 	 1 	 0 	 0 	 NaN 	 NaN 	 NaN 	 NaN 	 103 	 103 	 103 	 0 	  Other 
29 	 421.896 	 770.253 	 1138.97 	 65.7419 	 2936 	 83.8757 	 46.1201 	 0.835255 	 0.897311 	 246.492 	 558.045 	 227.538 	 0.407741 	 361.094 	 477.148 	 3985 	 0.875824 	 330.409 	 779.974 	 868.488 	 637.263 	 0.318937 	 1105.88 	 807.192 	 434.899 	 0.500753 	 0 	 0 	 NaN 	 NaN 	 0 	 0 	 0 	 NaN 	 NaN 	 NaN 	 NaN 	 0 	 0 	 NaN 	 NaN 	 171.46 	 59.425 	 46.967 	 0.204655 	 229.493 	 336 	 1262 	 143.851 	 29.3701 	 4 	 496.362 	 0.169061 	 53.7999 	 11.3675 	 32.3827 	 14.0046 	 117 	 45 	 84 	 37.9034 	  Fib 
30 	 505.382 	 1154.57 	 830.403 	 126.178 	 11677 	 214.987 	 84.5642 	 0.919391 	 0.75638 	 606.34 	 1114.77 	 453.467 	 0.406782 	 769.837 	 1033.87 	 19037 	 0.881547 	 645.588 	 745.162 	 850.208 	 618.983 	 0.352431 	 1133.89 	 802.715 	 424.173 	 0.498905 	 114 	 326 	 238.614 	 46.8471 	 2 	 3470.62 	 0.297219 	 26.6897 	 26.6897 	 26.6897 	 0 	 60 	 54 	 57 	 4.24264 	 120.112 	 27.9187 	 40.0171 	 0.224632 	 178.145 	 1724 	 6829 	 197.727 	 83.2457 	 6 	 2177.94 	 0.186516 	 141.91 	 12.5897 	 63.7388 	 36.119 	 1351 	 24 	 246.286 	 488.801 	  Fib 
31 	 453.55 	 665.129 	 224.415 	 109.768 	 3143 	 79.0157 	 53.0801 	 0.740763 	 0.930983 	 237.037 	 602.264 	 202.687 	 0.336542 	 430.617 	 521.366 	 4482 	 0.92949 	 314.853 	 586.784 	 647.759 	 416.533 	 0.306897 	 866.506 	 608.18 	 248.897 	 0.384244 	 0 	 0 	 NaN 	 NaN 	 0 	 0 	 0 	 NaN 	 NaN 	 NaN 	 NaN 	 0 	 0 	 NaN 	 NaN 	 67.8273 	 8.13589 	 14.4138 	 0.114522 	 125.861 	 218 	 233 	 195.638 	 81.1565 	 1 	 0 	 0 	 NaN 	 NaN 	 NaN 	 NaN 	 218 	 218 	 218 	 0 	  Tumour 
32 	 477.911 	 1345.14 	 759.596 	 98.4784 	 11329 	 166.531 	 97.352 	 0.811331 	 0.867657 	 514.458 	 771.961 	 290.562 	 0.376395 	 563.775 	 691.063 	 17194 	 0.776744 	 744.434 	 608.15 	 823.939 	 592.714 	 0.465991 	 920.637 	 780.975 	 415.108 	 0.503809 	 52 	 52 	 196.558 	 4.79072 	 1 	 0 	 0 	 NaN 	 NaN 	 NaN 	 NaN 	 52 	 52 	 52 	 0 	 97.1308 	 -2.67012 	 18.9452 	 0.122098 	 155.164 	 591 	 1217 	 168.77 	 54.2888 	 3 	 2550.43 	 0.225124 	 50.3171 	 14.1045 	 33.5463 	 16.3264 	 497 	 45 	 197 	 259.815 	  Tumour 
33 	 480.552 	 741.061 	 273.366 	 65.7419 	 8182 	 125.397 	 84.5403 	 0.738568 	 0.961796 	 372.375 	 673.544 	 216.218 	 0.321016 	 488.364 	 592.646 	 10203 	 0.90388 	 470.309 	 686.881 	 899.34 	 668.115 	 0.426941 	 960.492 	 877.089 	 383.75 	 0.426702 	 45 	 45 	 189.6 	 -2.16698 	 1 	 0 	 0 	 NaN 	 NaN 	 NaN 	 NaN 	 45 	 45 	 45 	 0 	 140.755 	 -0.499779 	 46.5059 	 0.233946 	 198.789 	 217 	 345 	 171.304 	 56.823 	 2 	 3842.58 	 0.469639 	 17.6497 	 17.6497 	 17.6497 	 0 	 160 	 57 	 108.5 	 72.832 	  Tumour 
34 	 494.689 	 1442.36 	 606.487 	 98.4784 	 4436 	 97.7122 	 63.735 	 0.757985 	 0.871342 	 304.978 	 699.63 	 272.228 	 0.389104 	 522.092 	 618.732 	 7288 	 0.866794 	 434.794 	 478.774 	 659.25 	 428.024 	 0.335 	 1035.51 	 576.718 	 602.48 	 0.913886 	 79 	 225 	 152.544 	 -39.2227 	 2 	 2396.03 	 0.540133 	 25.6687 	 25.6687 	 25.6687 	 0 	 45 	 34 	 39.5 	 7.77817 	 53.0927 	 13.0782 	 32.504 	 0.292496 	 111.126 	 120 	 303 	 128.7 	 14.2189 	 2 	 607.515 	 0.136951 	 28.9104 	 28.9104 	 28.9104 	 0 	 70 	 50 	 60 	 14.1421 	  Fib 
35 	 518.691 	 967.164 	 445.058 	 188.521 	 5978 	 104.913 	 73.4633 	 0.713919 	 0.968097 	 311.321 	 597.011 	 187.232 	 0.313616 	 435.012 	 516.113 	 8548 	 0.873671 	 465.238 	 750 	 828.671 	 597.446 	 0.165517 	 1267.42 	 795.504 	 360.318 	 0.434815 	 79 	 325 	 192.633 	 0.865936 	 2 	 1720.74 	 0.287846 	 37.5732 	 37.5732 	 37.5732 	 0 	 41 	 38 	 39.5 	 2.12132 	 89.6947 	 -0.402616 	 23.3221 	 0.157872 	 147.728 	 553 	 995 	 190.141 	 75.6599 	 3 	 666.169 	 0.111437 	 25.3424 	 13.5341 	 18.4653 	 5.49169 	 383 	 45 	 184.333 	 176.639 	  Tumour 
36 	 558.487 	 114.128 	 606.44 	 329.002 	 4827 	 94.0771 	 65.6488 	 0.716274 	 0.976335 	 273.321 	 973.252 	 486.377 	 0.499745 	 792.04 	 892.354 	 10359 	 0.970398 	 415.22 	 1019.01 	 1156.57 	 925.345 	 0 	 0 	 0 	 314.768 	 0.272156 	 0 	 0 	 NaN 	 NaN 	 0 	 0 	 0 	 NaN 	 NaN 	 NaN 	 NaN 	 0 	 0 	 NaN 	 NaN 	 182.125 	 -24.6268 	 50.0202 	 0.20828 	 240.158 	 174 	 500 	 188.69 	 74.2086 	 2 	 547.75 	 0.113476 	 34.2241 	 34.2241 	 34.2241 	 0 	 98 	 76 	 87 	 15.5563 	  Tumour 
37 	 565.204 	 1265.6 	 720.988 	 120 	 5288 	 115.251 	 59.6695 	 0.855542 	 0.950225 	 305.505 	 1054.31 	 488.085 	 0.462945 	 832.471 	 973.408 	 11566 	 0.850817 	 562.492 	 556.52 	 708.16 	 476.934 	 0.452794 	 852.983 	 669.994 	 302.493 	 0.427154 	 49 	 51 	 187.143 	 -4.62412 	 1 	 0 	 0 	 NaN 	 NaN 	 NaN 	 NaN 	 49 	 49 	 49 	 0 	 86.4288 	 0.419764 	 24.4247 	 0.169073 	 144.462 	 149 	 458 	 142.174 	 27.6934 	 2 	 796.721 	 0.150666 	 42.7317 	 42.7317 	 42.7317 	 0 	 79 	 70 	 74.5 	 6.36396 	  Tumour 
38 	 544.056 	 1565.51 	 990.112 	 133.33 	 2096 	 68.8147 	 39.5667 	 0.818172 	 0.959268 	 192.066 	 532.037 	 201.076 	 0.377935 	 347.401 	 451.14 	 3336 	 0.964719 	 246.912 	 323.314 	 281.901 	 50.6753 	 0 	 0 	 0 	 48.4114 	 0.171732 	 0 	 0 	 NaN 	 NaN 	 0 	 0 	 0 	 NaN 	 NaN 	 NaN 	 NaN 	 0 	 0 	 NaN 	 NaN 	 54.3054 	 21.4621 	 15.7339 	 0.140057 	 112.339 	 45 	 45 	 113.644 	 -0.83666 	 1 	 0 	 0 	 NaN 	 NaN 	 NaN 	 NaN 	 45 	 45 	 45 	 0 	  Tumour 
39 	 625.699 	 953.303 	 511.251 	 235.468 	 6505 	 106.002 	 81.654 	 0.637671 	 0.954652 	 332.233 	 656.912 	 170.274 	 0.259204 	 488.206 	 576.014 	 8215 	 0.912068 	 418.409 	 596.509 	 841.512 	 610.286 	 0.449871 	 863.074 	 846.513 	 418.065 	 0.496803 	 31 	 32 	 169.194 	 -22.5734 	 1 	 0 	 0 	 NaN 	 NaN 	 NaN 	 NaN 	 31 	 31 	 31 	 0 	 85.4076 	 -24.9049 	 18.8681 	 0.131539 	 143.441 	 1312 	 4340 	 260.876 	 146.395 	 8 	 1271.84 	 0.195517 	 73.5288 	 8.98717 	 44.2524 	 17.3046 	 635 	 9 	 164 	 235.92 	  Tumour 
40 	 650.345 	 1161.32 	 678.317 	 145.124 	 10234 	 143.271 	 97.9184 	 0.729999 	 0.917601 	 449.103 	 879.824 	 314.904 	 0.357916 	 666.463 	 798.927 	 15122 	 0.850028 	 653.12 	 648.468 	 785.711 	 554.486 	 0.381426 	 820.87 	 778.643 	 400.221 	 0.509374 	 102 	 770 	 201.784 	 10.0173 	 2 	 1162.76 	 0.113617 	 87.7178 	 87.7178 	 87.7178 	 0 	 54 	 48 	 51 	 4.24264 	 91.935 	 16.1506 	 24.6719 	 0.164514 	 149.968 	 1581 	 6568 	 219.173 	 104.692 	 8 	 1920.04 	 0.187614 	 112.17 	 10.4403 	 56.2237 	 28.8444 	 447 	 45 	 197.625 	 171.008 	  Tumour 
41 	 634.012 	 1413.24 	 883.272 	 51.0882 	 2333 	 66.7611 	 44.739 	 0.742238 	 0.969256 	 192.309 	 594.891 	 219.186 	 0.368448 	 367.321 	 513.993 	 5007 	 0.893788 	 320.711 	 706.542 	 818.623 	 587.398 	 0.163333 	 1076.98 	 791.211 	 337.515 	 0.412296 	 0 	 0 	 NaN 	 NaN 	 0 	 0 	 0 	 NaN 	 NaN 	 NaN 	 NaN 	 0 	 0 	 NaN 	 NaN 	 148.446 	 21.1438 	 49.0872 	 0.237734 	 206.479 	 0 	 0 	 NaN 	 NaN 	 0 	 0 	 0 	 NaN 	 NaN 	 NaN 	 NaN 	 0 	 0 	 NaN 	 NaN 	  Tumour 
42 	 637.282 	 1361.54 	 766.662 	 51.0882 	 663 	 36.6977 	 23.3913 	 0.770529 	 0.947143 	 102.083 	 430.958 	 110.267 	 0.255865 	 262.554 	 350.06 	 1359 	 0.866709 	 167.598 	 745.889 	 922.917 	 691.691 	 0.794872 	 940.097 	 896.661 	 351.642 	 0.381012 	 0 	 0 	 NaN 	 NaN 	 0 	 0 	 0 	 NaN 	 NaN 	 NaN 	 NaN 	 0 	 0 	 NaN 	 NaN 	 149.244 	 34.1235 	 26.821 	 0.129397 	 207.278 	 0 	 0 	 NaN 	 NaN 	 0 	 0 	 0 	 NaN 	 NaN 	 NaN 	 NaN 	 0 	 0 	 NaN 	 NaN 	  Other 
43 	 666.721 	 911.299 	 519.212 	 282.676 	 3270 	 84.1856 	 50.4099 	 0.800903 	 0.931624 	 245.078 	 653.597 	 222.999 	 0.341187 	 405.587 	 572.7 	 4879 	 0.927919 	 330.995 	 447.647 	 536.053 	 304.827 	 0.34106 	 628.282 	 507.95 	 236.145 	 0.440526 	 90 	 263 	 153.544 	 -38.2225 	 2 	 819.801 	 0.250704 	 27.5136 	 27.5136 	 27.5136 	 0 	 45 	 45 	 45 	 0 	 56.0624 	 10.4624 	 12.743 	 0.111687 	 114.096 	 955 	 1782 	 312.334 	 197.853 	 5 	 3205.24 	 0.980196 	 62.6607 	 10.3613 	 35.4439 	 18.4813 	 847 	 8 	 191 	 367.104 	  Tumour 
44 	 678.374 	 1325.93 	 829.473 	 54.5619 	 3130 	 79.6814 	 51.0864 	 0.76743 	 0.929611 	 242.35 	 495.005 	 175.914 	 0.355379 	 295.971 	 414.107 	 7255 	 0.869487 	 433.622 	 719.738 	 839.05 	 607.825 	 0.211055 	 882.512 	 842.756 	 376.537 	 0.448766 	 0 	 0 	 NaN 	 NaN 	 0 	 0 	 0 	 NaN 	 NaN 	 NaN 	 NaN 	 0 	 0 	 NaN 	 NaN 	 137.595 	 7.74237 	 50.6508 	 0.258914 	 195.628 	 344 	 1073 	 155.474 	 40.9927 	 3 	 266.462 	 0.0851316 	 41.273 	 14.7673 	 31.8177 	 13.2333 	 175 	 64 	 114.667 	 56.1278 	  Tumour 
45 	 666.8 	 1861.95 	 1309.98 	 266.58 	 2871 	 83.022 	 46.3052 	 0.830012 	 0.921669 	 232.894 	 647.367 	 229.884 	 0.355107 	 462.95 	 566.469 	 3497 	 0.835803 	 290.711 	 602.51 	 603.319 	 372.093 	 0.385185 	 658.529 	 583.355 	 223.478 	 0.370415 	 0 	 0 	 NaN 	 NaN 	 0 	 0 	 0 	 NaN 	 NaN 	 NaN 	 NaN 	 0 	 0 	 NaN 	 NaN 	 108.439 	 0.518463 	 25.9723 	 0.156016 	 166.472 	 1273 	 1790 	 226.218 	 111.736 	 3 	 2982.56 	 1.03886 	 43.6943 	 18.769 	 29.3874 	 11.5073 	 1071 	 64 	 424.333 	 561.251 	  Tumour 
46 	 732.808 	 109.634 	 718.51 	 236.449 	 7612 	 150.623 	 67.9536 	 0.892447 	 0.897007 	 427.387 	 680.999 	 299.703 	 0.440093 	 508.83 	 600.101 	 18673 	 0.959657 	 556.274 	 708.091 	 884.418 	 653.193 	 0 	 0 	 0 	 390.127 	 0.441112 	 45 	 45 	 247.089 	 55.3219 	 1 	 0 	 0 	 NaN 	 NaN 	 NaN 	 NaN 	 45 	 45 	 45 	 0 	 196.301 	 6.99769 	 63.8152 	 0.250911 	 254.334 	 239 	 565 	 185.013 	 70.5314 	 2 	 340.353 	 0.0447127 	 23.7119 	 23.7119 	 23.7119 	 0 	 131 	 108 	 119.5 	 16.2635 	  Tumour 
47 	 722.471 	 1862.08 	 1329.22 	 301.478 	 5379 	 93.3128 	 74.7446 	 0.59865 	 0.973046 	 289.38 	 808.822 	 271.24 	 0.335352 	 586.703 	 727.924 	 7703 	 0.887852 	 418.995 	 561.205 	 690.264 	 459.039 	 0.271795 	 661.896 	 690.214 	 275.957 	 0.399784 	 76 	 361 	 216.803 	 25.0357 	 2 	 2259.75 	 0.420106 	 45.4673 	 45.4673 	 45.4673 	 0 	 41 	 35 	 38 	 4.24264 	 106.138 	 1.88853 	 19.3104 	 0.117624 	 164.171 	 438 	 1428 	 170.573 	 56.092 	 4 	 1182.5 	 0.219837 	 49.6501 	 10.6551 	 35.2042 	 16.4099 	 209 	 18 	 109.5 	 92.4211 	  Tumour 
48 	 758.113 	 782.597 	 547.973 	 336.251 	 8270 	 136.303 	 77.9613 	 0.820275 	 0.968951 	 383.931 	 528.548 	 168.706 	 0.319187 	 337.745 	 447.651 	 16679 	 0.952868 	 569.404 	 499.68 	 598.317 	 367.092 	 0 	 0 	 594.728 	 261.562 	 0.437162 	 46 	 48 	 230.391 	 38.6243 	 1 	 0 	 0 	 NaN 	 NaN 	 NaN 	 NaN 	 46 	 46 	 46 	 0 	 152.198 	 17.4456 	 25.2337 	 0.120029 	 210.231 	 528 	 678 	 238.206 	 123.725 	 1 	 0 	 0 	 NaN 	 NaN 	 NaN 	 NaN 	 528 	 528 	 528 	 0 	  Tumour 
49 	 787.777 	 1160.4 	 770.182 	 252.2 	 7206 	 145.079 	 67.2475 	 0.886084 	 0.907671 	 403.446 	 728.013 	 271.331 	 0.372701 	 530.491 	 647.115 	 10369 	 0.804422 	 582.593 	 688.868 	 783.022 	 551.797 	 0.426199 	 981.216 	 726.198 	 501.976 	 0.641076 	 74 	 108 	 214.108 	 22.3411 	 2 	 4010.24 	 0.556513 	 10.0213 	 10.0213 	 10.0213 	 0 	 45 	 29 	 37 	 11.3137 	 95.7209 	 8.61444 	 29.3408 	 0.190829 	 153.754 	 468 	 3932 	 142.25 	 27.7689 	 7 	 2820.05 	 0.391348 	 123.505 	 9.84886 	 61.821 	 38.9084 	 179 	 45 	 66.8571 	 49.9547 	  Tumour 
50 	 803.788 	 574.348 	 573.363 	 280.13 	 8676 	 130.637 	 84.933 	 0.759811 	 0.981559 	 372.617 	 670.583 	 183.587 	 0.273772 	 480.806 	 589.686 	 19766 	 0.935713 	 674.718 	 773.978 	 1231.08 	 999.856 	 0.244698 	 1782.48 	 1140.78 	 557.903 	 0.453181 	 32 	 32 	 243.625 	 51.858 	 1 	 0 	 0 	 NaN 	 NaN 	 NaN 	 NaN 	 32 	 32 	 32 	 0 	 169.14 	 -22.4775 	 46.8018 	 0.206018 	 227.173 	 404 	 2141 	 192.567 	 78.0857 	 5 	 1832.56 	 0.211222 	 72.4577 	 13.2346 	 39.3567 	 19.9104 	 116 	 51 	 80.8 	 31.5706 	  Tumour 
51 	 843.639 	 1085.5 	 764.801 	 345 	 5401 	 153.604 	 46.6443 	 0.952779 	 0.925621 	 393.605 	 626.751 	 236.322 	 0.377059 	 439.341 	 545.854 	 10102 	 0.836951 	 560.451 	 795.713 	 889.662 	 658.437 	 0.332061 	 1042.48 	 866.053 	 437.555 	 0.491822 	 42 	 45 	 220.31 	 28.5425 	 1 	 0 	 0 	 NaN 	 NaN 	 NaN 	 NaN 	 42 	 42 	 42 	 0 	 124.455 	 1.24336 	 56.6396 	 0.310374 	 182.488 	 376 	 1445 	 138.816 	 24.3354 	 6 	 1057.65 	 0.195826 	 87.1373 	 9.43398 	 38.186 	 21.7829 	 100 	 45 	 62.6667 	 27.3983 	  Tumour 
52 	 851.024 	 504.656 	 629.734 	 203.983 	 9563 	 140.77 	 89.6799 	 0.770808 	 0.929078 	 423.647 	 819.16 	 235.901 	 0.287979 	 599.237 	 738.262 	 12227 	 0.894571 	 527.966 	 735.918 	 1217.22 	 985.999 	 0.552632 	 1286.92 	 1177.85 	 623.056 	 0.511866 	 148 	 1325 	 209.507 	 17.7398 	 3 	 1016.63 	 0.106309 	 94.8382 	 39.812 	 64.1092 	 25.1077 	 52 	 45 	 49.3333 	 3.78594 	 133.735 	 -3.29107 	 36.1032 	 0.188265 	 191.768 	 1281 	 4527 	 250.425 	 135.944 	 6 	 4615.14 	 0.482604 	 109.29 	 10.9533 	 56.0331 	 26.6174 	 975 	 46 	 213.5 	 373.219 	  Tumour 
53 	 804.514 	 1520.53 	 1062.17 	 93.4077 	 1590 	 55.8186 	 37.4879 	 0.740912 	 0.973668 	 155.539 	 519.869 	 139.448 	 0.268237 	 314.649 	 438.972 	 2094 	 0.957914 	 181.924 	 317.37 	 311.355 	 80.1293 	 0.16129 	 389.4 	 302.895 	 72.9415 	 0.234271 	 0 	 0 	 NaN 	 NaN 	 0 	 0 	 0 	 NaN 	 NaN 	 NaN 	 NaN 	 0 	 0 	 NaN 	 NaN 	 51.8277 	 26.8151 	 15.5608 	 0.141641 	 109.861 	 0 	 0 	 NaN 	 NaN 	 0 	 0 	 0 	 NaN 	 NaN 	 NaN 	 NaN 	 0 	 0 	 NaN 	 NaN 	  Tumour 
54 	 802.192 	 1560.23 	 1093.67 	 69.4622 	 1399 	 49.354 	 37.1819 	 0.657594 	 0.960852 	 148.953 	 799.163 	 142.217 	 0.177957 	 436.968 	 718.265 	 2178 	 0.972756 	 178.752 	 313.867 	 302.993 	 71.7679 	 0.119205 	 406.056 	 297.356 	 101.778 	 0.335907 	 105 	 347 	 196.019 	 4.25207 	 3 	 101.284 	 0.0723974 	 27.6309 	 12.8907 	 19.6878 	 6.65149 	 45 	 19 	 35 	 14 	 62.422 	 19.5792 	 11.3398 	 0.0941413 	 120.455 	 99 	 200 	 126.747 	 12.2664 	 2 	 136.017 	 0.0972243 	 18.6341 	 18.6341 	 18.6341 	 0 	 54 	 45 	 49.5 	 6.36396 	  Tumour 
55 	 823.056 	 1679.32 	 1207.02 	 92.6121 	 3626 	 82.3519 	 56.3105 	 0.72969 	 0.973684 	 239.865 	 486.037 	 104.529 	 0.215064 	 310.849 	 405.139 	 5085 	 0.94834 	 299.397 	 286.03 	 260.479 	 29.2532 	 0 	 0 	 0 	 50.7484 	 0.194828 	 51 	 51 	 195.51 	 3.74283 	 1 	 0 	 0 	 NaN 	 NaN 	 NaN 	 NaN 	 51 	 51 	 51 	 0 	 55.4071 	 8.62391 	 9.16108 	 0.0807568 	 113.44 	 112 	 190 	 124.58 	 10.0993 	 2 	 178.917 	 0.0493428 	 16.2385 	 16.2385 	 16.2385 	 0 	 67 	 45 	 56 	 15.5563 	  Tumour 
56 	 836.563 	 939.434 	 680.283 	 396.081 	 4759 	 102.563 	 61.0633 	 0.803447 	 0.909421 	 302.978 	 550.604 	 173.923 	 0.315877 	 374.11 	 469.707 	 6792 	 0.939419 	 359.296 	 210.912 	 213.605 	 -17.6208 	 0.165192 	 241.679 	 211.002 	 42.9201 	 0.200933 	 45 	 45 	 128.933 	 -62.8336 	 1 	 0 	 0 	 NaN 	 NaN 	 NaN 	 NaN 	 45 	 45 	 45 	 0 	 27.214 	 11.8333 	 8.68013 	 0.101823 	 85.2473 	 118 	 301 	 128.517 	 14.0358 	 2 	 240.869 	 0.0506134 	 26.97 	 26.97 	 26.97 	 0 	 73 	 45 	 59 	 19.799 	  Tumour 
57 	 870.632 	 301.554 	 1750.78 	 203.983 	 4209 	 105.79 	 51.5395 	 0.873297 	 0.942243 	 278.451 	 718.35 	 279.87 	 0.389601 	 550.386 	 637.452 	 5489 	 0.908023 	 327.497 	 245.248 	 218.284 	 -12.9412 	 0.210863 	 338.53 	 203.597 	 95.3279 	 0.436714 	 45 	 45 	 149.622 	 -42.1448 	 1 	 0 	 0 	 NaN 	 NaN 	 NaN 	 NaN 	 45 	 45 	 45 	 0 	 40.0163 	 22.5328 	 14.3689 	 0.146547 	 98.0497 	 0 	 0 	 NaN 	 NaN 	 0 	 0 	 0 	 NaN 	 NaN 	 NaN 	 NaN 	 0 	 0 	 NaN 	 NaN 	  Lymph 
58 	 861.663 	 1594.97 	 858.597 	 69.4622 	 1447 	 70.7195 	 26.9934 	 0.924288 	 0.948231 	 170.409 	 457.875 	 115.04 	 0.251247 	 304.669 	 376.977 	 2868 	 0.938482 	 242.225 	 253.336 	 253.147 	 21.9218 	 0.0267857 	 307.5 	 251.946 	 101.275 	 0.400063 	 0 	 0 	 NaN 	 NaN 	 0 	 0 	 0 	 NaN 	 NaN 	 NaN 	 NaN 	 0 	 0 	 NaN 	 NaN 	 39.6322 	 11.3499 	 11.7945 	 0.120764 	 97.6655 	 77 	 84 	 118.156 	 3.67474 	 1 	 0 	 0 	 NaN 	 NaN 	 NaN 	 NaN 	 77 	 77 	 77 	 0 	  Fib 
59 	 893.529 	 897.121 	 714.396 	 466.782 	 2797 	 65.611 	 55.0949 	 0.54302 	 0.959191 	 209.238 	 634.565 	 223.679 	 0.352492 	 424.68 	 553.668 	 4114 	 0.971199 	 257.255 	 272.623 	 259.16 	 27.9343 	 0.233607 	 241.807 	 262.026 	 49.935 	 0.19268 	 0 	 0 	 NaN 	 NaN 	 0 	 0 	 0 	 NaN 	 NaN 	 NaN 	 NaN 	 0 	 0 	 NaN 	 NaN 	 48.0568 	 15.9944 	 12.5187 	 0.118 	 106.09 	 0 	 0 	 NaN 	 NaN 	 0 	 0 	 0 	 NaN 	 NaN 	 NaN 	 NaN 	 0 	 0 	 NaN 	 NaN 	  Tumour 
60 	 945.15 	 1778.69 	 1355.12 	 201.854 	 9404 	 134.751 	 92.9797 	 0.723797 	 0.938898 	 414.576 	 553.451 	 135.792 	 0.245355 	 372.978 	 472.553 	 12736 	 0.902878 	 524.894 	 388.191 	 545.598 	 314.373 	 0.27789 	 787.869 	 504.067 	 210.99 	 0.386713 	 36 	 37 	 172.528 	 -19.2392 	 1 	 0 	 0 	 NaN 	 NaN 	 NaN 	 NaN 	 36 	 36 	 36 	 0 	 120.197 	 14.1749 	 31.748 	 0.178129 	 178.23 	 928 	 4429 	 185.31 	 70.8292 	 7 	 4112.02 	 0.437263 	 96.8402 	 15.8763 	 52.9713 	 20.7196 	 614 	 44 	 132.571 	 212.512 	  Tumour 
61 	 926.524 	 256.198 	 1818.06 	 216.462 	 3648 	 90.4104 	 52.4854 	 0.814243 	 0.930375 	 259.664 	 701.965 	 337.027 	 0.480119 	 527.309 	 621.068 	 5453 	 0.937586 	 315.397 	 308.881 	 279.295 	 48.0698 	 0.224832 	 334.507 	 270.603 	 55.5571 	 0.198919 	 45 	 45 	 158.156 	 -33.6114 	 1 	 0 	 0 	 NaN 	 NaN 	 NaN 	 NaN 	 45 	 45 	 45 	 0 	 47.8016 	 24.7706 	 18.2813 	 0.172734 	 105.835 	 71 	 195 	 162.972 	 48.4907 	 2 	 362.557 	 0.0993852 	 21.8727 	 21.8727 	 21.8727 	 0 	 45 	 26 	 35.5 	 13.435 	  Lymph 
62 	 950.207 	 766.595 	 730.733 	 471.663 	 7462 	 104.432 	 94.381 	 0.428042 	 0.963709 	 349.647 	 508.151 	 108.782 	 0.214075 	 349.846 	 427.253 	 9959 	 0.935908 	 453.522 	 493.087 	 769.32 	 538.095 	 0.250602 	 1411.56 	 661.193 	 431.661 	 0.561094 	 75 	 321 	 183.667 	 -8.10031 	 2 	 1546.9 	 0.207304 	 40.4076 	 40.4076 	 40.4076 	 0 	 43 	 32 	 37.5 	 7.77817 	 136.071 	 9.88068 	 37.4979 	 0.193184 	 194.105 	 63 	 63 	 145 	 30.5189 	 1 	 0 	 0 	 NaN 	 NaN 	 NaN 	 NaN 	 63 	 63 	 63 	 0 	  Tumour 
63 	 933.288 	 1358.93 	 1013.55 	 246.449 	 5646 	 107.313 	 68.1725 	 0.772293 	 0.972442 	 299.622 	 900.184 	 310.408 	 0.344828 	 625.372 	 819.286 	 8841 	 0.883393 	 467.279 	 722.418 	 977.447 	 746.221 	 0.055814 	 1363.25 	 959.384 	 539.586 	 0.552036 	 100 	 217 	 214.14 	 22.373 	 2 	 466.877 	 0.0826916 	 19.625 	 19.625 	 19.625 	 0 	 51 	 49 	 50 	 1.41421 	 153.475 	 -1.25805 	 31.3716 	 0.148323 	 211.509 	 897 	 1834 	 208.423 	 93.9414 	 8 	 2130.01 	 0.37726 	 51.8303 	 8.19852 	 26.0404 	 11.8606 	 512 	 26 	 112.125 	 164.37 	  Tumour 
64 	 960.049 	 541.891 	 731.837 	 255.971 	 9640 	 140.678 	 89.7541 	 0.770026 	 0.963615 	 415.546 	 807.91 	 255.1 	 0.315753 	 619.057 	 727.012 	 11910 	 0.934411 	 512.451 	 594.563 	 758.977 	 527.751 	 0.260504 	 866.839 	 739.915 	 295.443 	 0.389265 	 112 	 553 	 210.304 	 18.5366 	 2 	 2359.96 	 0.244809 	 51.9812 	 51.9812 	 51.9812 	 0 	 61 	 51 	 56 	 7.07107 	 107.799 	 16.1742 	 23.4828 	 0.141605 	 165.833 	 1140 	 4095 	 293.163 	 178.682 	 5 	 4368.66 	 0.45318 	 78.9118 	 9.15542 	 52.7802 	 20.5808 	 996 	 12 	 228 	 430.829 	  Tumour 
65 	 953.051 	 1523.82 	 1151 	 115.421 	 3380 	 71.9929 	 61.1251 	 0.528321 	 0.958593 	 234.451 	 702.448 	 291.626 	 0.415156 	 531.53 	 621.551 	 5133 	 0.965576 	 299.397 	 278.173 	 271.777 	 40.5511 	 0 	 0 	 0 	 65.4674 	 0.240887 	 0 	 0 	 NaN 	 NaN 	 0 	 0 	 0 	 NaN 	 NaN 	 NaN 	 NaN 	 0 	 0 	 NaN 	 NaN 	 38.9936 	 11.8472 	 13.1884 	 0.135925 	 97.0269 	 0 	 0 	 NaN 	 NaN 	 0 	 0 	 0 	 NaN 	 NaN 	 NaN 	 NaN 	 0 	 0 	 NaN 	 NaN 	  Tumour 
66 	 1024.31 	 826.891 	 816.138 	 499.155 	 9797 	 131.326 	 96.2758 	 0.680114 	 0.94877 	 413.144 	 697.318 	 192.338 	 0.275825 	 512.38 	 616.421 	 12334 	 0.915257 	 499.546 	 482.818 	 735.094 	 503.868 	 0.491991 	 882.907 	 673.563 	 552.42 	 0.751496 	 77 	 305 	 183.182 	 -8.58516 	 2 	 1716.78 	 0.175236 	 38.2903 	 38.2903 	 38.2903 	 0 	 45 	 32 	 38.5 	 9.19239 	 96.834 	 21.022 	 26.382 	 0.170352 	 154.867 	 240 	 503 	 183.442 	 68.9606 	 4 	 4282.4 	 0.437114 	 28.0149 	 9.30191 	 17.6318 	 6.57273 	 109 	 21 	 60 	 43.8634 	  Tumour 
67 	 1029.73 	 1746.97 	 1375.45 	 226.557 	 9533 	 166.731 	 76.0934 	 0.889783 	 0.940045 	 455.203 	 771.715 	 281.82 	 0.365186 	 599.091 	 690.817 	 12743 	 0.884316 	 577.622 	 611.245 	 749.314 	 518.088 	 0.252768 	 712.796 	 751.815 	 337.391 	 0.450266 	 38 	 40 	 171.947 	 -19.8196 	 1 	 0 	 0 	 NaN 	 NaN 	 NaN 	 NaN 	 38 	 38 	 38 	 0 	 86.7351 	 14.2768 	 19.4634 	 0.134445 	 144.768 	 711 	 4035 	 143.395 	 28.9141 	 10 	 1327.69 	 0.139273 	 132.942 	 12.7797 	 50.6817 	 29.3862 	 109 	 45 	 71.1 	 23.7368 	  Tumour 
68 	 1030.54 	 1341.28 	 1071.46 	 218.58 	 2045 	 62.7422 	 42.4664 	 0.736131 	 0.939798 	 187.966 	 453.933 	 111.924 	 0.246565 	 276.125 	 373.035 	 3960 	 0.917942 	 305.338 	 593.33 	 668.54 	 437.314 	 0.323741 	 745.089 	 640.134 	 446.536 	 0.667927 	 0 	 0 	 NaN 	 NaN 	 0 	 0 	 0 	 NaN 	 NaN 	 NaN 	 NaN 	 0 	 0 	 NaN 	 NaN 	 46.5065 	 7.39197 	 11.2063 	 0.107196 	 104.54 	 86 	 170 	 90.814 	 -23.6672 	 2 	 608.109 	 0.297364 	 16.1968 	 16.1968 	 16.1968 	 0 	 45 	 41 	 43 	 2.82843 	  Tumour 
69 	 1045.92 	 1416.66 	 1134.31 	 239.24 	 5399 	 92.2244 	 78.5849 	 0.523371 	 0.952037 	 315.321 	 645.432 	 216.372 	 0.335236 	 455.743 	 564.534 	 6988 	 0.878994 	 411.48 	 600.256 	 711.071 	 479.846 	 0.436842 	 586.958 	 754.21 	 456.891 	 0.642539 	 0 	 0 	 NaN 	 NaN 	 0 	 0 	 0 	 NaN 	 NaN 	 NaN 	 NaN 	 0 	 0 	 NaN 	 NaN 	 73.1413 	 0.743178 	 22.8785 	 0.174413 	 131.175 	 499 	 1864 	 170.381 	 55.8997 	 7 	 1505.43 	 0.278835 	 57.0001 	 10.1909 	 31.8102 	 13.113 	 176 	 12 	 71.2857 	 55.2863 	  Tumour 
70 	 1073.87 	 1498.88 	 1212.19 	 232.723 	 9422 	 126.933 	 95.7683 	 0.656325 	 0.955287 	 387.848 	 745.054 	 279.677 	 0.375378 	 570.725 	 664.156 	 14061 	 0.909979 	 574.291 	 693.074 	 951.339 	 720.114 	 0.335238 	 879.705 	 956.19 	 467.635 	 0.491555 	 45 	 45 	 208.333 	 16.5664 	 1 	 0 	 0 	 NaN 	 NaN 	 NaN 	 NaN 	 45 	 45 	 45 	 0 	 108.316 	 -40.7213 	 30.1376 	 0.18117 	 166.35 	 1768 	 4236 	 210.811 	 96.3294 	 10 	 3753.52 	 0.398378 	 80.1471 	 9.21954 	 40.0293 	 17.9293 	 1251 	 3 	 160.727 	 363.112 	  Tumour 
71 	 1068.24 	 1245.99 	 1040.01 	 174.771 	 7520 	 101.398 	 99.6469 	 0.185023 	 0.91954 	 376.617 	 597.08 	 200.536 	 0.335862 	 419.786 	 516.182 	 16770 	 0.825417 	 759.304 	 694.445 	 901.006 	 669.78 	 0.130372 	 1404.09 	 859.576 	 404.616 	 0.449071 	 81 	 351 	 209.938 	 18.1713 	 2 	 2680.39 	 0.356434 	 40.3454 	 40.3454 	 40.3454 	 0 	 41 	 40 	 40.5 	 0.707107 	 93.5234 	 -8.36904 	 20.8227 	 0.137392 	 151.557 	 597 	 1739 	 143.509 	 29.0281 	 5 	 1849 	 0.245878 	 67.1658 	 13.1721 	 33.7503 	 16.5847 	 191 	 45 	 99.5 	 56.4083 	  Tumour 
72 	 1060.66 	 85.7576 	 988.526 	 108.784 	 6369 	 101.447 	 81.4487 	 0.596158 	 0.965585 	 328.919 	 797.354 	 415.301 	 0.520849 	 569.993 	 716.456 	 8790 	 0.928488 	 437.723 	 881.852 	 916.109 	 684.883 	 0.355556 	 1049.13 	 889.341 	 287.62 	 0.313958 	 0 	 0 	 NaN 	 NaN 	 0 	 0 	 0 	 NaN 	 NaN 	 NaN 	 NaN 	 0 	 0 	 NaN 	 NaN 	 210.148 	 38.1958 	 70.7552 	 0.263834 	 268.181 	 1383 	 2628 	 231.176 	 116.695 	 3 	 6729.02 	 1.05653 	 53.789 	 14.4246 	 39.7653 	 19.6661 	 1199 	 79 	 461 	 639.259 	  Tumour 
73 	 1055.28 	 896.878 	 865.52 	 422.641 	 2266 	 58.4569 	 50.3623 	 0.507709 	 0.960577 	 190.309 	 576.238 	 137.392 	 0.23843 	 411.832 	 495.34 	 4781 	 0.83789 	 346.049 	 486.717 	 563.292 	 332.066 	 0.402685 	 572.958 	 555.645 	 193.227 	 0.343032 	 0 	 0 	 NaN 	 NaN 	 0 	 0 	 0 	 NaN 	 NaN 	 NaN 	 NaN 	 0 	 0 	 NaN 	 NaN 	 95.0668 	 -23.2654 	 25.6875 	 0.167782 	 153.1 	 5 	 5 	 127.2 	 12.7189 	 1 	 0 	 0 	 NaN 	 NaN 	 NaN 	 NaN 	 5 	 5 	 5 	 0 	  Tumour 
74 	 1095.85 	 1111.22 	 989.946 	 219.754 	 7070 	 134.345 	 73.5669 	 0.836742 	 0.879244 	 394.475 	 556.216 	 168.22 	 0.302437 	 392.93 	 475.319 	 10713 	 0.839511 	 561.22 	 989.026 	 1046.45 	 815.22 	 0.143969 	 1497.55 	 1007.04 	 433.892 	 0.414634 	 0 	 0 	 NaN 	 NaN 	 0 	 0 	 0 	 NaN 	 NaN 	 NaN 	 NaN 	 0 	 0 	 NaN 	 NaN 	 164.983 	 18.8401 	 42.4875 	 0.190513 	 223.016 	 566 	 2188 	 220.869 	 106.388 	 3 	 2907.07 	 0.411183 	 76.7957 	 21.54 	 53.3511 	 25.5468 	 417 	 45 	 188.667 	 199.931 	  Tumour 
75 	 1166.64 	 709.425 	 937.681 	 386.412 	 12795 	 223.436 	 87.8933 	 0.91938 	 0.814657 	 599.411 	 786.723 	 316.052 	 0.401733 	 599.698 	 705.825 	 16660 	 0.831503 	 731.262 	 500.571 	 486.827 	 255.602 	 0.0354505 	 702.25 	 484.074 	 283.846 	 0.583052 	 175 	 1755 	 207.583 	 15.8159 	 3 	 5257.17 	 0.410877 	 95.4527 	 25.6657 	 66.4265 	 32.5064 	 65 	 45 	 58.3333 	 11.547 	 81.9572 	 23.5972 	 29.6656 	 0.211911 	 139.991 	 1974 	 3712 	 268.517 	 154.036 	 2 	 2768.61 	 0.216382 	 57.8055 	 57.8055 	 57.8055 	 0 	 1943 	 31 	 987 	 1351.99 	  Tumour 
76 	 1088.43 	 2031.28 	 1064.73 	 254.686 	 1730 	 52.1762 	 42.3728 	 0.583506 	 0.973003 	 158.125 	 433.936 	 83.1848 	 0.191698 	 287.188 	 353.038 	 2949 	 0.98497 	 212.77 	 222.127 	 205.946 	 -25.28 	 0 	 0 	 0 	 19.0007 	 0.0922608 	 34 	 34 	 150.324 	 -41.4434 	 1 	 0 	 0 	 NaN 	 NaN 	 NaN 	 NaN 	 34 	 34 	 34 	 0 	 34.062 	 11.9213 	 8.08762 	 0.0878179 	 92.0954 	 47 	 49 	 111.617 	 -2.86408 	 1 	 0 	 0 	 NaN 	 NaN 	 NaN 	 NaN 	 47 	 47 	 47 	 0 	  Other 
77 	 1126.53 	 860.419 	 924.117 	 432.039 	 5432 	 98.8264 	 70.8071 	 0.697608 	 0.946836 	 309.706 	 715.828 	 312.984 	 0.437233 	 536.712 	 634.931 	 8443 	 0.93458 	 407.681 	 570.677 	 633.586 	 402.361 	 0.308901 	 615.076 	 628.262 	 459.42 	 0.72511 	 45 	 45 	 188.6 	 -3.16698 	 1 	 0 	 0 	 NaN 	 NaN 	 NaN 	 NaN 	 45 	 45 	 45 	 0 	 104.094 	 27.5488 	 35.645 	 0.219857 	 162.128 	 333 	 1620 	 166.655 	 52.1736 	 4 	 1979.85 	 0.36448 	 68.1777 	 17.643 	 39.8404 	 16.3202 	 118 	 40 	 83.25 	 40.2275 	  Tumour 
78 	 1164.47 	 121.02 	 2056.37 	 49.7293 	 5085 	 151.389 	 46.9486 	 0.950698 	 0.820691 	 365.865 	 959.968 	 334.178 	 0.348114 	 730.754 	 879.071 	 7671 	 0.708507 	 511.362 	 702.887 	 807.009 	 575.783 	 0.717391 	 758.018 	 839.144 	 258.672 	 0.320532 	 51 	 52 	 223.569 	 31.8017 	 1 	 0 	 0 	 NaN 	 NaN 	 NaN 	 NaN 	 51 	 51 	 51 	 0 	 132.638 	 15.5417 	 24.7339 	 0.12972 	 190.671 	 363 	 1196 	 193.606 	 79.125 	 6 	 2331.52 	 0.458509 	 65.7428 	 10.2462 	 29.3599 	 15.3245 	 118 	 7 	 60.5 	 36.1594 	  Fib 
79 	 1152.49 	 59.4962 	 1079.84 	 63.1506 	 7537 	 127.553 	 79.8129 	 0.780046 	 0.921844 	 387.563 	 1046.59 	 470.213 	 0.449283 	 857.901 	 965.688 	 8365 	 0.864153 	 450.853 	 728.817 	 763.824 	 532.598 	 0.485915 	 860.99 	 734.129 	 303.134 	 0.396864 	 94 	 621 	 254.628 	 62.8607 	 2 	 1580.4 	 0.209685 	 66.5722 	 66.5722 	 66.5722 	 0 	 48 	 46 	 47 	 1.41421 	 189.12 	 56.2588 	 61.4162 	 0.248494 	 247.153 	 1192 	 4664 	 215.547 	 101.066 	 7 	 3400.37 	 0.451157 	 89.7999 	 8.21997 	 51.3172 	 24.9857 	 836 	 3 	 170.286 	 299.366 	  Tumour 
80 	 1130.56 	 265.077 	 1918.43 	 98.0612 	 1051 	 82.3829 	 17.0045 	 0.978466 	 0.883193 	 185.137 	 457.313 	 155.354 	 0.339711 	 279.564 	 376.415 	 2272 	 0.883016 	 235.983 	 444.607 	 416.338 	 185.112 	 0.109589 	 443.458 	 414.533 	 59.8921 	 0.143855 	 0 	 0 	 NaN 	 NaN 	 0 	 0 	 0 	 NaN 	 NaN 	 NaN 	 NaN 	 0 	 0 	 NaN 	 NaN 	 53.6413 	 21.3061 	 13.3458 	 0.119506 	 111.675 	 81 	 88 	 144.568 	 30.0868 	 1 	 0 	 0 	 NaN 	 NaN 	 NaN 	 NaN 	 81 	 81 	 81 	 0 	  Fib 
81 	 1150.83 	 168.669 	 1025.46 	 49.7293 	 5074 	 104.946 	 62.2507 	 0.805079 	 0.96869 	 316.492 	 1103.32 	 596.761 	 0.54088 	 887.28 	 1022.42 	 6052 	 0.944444 	 341.179 	 548.328 	 568.355 	 337.13 	 0.275748 	 643.819 	 556.322 	 209.101 	 0.367906 	 210 	 501 	 309.648 	 117.881 	 3 	 1723.96 	 0.339764 	 41.1045 	 13.6454 	 27.5375 	 12.2826 	 107 	 23 	 70 	 42.8836 	 111.178 	 46.1804 	 42.4715 	 0.250997 	 169.211 	 53 	 57 	 176.094 	 61.6132 	 1 	 0 	 0 	 NaN 	 NaN 	 NaN 	 NaN 	 53 	 53 	 53 	 0 	  Tumour 
82 	 1227.98 	 1584.21 	 1381.23 	 261.559 	 9887 	 140.013 	 95.9241 	 0.728443 	 0.955358 	 421.345 	 777.414 	 326.083 	 0.419445 	 597.057 	 696.516 	 14405 	 0.915533 	 573.907 	 589.56 	 841.994 	 610.769 	 0.103774 	 1404.25 	 803.61 	 524.56 	 0.622997 	 146 	 962 	 212.212 	 20.4454 	 3 	 1233.67 	 0.124777 	 62.5197 	 23.3679 	 42.9606 	 17.5092 	 54 	 44 	 48.6667 	 5.03322 	 117.505 	 13.7816 	 29.8385 	 0.169983 	 175.538 	 1477 	 5652 	 214.313 	 99.8317 	 9 	 1191.39 	 0.120501 	 120.007 	 13.2309 	 57.7937 	 28.9859 	 368 	 45 	 164.111 	 120.731 	  Tumour 
83 	 1199.8 	 324.404 	 1911.27 	 162.561 	 3197 	 98.6415 	 42.0023 	 0.904814 	 0.938913 	 264.291 	 640.967 	 300.808 	 0.469303 	 428.996 	 560.07 	 4830 	 0.944097 	 315.196 	 449.446 	 371.962 	 140.737 	 0.0856164 	 438.44 	 368.928 	 55.3711 	 0.148862 	 0 	 0 	 NaN 	 NaN 	 0 	 0 	 0 	 NaN 	 NaN 	 NaN 	 NaN 	 0 	 0 	 NaN 	 NaN 	 78.5356 	 36.9568 	 19.7093 	 0.144318 	 136.569 	 337 	 772 	 186.964 	 72.4833 	 4 	 1021.13 	 0.319404 	 56.9412 	 9.8445 	 30.7082 	 18.0207 	 181 	 21 	 84.25 	 68.1341 	  Fib 
84 	 1193.81 	 1991.69 	 1163.58 	 142.127 	 1552 	 61.9953 	 36.3442 	 0.810136 	 0.854155 	 185.137 	 494.397 	 189.133 	 0.382554 	 307.479 	 413.499 	 2888 	 0.955026 	 230.912 	 324.689 	 320.028 	 88.8023 	 0 	 0 	 0 	 108.405 	 0.338735 	 0 	 0 	 NaN 	 NaN 	 0 	 0 	 0 	 NaN 	 NaN 	 NaN 	 NaN 	 0 	 0 	 NaN 	 NaN 	 46.1277 	 7.98935 	 20.8161 	 0.199846 	 104.161 	 400 	 1029 	 146.92 	 32.4389 	 4 	 97.8835 	 0.0630692 	 45.1941 	 12.3878 	 28.2058 	 12.837 	 171 	 66 	 100 	 49.5379 	  Other 
85 	 1231.38 	 1731.88 	 1489.71 	 117.047 	 2394 	 69.1562 	 46.1517 	 0.74474 	 0.953785 	 208.066 	 519.929 	 131.73 	 0.253363 	 356.889 	 439.031 	 3697 	 0.960759 	 253.983 	 224.813 	 213.207 	 -18.0188 	 0.232068 	 245.073 	 208.45 	 61.882 	 0.290244 	 0 	 0 	 NaN 	 NaN 	 0 	 0 	 0 	 NaN 	 NaN 	 NaN 	 NaN 	 0 	 0 	 NaN 	 NaN 	 25.32 	 12.3731 	 8.03573 	 0.0964055 	 83.3534 	 0 	 0 	 NaN 	 NaN 	 0 	 0 	 0 	 NaN 	 NaN 	 NaN 	 NaN 	 0 	 0 	 NaN 	 NaN 	  Tumour 
86 	 1263.71 	 1179.79 	 1170.42 	 99.925 	 5312 	 142.735 	 49.1937 	 0.938731 	 0.915389 	 339.907 	 567.931 	 175.388 	 0.308818 	 400.061 	 487.033 	 10393 	 0.866372 	 562.593 	 674.411 	 793.762 	 562.537 	 0 	 0 	 0 	 380.294 	 0.479104 	 0 	 0 	 NaN 	 NaN 	 0 	 0 	 0 	 NaN 	 NaN 	 NaN 	 NaN 	 0 	 0 	 NaN 	 NaN 	 112.698 	 6.06692 	 19.953 	 0.116868 	 170.731 	 90 	 167 	 123.567 	 9.08556 	 2 	 2074.84 	 0.390596 	 15.2315 	 15.2315 	 15.2315 	 0 	 45 	 45 	 45 	 0 	  Tumour 
87 	 1253.13 	 960.059 	 1073.29 	 317.266 	 5821 	 95.5786 	 80.4225 	 0.540369 	 0.93435 	 321.948 	 500.22 	 131.629 	 0.263143 	 331.697 	 419.322 	 7956 	 0.947368 	 370.225 	 360.989 	 426.347 	 195.121 	 0 	 0 	 0 	 183.416 	 0.430203 	 0 	 0 	 NaN 	 NaN 	 0 	 0 	 0 	 NaN 	 NaN 	 NaN 	 NaN 	 0 	 0 	 NaN 	 NaN 	 86.1654 	 7.8522 	 14.5982 	 0.101237 	 144.199 	 0 	 0 	 NaN 	 NaN 	 0 	 0 	 0 	 NaN 	 NaN 	 NaN 	 NaN 	 0 	 0 	 NaN 	 NaN 	  Tumour 
88 	 1240.01 	 1277.36 	 1326.78 	 99.925 	 1403 	 69.9039 	 27.6222 	 0.918619 	 0.871429 	 179.723 	 479.954 	 180.58 	 0.376245 	 291.347 	 399.056 	 2783 	 0.902399 	 252.368 	 526.055 	 538.378 	 307.153 	 0 	 0 	 0 	 175.628 	 0.326216 	 0 	 0 	 NaN 	 NaN 	 0 	 0 	 0 	 NaN 	 NaN 	 NaN 	 NaN 	 0 	 0 	 NaN 	 NaN 	 66.2796 	 6.7012 	 18.1113 	 0.145691 	 124.313 	 0 	 0 	 NaN 	 NaN 	 0 	 0 	 0 	 NaN 	 NaN 	 NaN 	 NaN 	 0 	 0 	 NaN 	 NaN 	  Other 
89 	 1255.53 	 135.484 	 2096.64 	 110.368 	 1069 	 61.3709 	 23.5688 	 0.923317 	 0.871941 	 159.882 	 494.043 	 166.266 	 0.336541 	 322.809 	 413.145 	 2705 	 0.921322 	 238.711 	 909.25 	 950.578 	 719.352 	 0.344037 	 911.613 	 958.801 	 259.333 	 0.272816 	 0 	 0 	 NaN 	 NaN 	 0 	 0 	 0 	 NaN 	 NaN 	 NaN 	 NaN 	 0 	 0 	 NaN 	 NaN 	 205.447 	 14.1218 	 36.8893 	 0.140008 	 263.48 	 0 	 0 	 NaN 	 NaN 	 0 	 0 	 0 	 NaN 	 NaN 	 NaN 	 NaN 	 0 	 0 	 NaN 	 NaN 	  Other 
90 	 1270.99 	 1841.95 	 1231 	 84.2021 	 1257 	 41.491 	 39.3682 	 0.315764 	 0.959542 	 138.267 	 447.087 	 112.3 	 0.251183 	 296.053 	 366.189 	 2319 	 0.965445 	 191.113 	 208.596 	 197.61 	 -33.6156 	 0 	 0 	 0 	 30.1014 	 0.152328 	 0 	 0 	 NaN 	 NaN 	 0 	 0 	 0 	 NaN 	 NaN 	 NaN 	 NaN 	 0 	 0 	 NaN 	 NaN 	 22.7511 	 9.00514 	 6.83883 	 0.0846553 	 80.7844 	 0 	 0 	 NaN 	 NaN 	 0 	 0 	 0 	 NaN 	 NaN 	 NaN 	 NaN 	 0 	 0 	 NaN 	 NaN 	  Other 
91 	 1284.7 	 1710.64 	 1511.27 	 131.746 	 3740 	 78.3503 	 63.3852 	 0.587812 	 0.943491 	 252.451 	 690.521 	 228.675 	 0.331162 	 501.229 	 609.623 	 4815 	 0.889361 	 311.539 	 320.475 	 290.414 	 59.1883 	 0.434483 	 313.071 	 283.548 	 65.9899 	 0.227227 	 45 	 45 	 194.867 	 3.09969 	 1 	 0 	 0 	 NaN 	 NaN 	 NaN 	 NaN 	 45 	 45 	 45 	 0 	 49.6041 	 28.1324 	 19.0983 	 0.177432 	 107.637 	 58 	 60 	 142.5 	 28.0189 	 1 	 0 	 0 	 NaN 	 NaN 	 NaN 	 NaN 	 58 	 58 	 58 	 0 	  Tumour 
92 	 1323.08 	 773.515 	 1100 	 312.834 	 5649 	 108.733 	 67.1478 	 0.786534 	 0.967958 	 317.019 	 565.031 	 183.021 	 0.323914 	 415.227 	 484.133 	 7988 	 0.91375 	 431.48 	 657.145 	 646.337 	 415.112 	 0.0625 	 688 	 640.609 	 435.922 	 0.674449 	 65 	 66 	 157.569 	 -34.1977 	 1 	 0 	 0 	 NaN 	 NaN 	 NaN 	 NaN 	 65 	 65 	 65 	 0 	 86.8088 	 14.3165 	 36.7752 	 0.253898 	 144.842 	 945 	 1039 	 369.895 	 255.414 	 1 	 0 	 0 	 NaN 	 NaN 	 NaN 	 NaN 	 945 	 945 	 945 	 0 	  Tumour 
93 	 1332.14 	 1958.15 	 1726.85 	 131.061 	 5836 	 112.551 	 72.2161 	 0.767014 	 0.892491 	 354.475 	 521.508 	 140.165 	 0.268768 	 356.381 	 440.611 	 8158 	 0.926203 	 409.823 	 290.4 	 324.15 	 92.9245 	 0 	 0 	 0 	 153.727 	 0.474245 	 90 	 188 	 137.689 	 -54.0781 	 2 	 1549.11 	 0.265441 	 18.0278 	 18.0278 	 18.0278 	 0 	 45 	 45 	 45 	 0 	 46.5301 	 10.4919 	 12.9043 	 0.123411 	 104.563 	 843 	 2478 	 192.76 	 78.2793 	 7 	 1863.07 	 0.319237 	 85.5217 	 11.7846 	 45.6882 	 23.975 	 572 	 18 	 120.429 	 200.533 	  Tumour 
94 	 1322.22 	 1775.27 	 1583.07 	 84.2021 	 3726 	 88.0352 	 54.9891 	 0.780924 	 0.962045 	 250.392 	 676.74 	 232.905 	 0.344157 	 489.527 	 595.842 	 5223 	 0.948257 	 308.368 	 332.171 	 304.818 	 73.5927 	 0.248252 	 363.986 	 295.729 	 74.8813 	 0.245659 	 89 	 254 	 197.348 	 5.58134 	 2 	 595.071 	 0.159708 	 27.0839 	 27.0839 	 27.0839 	 0 	 45 	 44 	 44.5 	 0.707107 	 51.7917 	 31.8693 	 15.8654 	 0.14446 	 109.825 	 72 	 77 	 142.667 	 28.1856 	 1 	 0 	 0 	 NaN 	 NaN 	 NaN 	 NaN 	 72 	 72 	 72 	 0 	  Tumour 
95 	 1357.49 	 626.445 	 1124 	 270.852 	 2222 	 63.6314 	 45.3884 	 0.700857 	 0.955699 	 187.338 	 1097.94 	 476.194 	 0.433715 	 773.614 	 1017.04 	 3398 	 0.953423 	 244.569 	 542.207 	 458.083 	 226.858 	 0 	 0 	 0 	 157.952 	 0.34481 	 0 	 0 	 NaN 	 NaN 	 0 	 0 	 0 	 NaN 	 NaN 	 NaN 	 NaN 	 0 	 0 	 NaN 	 NaN 	 111.341 	 43.7126 	 30.7732 	 0.181688 	 169.374 	 63 	 66 	 183.857 	 69.376 	 1 	 0 	 0 	 NaN 	 NaN 	 NaN 	 NaN 	 63 	 63 	 63 	 0 	  Tumour 
96 	 1444.82 	 764.183 	 1219.83 	 195.072 	 3653 	 86.38 	 54.5229 	 0.775622 	 0.959548 	 253.321 	 511.294 	 141.43 	 0.276612 	 333.554 	 430.396 	 5348 	 0.958767 	 306.225 	 304.524 	 357.052 	 125.827 	 0 	 0 	 0 	 246.651 	 0.6908 	 0 	 0 	 NaN 	 NaN 	 0 	 0 	 0 	 NaN 	 NaN 	 NaN 	 NaN 	 0 	 0 	 NaN 	 NaN 	 46.5205 	 0.0273707 	 17.107 	 0.163619 	 104.554 	 301 	 646 	 154.94 	 40.4591 	 2 	 1435.35 	 0.392925 	 38.5098 	 38.5098 	 38.5098 	 0 	 165 	 136 	 150.5 	 20.5061 	  Tumour 
97 	 1487.53 	 1140.19 	 1356.18 	 227.431 	 8349 	 122.676 	 93.2013 	 0.650234 	 0.885554 	 418.718 	 776.954 	 265.849 	 0.342168 	 488.722 	 696.057 	 12044 	 0.843831 	 627.019 	 747.564 	 813.577 	 582.351 	 0.106272 	 704.393 	 819.169 	 430.364 	 0.528978 	 79 	 203 	 183.19 	 -8.5771 	 2 	 6356.51 	 0.761349 	 22.2056 	 22.2056 	 22.2056 	 0 	 49 	 30 	 39.5 	 13.435 	 118.82 	 4.96611 	 29.8629 	 0.168856 	 176.854 	 529 	 2477 	 244.777 	 130.296 	 5 	 4711.41 	 0.564308 	 80.8745 	 12.9385 	 39.5954 	 23.2009 	 208 	 25 	 105.8 	 71.7649 	  Tumour 
98 	 1486.57 	 1913.8 	 1797.63 	 56.7979 	 3285 	 75.5423 	 57.4504 	 0.649331 	 0.907459 	 250.836 	 665.062 	 215.541 	 0.324092 	 391.482 	 584.164 	 4682 	 0.928048 	 300.953 	 292.259 	 284.882 	 53.6562 	 0.272401 	 391.421 	 267.093 	 92.2959 	 0.32398 	 0 	 0 	 NaN 	 NaN 	 0 	 0 	 0 	 NaN 	 NaN 	 NaN 	 NaN 	 0 	 0 	 NaN 	 NaN 	 54.5149 	 17.1532 	 20.0962 	 0.178556 	 112.548 	 0 	 0 	 NaN 	 NaN 	 0 	 0 	 0 	 NaN 	 NaN 	 NaN 	 NaN 	 0 	 0 	 NaN 	 NaN 	  Tumour 
99 	 1497.16 	 250.283 	 1318.74 	 66.9104 	 2267 	 57.5745 	 51.1012 	 0.460679 	 0.950524 	 189.823 	 558.438 	 147.927 	 0.264895 	 415.272 	 477.54 	 3295 	 0.934222 	 245.439 	 603.607 	 726.407 	 495.182 	 0.20362 	 387.378 	 766.202 	 347.892 	 0.478922 	 41 	 41 	 172.195 	 -19.5719 	 1 	 0 	 0 	 NaN 	 NaN 	 NaN 	 NaN 	 41 	 41 	 41 	 0 	 106.593 	 -30.7065 	 23.1294 	 0.140496 	 164.627 	 0 	 0 	 NaN 	 NaN 	 0 	 0 	 0 	 NaN 	 NaN 	 NaN 	 NaN 	 0 	 0 	 NaN 	 NaN 	  Tumour 
100 	 1508.38 	 316.051 	 2118.2 	 66.9104 	 5621 	 128.154 	 59.1191 	 0.887237 	 0.877596 	 359.706 	 721.427 	 304.957 	 0.422714 	 529.14 	 640.529 	 8559 	 0.848855 	 468.09 	 564.17 	 674.76 	 443.535 	 0.498789 	 702.636 	 658.656 	 263.245 	 0.390131 	 34 	 35 	 203.853 	 12.086 	 1 	 0 	 0 	 NaN 	 NaN 	 NaN 	 NaN 	 34 	 34 	 34 	 0 	 120.936 	 0.834898 	 34.543 	 0.193011 	 178.969 	 234 	 507 	 191.064 	 76.583 	 3 	 2448.4 	 0.43558 	 37.3923 	 16.1313 	 25.0607 	 9.86664 	 173 	 21 	 78 	 82.8191 	  Fib 
101 	 1506.26 	 1995.92 	 1870.14 	 65.3682 	 2603 	 69.1429 	 49.8443 	 0.693052 	 0.941751 	 212.409 	 471.513 	 113.135 	 0.239939 	 323.376 	 390.615 	 3903 	 0.956852 	 258.225 	 299.305 	 352.65 	 121.424 	 0.195833 	 264.362 	 364.402 	 134.962 	 0.382709 	 0 	 0 	 NaN 	 NaN 	 0 	 0 	 0 	 NaN 	 NaN 	 NaN 	 NaN 	 0 	 0 	 NaN 	 NaN 	 31.4092 	 -7.97664 	 9.0654 	 0.101354 	 89.4426 	 581 	 1336 	 154.835 	 40.3537 	 3 	 295.909 	 0.11368 	 50.4734 	 17.2069 	 29.1572 	 10.7865 	 307 	 51 	 145.25 	 121.662 	  Tumour 
102 	 1613.29 	 1329.92 	 1654.54 	 171.237 	 16518 	 367.443 	 72.8686 	 0.980139 	 0.737345 	 831.377 	 747.873 	 287.897 	 0.384954 	 562.716 	 666.976 	 21886 	 0.684151 	 1047.53 	 435.153 	 483.446 	 252.221 	 0.301653 	 703.75 	 439.395 	 272.539 	 0.563742 	 194 	 2414 	 201.16 	 9.39282 	 4 	 3263.93 	 0.197598 	 171.38 	 26.1698 	 95.9507 	 51.2548 	 57 	 42 	 48.5 	 6.55744 	 70.5288 	 28.5856 	 26.7783 	 0.20829 	 128.562 	 1511 	 8971 	 200.201 	 85.7194 	 16 	 3793.5 	 0.229659 	 265.133 	 11.7047 	 94.878 	 68.6029 	 469 	 27 	 94.4375 	 114.224 	  Fib 
103 	 1537.58 	 1939.37 	 1501.07 	 56.7979 	 2803 	 85.9959 	 43.4901 	 0.862695 	 0.884785 	 243.765 	 644.482 	 223.394 	 0.346626 	 439.354 	 563.584 	 3940 	 0.887987 	 301.924 	 359.513 	 405.716 	 174.491 	 0.64 	 362.903 	 428.951 	 203.414 	 0.501369 	 0 	 0 	 NaN 	 NaN 	 0 	 0 	 0 	 NaN 	 NaN 	 NaN 	 NaN 	 0 	 0 	 NaN 	 NaN 	 48.6905 	 3.79018 	 14.468 	 0.135565 	 106.724 	 140 	 160 	 147.064 	 32.5832 	 1 	 0 	 0 	 NaN 	 NaN 	 NaN 	 NaN 	 140 	 140 	 140 	 0 	  Fib 
104 	 1572.33 	 722.315 	 1342.44 	 64.0312 	 6385 	 133.304 	 63.4655 	 0.879394 	 0.928592 	 351.706 	 568.568 	 174.558 	 0.307013 	 401.688 	 487.67 	 8206 	 0.913097 	 421.924 	 440.989 	 439.671 	 208.445 	 0.177215 	 247.957 	 459.913 	 244.999 	 0.557232 	 90 	 526 	 168.3 	 -23.467 	 2 	 507.993 	 0.0795603 	 60.0083 	 60.0083 	 60.0083 	 0 	 45 	 45 	 45 	 0 	 72.2166 	 14.5161 	 25.8998 	 0.198847 	 130.25 	 169 	 631 	 150.16 	 35.6787 	 2 	 816.495 	 0.127877 	 58.1014 	 58.1014 	 58.1014 	 0 	 96 	 73 	 84.5 	 16.2635 	  Tumour 
105 	 1575.06 	 371.267 	 1366.01 	 86.6833 	 7135 	 107.848 	 90.0735 	 0.549961 	 0.863488 	 404.676 	 992.95 	 391.909 	 0.394692 	 749.025 	 912.052 	 7934 	 0.934842 	 359.179 	 654.902 	 703.382 	 472.157 	 0.567398 	 754.265 	 680.967 	 317.109 	 0.450835 	 92 	 473 	 201.478 	 9.71129 	 2 	 1025.86 	 0.143779 	 51.0877 	 51.0877 	 51.0877 	 0 	 47 	 45 	 46 	 1.41421 	 144.383 	 4.93306 	 37.28 	 0.184175 	 202.416 	 361 	 2707 	 178.429 	 63.9483 	 3 	 2334.56 	 0.327199 	 83.2493 	 36.5766 	 62.18 	 21.1661 	 254 	 44 	 120.333 	 116.148 	  Tumour 
106 	 1597.48 	 289.896 	 1404.77 	 92.72 	 8596 	 122.928 	 92.458 	 0.659014 	 0.922516 	 410.759 	 1496.61 	 706.305 	 0.471935 	 1265.66 	 1415.72 	 10417 	 0.95115 	 430.25 	 603.47 	 662.113 	 430.888 	 0.435567 	 899.947 	 600.007 	 317.195 	 0.479065 	 0 	 0 	 NaN 	 NaN 	 0 	 0 	 0 	 NaN 	 NaN 	 NaN 	 NaN 	 0 	 0 	 NaN 	 NaN 	 170.244 	 82.229 	 48.4745 	 0.212349 	 228.278 	 644 	 4934 	 193.731 	 79.2503 	 5 	 4086.05 	 0.475344 	 105.356 	 14.0575 	 60.7621 	 27.1142 	 246 	 10 	 107.333 	 86.6756 	  Tumour 
107 	 1595.51 	 1872.46 	 1846.7 	 88.6172 	 6872 	 117.913 	 75.8911 	 0.765343 	 0.963274 	 340.735 	 641.791 	 214.489 	 0.334204 	 435.157 	 560.893 	 8955 	 0.966019 	 393.054 	 349.789 	 449.615 	 218.389 	 0.136364 	 411.49 	 447.836 	 261.131 	 0.580788 	 63 	 67 	 169.032 	 -22.7352 	 1 	 0 	 0 	 NaN 	 NaN 	 NaN 	 NaN 	 63 	 63 	 63 	 0 	 47.9763 	 6.04349 	 11.0441 	 0.10418 	 106.01 	 395 	 1044 	 130.238 	 15.7569 	 6 	 2559.36 	 0.372434 	 39.3954 	 11.0454 	 24.0578 	 9.83951 	 170 	 45 	 65.8333 	 51.031 	  Tumour 
108 	 1588.5 	 1735.5 	 1552.76 	 137.179 	 2838 	 75.4107 	 55.3517 	 0.679146 	 0.840889 	 242.693 	 465.875 	 124.157 	 0.266502 	 312.33 	 384.977 	 4437 	 0.910341 	 291.397 	 328.531 	 411.818 	 180.592 	 0 	 0 	 0 	 141.087 	 0.342596 	 0 	 0 	 NaN 	 NaN 	 0 	 0 	 0 	 NaN 	 NaN 	 NaN 	 NaN 	 0 	 0 	 NaN 	 NaN 	 39.473 	 -8.11485 	 15.4545 	 0.158497 	 97.5063 	 0 	 0 	 NaN 	 NaN 	 0 	 0 	 0 	 NaN 	 NaN 	 NaN 	 NaN 	 0 	 0 	 NaN 	 NaN 	  Fib 
109 	 1621.57 	 1501.44 	 1641.63 	 171.237 	 2564 	 76.8645 	 42.9458 	 0.829356 	 0.962824 	 211.622 	 515.155 	 143.49 	 0.278537 	 308.004 	 434.257 	 3538 	 0.945231 	 254.326 	 655.907 	 591.515 	 360.289 	 0.133891 	 893.188 	 564.578 	 209.968 	 0.354966 	 41 	 42 	 215.951 	 24.1842 	 1 	 0 	 0 	 NaN 	 NaN 	 NaN 	 NaN 	 41 	 41 	 41 	 0 	 116.597 	 9.68379 	 27.5187 	 0.157582 	 174.631 	 675 	 1174 	 256.373 	 141.892 	 3 	 638.402 	 0.248987 	 32.5661 	 19.0066 	 23.6198 	 6.93091 	 305 	 174 	 225 	 70.1498 	  Tumour 
110 	 1622.48 	 681.717 	 1962.31 	 64.0312 	 2117 	 71.5738 	 38.3334 	 0.844485 	 0.934245 	 199.581 	 421.892 	 89.2107 	 0.211454 	 209.587 	 340.995 	 3137 	 0.936138 	 241.255 	 549.274 	 463.627 	 232.402 	 0.442982 	 328.475 	 498.875 	 242.499 	 0.523048 	 0 	 0 	 NaN 	 NaN 	 0 	 0 	 0 	 NaN 	 NaN 	 NaN 	 NaN 	 0 	 0 	 NaN 	 NaN 	 94.14 	 23.4068 	 28.5459 	 0.187588 	 152.173 	 71 	 74 	 167.704 	 53.2231 	 1 	 0 	 0 	 NaN 	 NaN 	 NaN 	 NaN 	 71 	 71 	 71 	 0 	  Fib 
111 	 1677.96 	 348.254 	 1471.5 	 172.986 	 8586 	 121.602 	 91.9456 	 0.654432 	 0.960618 	 378.919 	 1060.44 	 398.679 	 0.375958 	 861.747 	 979.538 	 9562 	 0.87165 	 456.693 	 817.078 	 1156.76 	 925.531 	 0.494033 	 1343.31 	 1090.39 	 568.416 	 0.491388 	 65 	 68 	 250.8 	 59.033 	 1 	 0 	 0 	 NaN 	 NaN 	 NaN 	 NaN 	 65 	 65 	 65 	 0 	 208.092 	 -23.007 	 79.1309 	 0.297345 	 266.125 	 207 	 1043 	 181.261 	 66.7798 	 2 	 2217.14 	 0.258227 	 64.6067 	 64.6067 	 64.6067 	 0 	 104 	 103 	 103.5 	 0.707107 	  Tumour 
112 	 1699.36 	 1331.52 	 1735.92 	 175.756 	 3679 	 109.865 	 45.547 	 0.910017 	 0.910644 	 285.22 	 595.2 	 151.199 	 0.25403 	 428.719 	 514.303 	 4728 	 0.853122 	 372.167 	 532.248 	 559.485 	 328.26 	 0.479651 	 701.77 	 511.337 	 218.71 	 0.390913 	 0 	 0 	 NaN 	 NaN 	 0 	 0 	 0 	 NaN 	 NaN 	 NaN 	 NaN 	 0 	 0 	 NaN 	 NaN 	 70.2167 	 17.0474 	 17.7521 	 0.138418 	 128.25 	 0 	 0 	 NaN 	 NaN 	 0 	 0 	 0 	 NaN 	 NaN 	 NaN 	 NaN 	 0 	 0 	 NaN 	 NaN 	  Lymph 
113 	 1698.72 	 709.904 	 1468.4 	 81.9329 	 3034 	 86.3029 	 47.4474 	 0.835311 	 0.932678 	 245.421 	 526.444 	 163.861 	 0.31126 	 361.246 	 445.547 	 4734 	 0.944533 	 300.569 	 291.93 	 288.475 	 57.2498 	 0.112676 	 580.219 	 276.478 	 181.608 	 0.629544 	 45 	 45 	 130.6 	 -61.167 	 1 	 0 	 0 	 NaN 	 NaN 	 NaN 	 NaN 	 45 	 45 	 45 	 0 	 37.169 	 11.6207 	 15.6746 	 0.164645 	 95.2024 	 65 	 69 	 130.292 	 15.8112 	 1 	 0 	 0 	 NaN 	 NaN 	 NaN 	 NaN 	 65 	 65 	 65 	 0 	  Tumour 
114 	 1714.3 	 1568.05 	 1755.2 	 141.496 	 7621 	 146.048 	 68.8097 	 0.882057 	 0.950842 	 383.345 	 767.3 	 309.558 	 0.403438 	 581.447 	 686.403 	 9535 	 0.94238 	 457.622 	 629.023 	 676.964 	 445.739 	 0.0781991 	 928.455 	 665.498 	 296.055 	 0.437327 	 49 	 51 	 204.429 	 12.6616 	 1 	 0 	 0 	 NaN 	 NaN 	 NaN 	 NaN 	 49 	 49 	 49 	 0 	 112.857 	 20.9565 	 29.6325 	 0.173401 	 170.89 	 629 	 2777 	 239.539 	 125.058 	 7 	 1720.34 	 0.225737 	 76.3859 	 14.1465 	 42.6689 	 20.1393 	 154 	 21 	 89.8571 	 42.0057 	  Tumour 
115 	 1729.67 	 1158.73 	 1589.06 	 175.756 	 5289 	 125.244 	 54.7705 	 0.899311 	 0.945815 	 322.475 	 715.394 	 220.904 	 0.308786 	 507.03 	 634.497 	 7765 	 0.864507 	 461.966 	 847.355 	 803.367 	 572.141 	 0.278037 	 855.21 	 799.282 	 363.604 	 0.4526 	 0 	 0 	 NaN 	 NaN 	 0 	 0 	 0 	 NaN 	 NaN 	 NaN 	 NaN 	 0 	 0 	 NaN 	 NaN 	 131.705 	 32.9724 	 53.8828 	 0.283985 	 189.739 	 516 	 1289 	 215.942 	 101.461 	 5 	 1109.27 	 0.209731 	 81.9505 	 8.06494 	 40.1688 	 25.497 	 327 	 9 	 103.2 	 128.364 	  Tumour 
116 	 1740.84 	 1726.21 	 1866.56 	 152.266 	 4719 	 115.141 	 52.7202 	 0.889017 	 0.949306 	 299.765 	 432.019 	 92.2359 	 0.213499 	 272.701 	 351.122 	 6526 	 0.936567 	 393.823 	 500.894 	 561.709 	 330.483 	 0 	 0 	 0 	 144.496 	 0.257244 	 0 	 0 	 NaN 	 NaN 	 0 	 0 	 0 	 NaN 	 NaN 	 NaN 	 NaN 	 0 	 0 	 NaN 	 NaN 	 110.906 	 0.563514 	 24.0527 	 0.142375 	 168.939 	 0 	 0 	 NaN 	 NaN 	 0 	 0 	 0 	 NaN 	 NaN 	 NaN 	 NaN 	 0 	 0 	 NaN 	 NaN 	  Tumour 
117 	 1762.1 	 387.623 	 1547.41 	 213.546 	 6864 	 100.76 	 88.1727 	 0.483983 	 0.955457 	 333.22 	 920.744 	 435.743 	 0.473251 	 730.657 	 839.846 	 10448 	 0.88288 	 506.794 	 860.396 	 1024.37 	 793.145 	 0.190678 	 1656.64 	 958.582 	 447.087 	 0.43645 	 82 	 295 	 234.012 	 42.2452 	 2 	 177.815 	 0.0259054 	 36.0689 	 36.0689 	 36.0689 	 0 	 43 	 39 	 41 	 2.82843 	 226.614 	 -27.121 	 106.489 	 0.374108 	 284.648 	 1362 	 2132 	 247.017 	 132.536 	 2 	 840.786 	 0.122492 	 33.6684 	 33.6684 	 33.6684 	 0 	 1292 	 70 	 681 	 864.084 	  Tumour 
118 	 1806.86 	 1149.3 	 1658.62 	 212.492 	 4962 	 101.173 	 67.6846 	 0.743263 	 0.928344 	 313.706 	 772.024 	 290.286 	 0.376007 	 567.113 	 691.126 	 6188 	 0.864004 	 392.853 	 731.745 	 782.027 	 550.802 	 0.326087 	 801.25 	 776.26 	 269.997 	 0.345253 	 0 	 0 	 NaN 	 NaN 	 0 	 0 	 0 	 NaN 	 NaN 	 NaN 	 NaN 	 0 	 0 	 NaN 	 NaN 	 85.3742 	 6.63801 	 22.5619 	 0.157327 	 143.407 	 290 	 1335 	 186.048 	 71.5672 	 6 	 916.883 	 0.184781 	 59.04 	 10.5574 	 28.2876 	 13.4837 	 90 	 21 	 48.3333 	 27.9547 	  Tumour 
119 	 1792.53 	 1419.85 	 1803.31 	 167.765 	 2786 	 77.7792 	 49.6327 	 0.769934 	 0.833134 	 250.593 	 561.128 	 165.118 	 0.294261 	 364.012 	 480.231 	 3526 	 0.843137 	 295.664 	 623.221 	 529.308 	 298.083 	 0.636364 	 499.565 	 542.029 	 231.841 	 0.438008 	 77 	 144 	 204 	 12.233 	 2 	 699.199 	 0.250969 	 14.6945 	 14.6945 	 14.6945 	 0 	 43 	 34 	 38.5 	 6.36396 	 63.5826 	 11.962 	 18.4486 	 0.151695 	 121.616 	 0 	 0 	 NaN 	 NaN 	 0 	 0 	 0 	 NaN 	 NaN 	 NaN 	 NaN 	 0 	 0 	 NaN 	 NaN 	  Lymph 
120 	 1837.06 	 2034.1 	 2134.31 	 137 	 8193 	 119.294 	 87.8843 	 0.676213 	 0.973966 	 376.274 	 600.904 	 168.461 	 0.280346 	 418.227 	 520.007 	 10377 	 0.971629 	 421.882 	 392.383 	 545.147 	 313.921 	 0 	 0 	 0 	 200.967 	 0.368648 	 90 	 239 	 140.589 	 -51.1781 	 2 	 392.539 	 0.0479115 	 26.1725 	 26.1725 	 26.1725 	 0 	 45 	 45 	 45 	 0 	 91.3967 	 -19.0344 	 24.369 	 0.16308 	 149.43 	 463 	 1486 	 184.752 	 70.2705 	 3 	 255.779 	 0.0312192 	 57.286 	 19.9247 	 38.2819 	 16.716 	 258 	 93 	 154.333 	 90.2792 	  Tumour 
121 	 1830.39 	 1384.12 	 1847.91 	 145.399 	 1995 	 58.8031 	 44.6823 	 0.650084 	 0.930504 	 184.167 	 677.93 	 263.002 	 0.387948 	 481.581 	 597.032 	 3152 	 0.960683 	 230.368 	 361.088 	 363.216 	 131.991 	 0.221154 	 404.152 	 360.3 	 60.429 	 0.166372 	 0 	 0 	 NaN 	 NaN 	 0 	 0 	 0 	 NaN 	 NaN 	 NaN 	 NaN 	 0 	 0 	 NaN 	 NaN 	 43.3476 	 10.8525 	 9.59026 	 0.0945963 	 101.381 	 0 	 0 	 NaN 	 NaN 	 0 	 0 	 0 	 NaN 	 NaN 	 NaN 	 NaN 	 0 	 0 	 NaN 	 NaN 	  Lymph 
122 	 1824.13 	 1478.97 	 1820.76 	 141.496 	 3046 	 87.5823 	 45.0913 	 0.857283 	 0.95937 	 228.551 	 745.443 	 308.432 	 0.413757 	 557.284 	 664.545 	 4493 	 0.952714 	 275.338 	 324.841 	 297.036 	 65.8108 	 0.149194 	 345.865 	 293.688 	 66.3918 	 0.223514 	 41 	 41 	 210.024 	 18.2574 	 1 	 0 	 0 	 NaN 	 NaN 	 NaN 	 NaN 	 41 	 41 	 41 	 0 	 50.0471 	 30.1247 	 17.5275 	 0.162171 	 108.08 	 72 	 74 	 158.417 	 43.9356 	 1 	 0 	 0 	 NaN 	 NaN 	 NaN 	 NaN 	 72 	 72 	 72 	 0 	  Lymph 
123 	 1865 	 880.631 	 1651.8 	 147.851 	 8959 	 140.471 	 82.5711 	 0.808995 	 0.962712 	 384.576 	 639.969 	 209.235 	 0.326946 	 345.207 	 559.072 	 10591 	 0.96748 	 424.836 	 387.371 	 601.932 	 370.707 	 0.305483 	 914.718 	 526.623 	 599.587 	 0.996104 	 0 	 0 	 NaN 	 NaN 	 0 	 0 	 0 	 NaN 	 NaN 	 NaN 	 NaN 	 0 	 0 	 NaN 	 NaN 	 71.8346 	 -5.63205 	 38.6616 	 0.297699 	 129.868 	 0 	 0 	 NaN 	 NaN 	 0 	 0 	 0 	 NaN 	 NaN 	 NaN 	 NaN 	 0 	 0 	 NaN 	 NaN 	  Tumour 
124 	 1905.51 	 585.854 	 1673.48 	 160.639 	 10373 	 146.732 	 91.426 	 0.782158 	 0.961353 	 438.659 	 963.697 	 455.723 	 0.472891 	 771.061 	 882.799 	 12826 	 0.955168 	 501.137 	 476.075 	 494.197 	 262.971 	 0 	 0 	 0 	 171.04 	 0.346096 	 88 	 263 	 205.875 	 14.108 	 2 	 2788.02 	 0.268776 	 29.3701 	 29.3701 	 29.3701 	 0 	 45 	 43 	 44 	 1.41421 	 109.15 	 10.8962 	 32.51 	 0.194457 	 167.183 	 485 	 1144 	 216.466 	 101.985 	 3 	 3522.57 	 0.33959 	 32.8435 	 23.0911 	 26.6201 	 4.83507 	 237 	 36 	 161.667 	 109.546 	  Tumour 
125 	 1916.2 	 805.204 	 1692.49 	 56.8595 	 4876 	 129.939 	 55.2826 	 0.904982 	 0.835504 	 347.747 	 520.181 	 139.894 	 0.268934 	 345.788 	 439.283 	 6428 	 0.823891 	 419.38 	 251.937 	 276.782 	 45.5563 	 0.483117 	 344.484 	 253.2 	 118.059 	 0.426541 	 90 	 403 	 106.711 	 -85.0559 	 2 	 977.982 	 0.20057 	 44.9444 	 44.9444 	 44.9444 	 0 	 45 	 45 	 45 	 0 	 29.1512 	 4.19023 	 9.96998 	 0.114355 	 87.1846 	 128 	 475 	 137.164 	 22.683 	 2 	 2342.13 	 0.480339 	 40.8531 	 40.8531 	 40.8531 	 0 	 71 	 57 	 64 	 9.89949 	  Tumour 
126 	 1884.3 	 1249.32 	 1764.63 	 123.483 	 6021 	 93.6392 	 82.8207 	 0.466605 	 0.986079 	 293.966 	 1515.17 	 649.882 	 0.428915 	 933.857 	 1434.28 	 8091 	 0.925744 	 382.007 	 769.064 	 699.015 	 467.789 	 0.108504 	 672.459 	 700.843 	 284.097 	 0.406425 	 186 	 1647 	 377.124 	 185.357 	 4 	 1119.45 	 0.185924 	 67.9395 	 14.3007 	 41.9158 	 17.4958 	 61 	 9 	 46.5 	 25.0533 	 148.323 	 38.0363 	 50.6569 	 0.245483 	 206.356 	 26 	 26 	 176.923 	 62.442 	 1 	 0 	 0 	 NaN 	 NaN 	 NaN 	 NaN 	 26 	 26 	 26 	 0 	  Tumour 
127 	 1922.87 	 1832.32 	 2076.18 	 97.0206 	 6176 	 105.191 	 75.5812 	 0.695511 	 0.968784 	 315.078 	 698.358 	 209.828 	 0.300459 	 537.011 	 617.46 	 7177 	 0.929061 	 377.782 	 430.694 	 690.011 	 458.786 	 0.301408 	 966.243 	 625.756 	 401.24 	 0.581497 	 76 	 470 	 139.25 	 -52.517 	 2 	 926.798 	 0.150064 	 59.3001 	 59.3001 	 59.3001 	 0 	 40 	 36 	 38 	 2.82843 	 64.2649 	 -1.51881 	 36.9065 	 0.301775 	 122.298 	 1139 	 3378 	 201.962 	 87.4811 	 7 	 1940.97 	 0.314276 	 70.4924 	 14.5774 	 38.086 	 15.0404 	 821 	 45 	 162.714 	 290.501 	  Tumour 
128 	 1913.48 	 237.37 	 2467.26 	 213.546 	 1544 	 55.1477 	 38.4259 	 0.717283 	 0.897674 	 174.368 	 676.997 	 312.317 	 0.461327 	 473.179 	 596.1 	 3409 	 0.854814 	 310.468 	 445.445 	 482.189 	 250.963 	 0.243986 	 387.127 	 490.142 	 206.168 	 0.427566 	 33 	 33 	 212.515 	 20.7482 	 1 	 0 	 0 	 NaN 	 NaN 	 NaN 	 NaN 	 33 	 33 	 33 	 0 	 61.8067 	 17.0507 	 16.9676 	 0.141586 	 119.84 	 0 	 0 	 NaN 	 NaN 	 0 	 0 	 0 	 NaN 	 NaN 	 NaN 	 NaN 	 0 	 0 	 NaN 	 NaN 	  Other 
129 	 1925.36 	 1928.63 	 1886.96 	 97.0206 	 1503 	 60.5637 	 32.0585 	 0.848413 	 0.954286 	 157.054 	 548.833 	 172.626 	 0.314533 	 362.788 	 467.935 	 3142 	 0.958511 	 229.941 	 203.921 	 204.382 	 -26.8437 	 0 	 0 	 0 	 125.472 	 0.613909 	 45 	 45 	 130 	 -61.767 	 1 	 0 	 0 	 NaN 	 NaN 	 NaN 	 NaN 	 45 	 45 	 45 	 0 	 21.6393 	 11.3424 	 7.61424 	 0.0955691 	 79.6727 	 48 	 51 	 106.917 	 -7.56444 	 1 	 0 	 0 	 NaN 	 NaN 	 NaN 	 NaN 	 48 	 48 	 48 	 0 	  Other 
130 	 1939.06 	 753.484 	 2189.59 	 56.8595 	 1487 	 80.4201 	 24.1961 	 0.953665 	 0.895244 	 197.137 	 419.005 	 97.3876 	 0.232426 	 221.547 	 338.108 	 2989 	 0.953429 	 261.238 	 212.157 	 217.26 	 -13.9658 	 0.562771 	 243.954 	 208.033 	 66.2667 	 0.305012 	 45 	 45 	 139.6 	 -52.167 	 1 	 0 	 0 	 NaN 	 NaN 	 NaN 	 NaN 	 45 	 45 	 45 	 0 	 25.0043 	 5.97483 	 7.00336 	 0.0843395 	 83.0377 	 93 	 464 	 127.441 	 12.9598 	 2 	 279.454 	 0.187931 	 52.2658 	 52.2658 	 52.2658 	 0 	 47 	 46 	 46.5 	 0.707107 	  Fib 
131 	 1935.73 	 1361.21 	 1956.31 	 123.483 	 3035 	 65.8543 	 59.9474 	 0.413941 	 0.975571 	 213.48 	 1435.22 	 538.206 	 0.374999 	 828.596 	 1354.32 	 6249 	 0.84241 	 397.823 	 663.784 	 639.761 	 408.535 	 0.228261 	 598.012 	 642.206 	 193.871 	 0.303036 	 5 	 5 	 303.4 	 111.633 	 1 	 0 	 0 	 NaN 	 NaN 	 NaN 	 NaN 	 5 	 5 	 5 	 0 	 120.593 	 27.7964 	 24.2096 	 0.135532 	 178.627 	 77 	 81 	 205.052 	 90.5708 	 1 	 0 	 0 	 NaN 	 NaN 	 NaN 	 NaN 	 77 	 77 	 77 	 0 	  Lymph 
132 	 1973.05 	 731.667 	 2229.53 	 92.6175 	 4777 	 154.139 	 41.6836 	 0.96274 	 0.86634 	 371.546 	 465.462 	 102.799 	 0.220855 	 280.428 	 384.564 	 6583 	 0.91089 	 417.037 	 223.759 	 222.325 	 -8.90006 	 0.223097 	 203.435 	 226.864 	 44.762 	 0.201335 	 45 	 45 	 130.8 	 -60.967 	 1 	 0 	 0 	 NaN 	 NaN 	 NaN 	 NaN 	 45 	 45 	 45 	 0 	 28.1879 	 9.27894 	 7.75255 	 0.0899146 	 86.2213 	 570 	 828 	 216.104 	 101.622 	 2 	 276.281 	 0.0578356 	 14.5387 	 14.5387 	 14.5387 	 0 	 530 	 40 	 285 	 346.482 	  Fib 
133 	 1939.26 	 1428.61 	 1943.6 	 121.433 	 2275 	 62.8272 	 46.9516 	 0.664472 	 0.967673 	 187.539 	 891.076 	 429.969 	 0.482528 	 437.17 	 810.178 	 3601 	 0.964381 	 256.083 	 472.544 	 475.868 	 244.642 	 0.190083 	 545.065 	 465.642 	 139.608 	 0.293376 	 0 	 0 	 NaN 	 NaN 	 0 	 0 	 0 	 NaN 	 NaN 	 NaN 	 NaN 	 0 	 0 	 NaN 	 NaN 	 74.3394 	 9.34273 	 11.8796 	 0.0897433 	 132.373 	 45 	 45 	 220.933 	 106.452 	 1 	 0 	 0 	 NaN 	 NaN 	 NaN 	 NaN 	 45 	 45 	 45 	 0 	  Lymph 
134 	 1969.36 	 887.699 	 1755.66 	 138.293 	 7111 	 102.376 	 89.0754 	 0.492907 	 0.970785 	 332.09 	 526.109 	 133.971 	 0.254645 	 360.664 	 445.211 	 11461 	 0.927415 	 479.279 	 530.355 	 780.486 	 549.261 	 0.21267 	 1089.33 	 739.786 	 433.303 	 0.55517 	 78 	 329 	 153.231 	 -38.5362 	 2 	 1746.1 	 0.245549 	 40.3233 	 40.3233 	 40.3233 	 0 	 45 	 33 	 39 	 8.48528 	 91.2426 	 1.94315 	 27.9894 	 0.187501 	 149.276 	 1199 	 2726 	 229.789 	 115.308 	 4 	 554.849 	 0.0780269 	 71.6178 	 23.0488 	 43.7038 	 17.4438 	 831 	 70 	 299.75 	 356.704 	  Tumour 
135 	 1972.28 	 252.664 	 2502.14 	 249.65 	 5275 	 95.2028 	 74.4259 	 0.623577 	 0.907761 	 312.392 	 812.725 	 332.733 	 0.409404 	 631.04 	 731.827 	 7452 	 0.951724 	 376.853 	 405.693 	 369.983 	 138.757 	 0.201705 	 387.099 	 363.872 	 250.209 	 0.676272 	 41 	 43 	 186.976 	 -4.79137 	 1 	 0 	 0 	 NaN 	 NaN 	 NaN 	 NaN 	 41 	 41 	 41 	 0 	 71.6798 	 43.4619 	 28.4403 	 0.219255 	 129.713 	 70 	 474 	 132.3 	 17.8189 	 2 	 279.195 	 0.0529279 	 63.2252 	 63.2252 	 63.2252 	 0 	 45 	 25 	 35 	 14.1421 	  Lymph 
136 	 1988.13 	 1778.37 	 2099.32 	 158.202 	 8077 	 128.838 	 80.9501 	 0.777964 	 0.958353 	 368.434 	 614.278 	 133.5 	 0.217329 	 435.518 	 533.381 	 11626 	 0.916588 	 501.137 	 456.134 	 814.182 	 582.956 	 0.228632 	 924.944 	 791.209 	 415.414 	 0.510223 	 128 	 370 	 150.859 	 -40.9076 	 3 	 2924.22 	 0.362042 	 38.7242 	 12.4575 	 25.8529 	 11.7538 	 45 	 39 	 42.6667 	 3.21455 	 93.6434 	 -43.1753 	 34.0492 	 0.224485 	 151.677 	 1085 	 2750 	 237.183 	 122.702 	 5 	 3235.74 	 0.400612 	 75.4508 	 9.368 	 37.4522 	 20.6378 	 703 	 33 	 217 	 274.608 	  Tumour 
137 	 1999.7 	 1533.91 	 1986.64 	 78.8543 	 4171 	 118.184 	 45.9079 	 0.921472 	 0.926477 	 314.877 	 715.858 	 307.131 	 0.429039 	 440.986 	 634.96 	 6411 	 0.858578 	 398.995 	 564.319 	 597.257 	 366.031 	 0.118919 	 1200.16 	 559.514 	 298.263 	 0.499388 	 0 	 0 	 NaN 	 NaN 	 0 	 0 	 0 	 NaN 	 NaN 	 NaN 	 NaN 	 0 	 0 	 NaN 	 NaN 	 108.053 	 31.4133 	 35.9373 	 0.216377 	 166.087 	 649 	 1890 	 238.476 	 123.995 	 7 	 1230.69 	 0.295058 	 91.3397 	 16.2446 	 40.2131 	 21.5951 	 164 	 39 	 92.7143 	 53.9404 	  Tumour 
138 	 2016.88 	 1610.65 	 1990.57 	 49.0306 	 1738 	 62.8061 	 36.4794 	 0.814027 	 0.922016 	 180.61 	 572.112 	 204.694 	 0.357786 	 373.527 	 491.214 	 3881 	 0.833906 	 354.652 	 658.053 	 785.701 	 554.475 	 0.546296 	 823.316 	 762.587 	 346.187 	 0.44061 	 45 	 45 	 191.089 	 -0.678086 	 1 	 0 	 0 	 NaN 	 NaN 	 NaN 	 NaN 	 45 	 45 	 45 	 0 	 103.154 	 -17.3051 	 31.4833 	 0.195322 	 161.187 	 335 	 494 	 251.845 	 137.364 	 3 	 343.839 	 0.197836 	 17.5265 	 9.96243 	 14.5613 	 3.6117 	 204 	 45 	 111.667 	 82.549 	  Fib 
139 	 2027.31 	 1658.94 	 2070.15 	 49.0306 	 2568 	 65.2135 	 52.3037 	 0.597273 	 0.957852 	 206.066 	 516.01 	 213.122 	 0.413019 	 306.955 	 435.112 	 4200 	 0.848828 	 340.167 	 525.593 	 603.109 	 371.883 	 0.423077 	 710.023 	 567.427 	 258.221 	 0.42815 	 45 	 45 	 153.622 	 -38.1448 	 1 	 0 	 0 	 NaN 	 NaN 	 NaN 	 NaN 	 45 	 45 	 45 	 0 	 81.2276 	 16.9276 	 26.5144 	 0.190394 	 139.261 	 546 	 704 	 225.37 	 110.889 	 1 	 0 	 0 	 NaN 	 NaN 	 NaN 	 NaN 	 546 	 546 	 546 	 0 	  Tumour 
140 	 2122.78 	 1504.05 	 2110.41 	 126.606 	 1785 	 70.0653 	 32.8358 	 0.883386 	 0.949468 	 190.995 	 812.203 	 415.89 	 0.512051 	 447.411 	 731.306 	 3106 	 0.956281 	 241.255 	 363.339 	 319.386 	 88.1605 	 0 	 0 	 0 	 37.6892 	 0.118005 	 0 	 0 	 NaN 	 NaN 	 0 	 0 	 0 	 NaN 	 NaN 	 NaN 	 NaN 	 0 	 0 	 NaN 	 NaN 	 47.7812 	 26.5573 	 21.5845 	 0.203984 	 105.815 	 49 	 51 	 185.224 	 70.7434 	 1 	 0 	 0 	 NaN 	 NaN 	 NaN 	 NaN 	 49 	 49 	 49 	 0 	  Fib 
141 	 2118.13 	 975.441 	 2252 	 141.439 	 1417 	 52.418 	 34.9376 	 0.745488 	 0.942154 	 154.024 	 526.248 	 161.774 	 0.307409 	 261.751 	 445.351 	 2415 	 0.929561 	 217.74 	 533.453 	 608.896 	 377.671 	 0.237624 	 863.438 	 577.654 	 295.996 	 0.486118 	 0 	 0 	 NaN 	 NaN 	 0 	 0 	 0 	 NaN 	 NaN 	 NaN 	 NaN 	 0 	 0 	 NaN 	 NaN 	 134.138 	 4.04178 	 57.1338 	 0.297306 	 192.171 	 0 	 0 	 NaN 	 NaN 	 0 	 0 	 0 	 NaN 	 NaN 	 NaN 	 NaN 	 0 	 0 	 NaN 	 NaN 	  Other 
142 	 2176.12 	 846.072 	 1955.42 	 139.442 	 4728 	 125.887 	 49.6671 	 0.91888 	 0.933465 	 315.765 	 1022.49 	 393.721 	 0.385063 	 632.098 	 941.589 	 6607 	 0.938494 	 380.368 	 397.615 	 381.349 	 150.124 	 0 	 0 	 0 	 115.21 	 0.302112 	 68 	 186 	 207.397 	 15.6301 	 2 	 311.314 	 0.0658448 	 22.1734 	 22.1734 	 22.1734 	 0 	 36 	 32 	 34 	 2.82843 	 96.576 	 24.5009 	 24.2532 	 0.156867 	 154.609 	 973 	 1393 	 237.18 	 122.699 	 2 	 834.671 	 0.176538 	 38.1991 	 38.1991 	 38.1991 	 0 	 928 	 45 	 486.5 	 624.375 	  Tumour 
143 	 2145.59 	 1770.5 	 2107.26 	 158.202 	 2325 	 96.9206 	 31.4932 	 0.945735 	 0.939015 	 240.635 	 512.245 	 188.881 	 0.368732 	 322.832 	 431.347 	 4022 	 0.803436 	 369.823 	 551.661 	 552.362 	 321.136 	 0 	 0 	 0 	 226.583 	 0.410207 	 0 	 0 	 NaN 	 NaN 	 0 	 0 	 0 	 NaN 	 NaN 	 NaN 	 NaN 	 0 	 0 	 NaN 	 NaN 	 106.188 	 23.8091 	 20.1395 	 0.122636 	 164.222 	 0 	 0 	 NaN 	 NaN 	 0 	 0 	 0 	 NaN 	 NaN 	 NaN 	 NaN 	 0 	 0 	 NaN 	 NaN 	  Fib 
144 	 2156.08 	 984.487 	 2283.71 	 139.442 	 1400 	 59.839 	 31.4072 	 0.851187 	 0.951734 	 158.953 	 528.562 	 191.862 	 0.362988 	 348.544 	 447.665 	 3088 	 0.89197 	 269.539 	 583.272 	 622.133 	 390.908 	 0.201613 	 864.22 	 591.901 	 297.087 	 0.47753 	 0 	 0 	 NaN 	 NaN 	 0 	 0 	 0 	 NaN 	 NaN 	 NaN 	 NaN 	 0 	 0 	 NaN 	 NaN 	 134.167 	 6.35185 	 66.1405 	 0.344123 	 192.2 	 101 	 205 	 147 	 32.5189 	 2 	 918.052 	 0.655751 	 19.5252 	 19.5252 	 19.5252 	 0 	 80 	 21 	 50.5 	 41.7193 	  Other 
145 	 2227.35 	 73.5932 	 2812.89 	 561.089 	 4771 	 89.0739 	 70.0755 	 0.61732 	 0.965985 	 281.522 	 992.944 	 466.689 	 0.470005 	 771.623 	 912.047 	 5577 	 0.925336 	 317.154 	 295.434 	 292.04 	 60.8144 	 0.292359 	 306.761 	 288.615 	 69.7795 	 0.238938 	 66 	 68 	 215.636 	 23.8694 	 1 	 0 	 0 	 NaN 	 NaN 	 NaN 	 NaN 	 66 	 66 	 66 	 0 	 44.1027 	 24.6218 	 14.2372 	 0.139394 	 102.136 	 82 	 88 	 163.5 	 49.0189 	 1 	 0 	 0 	 NaN 	 NaN 	 NaN 	 NaN 	 82 	 82 	 82 	 0 	  Lymph 
146 	 2235.57 	 1194.99 	 2289.61 	 240.52 	 3898 	 94.162 	 59.9062 	 0.771521 	 0.875365 	 288.434 	 523.729 	 142.419 	 0.271932 	 368.326 	 442.831 	 6678 	 0.765124 	 496.451 	 705.425 	 774.278 	 543.053 	 0 	 0 	 0 	 483.726 	 0.624745 	 0 	 0 	 NaN 	 NaN 	 0 	 0 	 0 	 NaN 	 NaN 	 NaN 	 NaN 	 0 	 0 	 NaN 	 NaN 	 74.6537 	 -0.47042 	 23.2064 	 0.174896 	 132.687 	 331 	 452 	 239.508 	 125.026 	 1 	 0 	 0 	 NaN 	 NaN 	 NaN 	 NaN 	 331 	 331 	 331 	 0 	  Fib 
147 	 2257.34 	 137.412 	 2797.41 	 555.001 	 5551 	 129.716 	 56.1114 	 0.9016 	 0.931063 	 335.605 	 706.402 	 287.499 	 0.40699 	 487.207 	 625.504 	 8555 	 0.884329 	 439.681 	 345.342 	 283.756 	 52.5305 	 0.214976 	 306.517 	 281.843 	 61.101 	 0.215329 	 52 	 55 	 256.673 	 64.9061 	 1 	 0 	 0 	 NaN 	 NaN 	 NaN 	 NaN 	 52 	 52 	 52 	 0 	 47.5341 	 20.9144 	 21.116 	 0.200024 	 105.567 	 76 	 79 	 166.224 	 51.7426 	 1 	 0 	 0 	 NaN 	 NaN 	 NaN 	 NaN 	 76 	 76 	 76 	 0 	  Lymph 
148 	 2257.47 	 1386.26 	 2263.61 	 296.569 	 3341 	 104.223 	 44.2639 	 0.905332 	 0.881065 	 269.321 	 608.084 	 260.309 	 0.42808 	 424.765 	 527.186 	 5386 	 0.915364 	 327.882 	 317.248 	 291.12 	 59.8946 	 0 	 0 	 0 	 53.7374 	 0.184588 	 93 	 265 	 183.398 	 -8.36913 	 2 	 1779.48 	 0.53262 	 26.1839 	 26.1839 	 26.1839 	 0 	 62 	 31 	 46.5 	 21.9203 	 32.5578 	 19.4851 	 14.3651 	 0.158571 	 90.5911 	 0 	 0 	 NaN 	 NaN 	 0 	 0 	 0 	 NaN 	 NaN 	 NaN 	 NaN 	 0 	 0 	 NaN 	 NaN 	  Fib 
149 	 2303.43 	 963.788 	 2097.41 	 148.354 	 12099 	 166.711 	 94.0225 	 0.825785 	 0.959248 	 471.671 	 781.692 	 314.364 	 0.402158 	 584.122 	 700.794 	 16915 	 0.889608 	 650.191 	 510.165 	 531.212 	 299.987 	 0 	 0 	 0 	 140.808 	 0.265069 	 140 	 4651 	 181.643 	 -10.1241 	 4 	 1394.29 	 0.11524 	 102.221 	 28.0185 	 76.4188 	 26.4346 	 45 	 29 	 35 	 6.9282 	 106.716 	 15.9265 	 37.0453 	 0.224859 	 164.749 	 1659 	 8702 	 230.143 	 115.662 	 8 	 5039.85 	 0.416551 	 125.331 	 14.5602 	 62.038 	 30.1568 	 985 	 45 	 207.375 	 320.504 	  Tumour 
150 	 2305.18 	 513.866 	 2626.11 	 356.181 	 4178 	 100.669 	 57.8397 	 0.818468 	 0.850051 	 316.635 	 613.247 	 251.525 	 0.410154 	 424.67 	 532.349 	 6229 	 0.913075 	 355.397 	 469.992 	 461.47 	 230.245 	 0 	 0 	 0 	 217.596 	 0.471528 	 0 	 0 	 NaN 	 NaN 	 0 	 0 	 0 	 NaN 	 NaN 	 NaN 	 NaN 	 0 	 0 	 NaN 	 NaN 	 111.083 	 14.0438 	 52.8466 	 0.312486 	 169.117 	 264 	 480 	 213.977 	 99.4962 	 2 	 360.874 	 0.0863748 	 29.6019 	 29.6019 	 29.6019 	 0 	 186 	 78 	 132 	 76.3675 	  Lymph 
151 	 2339.98 	 1487.51 	 2327.24 	 343.098 	 1868 	 75.8647 	 32.3845 	 0.904312 	 0.914789 	 200.066 	 619.142 	 272.023 	 0.439355 	 446.608 	 538.245 	 3198 	 0.977982 	 237.941 	 273.97 	 254.912 	 23.6868 	 0 	 0 	 0 	 25.9471 	 0.101788 	 43 	 44 	 178.605 	 -13.1623 	 1 	 0 	 0 	 NaN 	 NaN 	 NaN 	 NaN 	 43 	 43 	 43 	 0 	 21.8189 	 14.8586 	 10.7188 	 0.134232 	 79.8522 	 73 	 75 	 138.945 	 24.4641 	 1 	 0 	 0 	 NaN 	 NaN 	 NaN 	 NaN 	 73 	 73 	 73 	 0 	  Fib 
152 	 2360.13 	 1950.84 	 2322.51 	 90.824 	 2220 	 82.2271 	 35.4586 	 0.902243 	 0.918114 	 220.409 	 587.968 	 179.673 	 0.305584 	 307.1 	 507.07 	 3529 	 0.93682 	 266.953 	 236.627 	 215.131 	 -16.0949 	 0.146939 	 256.778 	 211.993 	 32.5763 	 0.151425 	 53 	 56 	 161.981 	 -29.7858 	 1 	 0 	 0 	 NaN 	 NaN 	 NaN 	 NaN 	 53 	 53 	 53 	 0 	 28.6441 	 6.85574 	 7.41784 	 0.0855798 	 86.6775 	 0 	 0 	 NaN 	 NaN 	 0 	 0 	 0 	 NaN 	 NaN 	 NaN 	 NaN 	 0 	 0 	 NaN 	 NaN 	  Fib 
153 	 2373.78 	 1838.69 	 2334 	 159.962 	 4837 	 172.025 	 38.4197 	 0.974741 	 0.880415 	 387.362 	 542.32 	 163.359 	 0.301223 	 363.125 	 461.422 	 6736 	 0.931416 	 434.409 	 321.292 	 287.089 	 55.8634 	 0.0888889 	 256.778 	 288.917 	 32.5211 	 0.113279 	 38 	 39 	 183.947 	 -7.81961 	 1 	 0 	 0 	 NaN 	 NaN 	 NaN 	 NaN 	 38 	 38 	 38 	 0 	 49.5389 	 20.1686 	 16.2055 	 0.150647 	 107.572 	 171 	 718 	 156.725 	 42.244 	 2 	 2061.44 	 0.426182 	 54.4712 	 54.4712 	 54.4712 	 0 	 108 	 63 	 85.5 	 31.8198 	  Fib 
154 	 2393.62 	 1598.81 	 2366.61 	 277.366 	 2167 	 72.5938 	 38.7644 	 0.84549 	 0.924883 	 203.095 	 692.087 	 323.773 	 0.467821 	 466.814 	 611.19 	 3120 	 0.957937 	 233.439 	 298.541 	 307.459 	 76.2338 	 0.248804 	 286.058 	 309.631 	 88.6925 	 0.288469 	 0 	 0 	 NaN 	 NaN 	 0 	 0 	 0 	 NaN 	 NaN 	 NaN 	 NaN 	 0 	 0 	 NaN 	 NaN 	 19.5776 	 4.38876 	 13.2544 	 0.17078 	 77.611 	 56 	 57 	 133.054 	 18.5725 	 1 	 0 	 0 	 NaN 	 NaN 	 NaN 	 NaN 	 56 	 56 	 56 	 0 	  Lymph 
155 	 2433.06 	 1567.84 	 2408.75 	 281.485 	 2443 	 61.5931 	 52.9661 	 0.510404 	 0.922932 	 205.966 	 773.906 	 437.963 	 0.565913 	 581.713 	 693.009 	 3723 	 0.929356 	 262.167 	 302.698 	 294.299 	 63.0736 	 0.222222 	 286.058 	 292.411 	 46.4766 	 0.157923 	 0 	 0 	 NaN 	 NaN 	 0 	 0 	 0 	 NaN 	 NaN 	 NaN 	 NaN 	 0 	 0 	 NaN 	 NaN 	 23.0493 	 4.81571 	 17.5484 	 0.216426 	 81.0827 	 0 	 0 	 NaN 	 NaN 	 0 	 0 	 0 	 NaN 	 NaN 	 NaN 	 NaN 	 0 	 0 	 NaN 	 NaN 	  Lymph 
156 	 2439.88 	 1993.86 	 2596.59 	 90.824 	 1482 	 48.1474 	 39.8714 	 0.560563 	 0.956746 	 151.782 	 666.404 	 264.948 	 0.397578 	 487.307 	 585.506 	 2246 	 0.913751 	 214.569 	 373.829 	 396.52 	 165.295 	 0.338384 	 510.239 	 370.724 	 144.961 	 0.365582 	 0 	 0 	 NaN 	 NaN 	 0 	 0 	 0 	 NaN 	 NaN 	 NaN 	 NaN 	 0 	 0 	 NaN 	 NaN 	 38.3088 	 18.4122 	 10.9753 	 0.11392 	 96.3421 	 20 	 20 	 141.65 	 27.1689 	 1 	 0 	 0 	 NaN 	 NaN 	 NaN 	 NaN 	 20 	 20 	 20 	 0 	  Tumour 
157 	 2456.66 	 147.762 	 2952.1 	 703.879 	 2263 	 65.164 	 45.1087 	 0.721674 	 0.970412 	 188.309 	 697.67 	 281.914 	 0.404079 	 545.887 	 616.773 	 3806 	 0.970918 	 252.569 	 202.621 	 173.839 	 -57.3865 	 0 	 0 	 0 	 54.1036 	 0.311228 	 0 	 0 	 NaN 	 NaN 	 0 	 0 	 0 	 NaN 	 NaN 	 NaN 	 NaN 	 0 	 0 	 NaN 	 NaN 	 20.3697 	 17.1848 	 11.6795 	 0.148967 	 78.403 	 50 	 53 	 128.04 	 13.5589 	 1 	 0 	 0 	 NaN 	 NaN 	 NaN 	 NaN 	 50 	 50 	 50 	 0 	  Lymph 
158 	 2492.23 	 1946.78 	 2616.89 	 88.295 	 7500 	 106.68 	 91.5954 	 0.512646 	 0.939026 	 366.333 	 822.221 	 328.175 	 0.399132 	 624.286 	 741.323 	 9555 	 0.931196 	 432.551 	 481.848 	 403.977 	 172.752 	 0.300752 	 416.8 	 411.111 	 174.55 	 0.432079 	 90 	 302 	 203.144 	 11.3775 	 2 	 1210.7 	 0.161427 	 35.1283 	 35.1283 	 35.1283 	 0 	 45 	 45 	 45 	 0 	 62.5851 	 28.3447 	 23.4241 	 0.1942 	 120.618 	 423 	 2416 	 193.778 	 79.2967 	 5 	 1680.96 	 0.224128 	 78.7253 	 9.72644 	 41.0935 	 24.7048 	 220 	 42 	 84.6 	 76.3662 	  Tumour 
159 	 2516.26 	 953.411 	 2306.3 	 361.332 	 6303 	 110.715 	 74.7185 	 0.737932 	 0.920818 	 344.333 	 569.54 	 165.729 	 0.290987 	 389.323 	 488.643 	 9022 	 0.935795 	 425.581 	 504.408 	 666.431 	 435.205 	 0.178841 	 1181 	 607.953 	 404.093 	 0.606354 	 31 	 32 	 161.71 	 -30.0573 	 1 	 0 	 0 	 NaN 	 NaN 	 NaN 	 NaN 	 31 	 31 	 31 	 0 	 97.1728 	 -13.5542 	 37.7854 	 0.243453 	 155.206 	 356 	 781 	 176.11 	 61.6284 	 3 	 1196.18 	 0.189779 	 35.6881 	 17.784 	 24.719 	 8.59509 	 175 	 66 	 118.667 	 54.5924 	  Tumour 
160 	 2529.47 	 1196.66 	 2365.94 	 273.249 	 11458 	 140.068 	 110.883 	 0.610991 	 0.937797 	 449.73 	 757.541 	 295.524 	 0.39011 	 582.489 	 676.644 	 15026 	 0.898899 	 617.019 	 827.886 	 747.624 	 516.399 	 0 	 0 	 0 	 471.693 	 0.630922 	 116 	 406 	 244.431 	 52.6641 	 2 	 3570.99 	 0.311659 	 39.5593 	 39.5593 	 39.5593 	 0 	 59 	 57 	 58 	 1.41421 	 181.342 	 45.4952 	 62.4074 	 0.260709 	 239.375 	 404 	 1066 	 218.728 	 104.247 	 3 	 4392.93 	 0.383394 	 52.1963 	 17.7144 	 36.1741 	 15.5359 	 231 	 80 	 134.667 	 83.6799 	  Tumour 
161 	 2511.8 	 1860.65 	 2472.07 	 72.4707 	 2791 	 93.0766 	 40.9751 	 0.897885 	 0.888854 	 257.137 	 701.928 	 278.132 	 0.39624 	 502.53 	 621.03 	 3979 	 0.876239 	 299.882 	 279.537 	 270.732 	 39.5066 	 0.307143 	 321.919 	 257.932 	 67.4779 	 0.249242 	 0 	 0 	 NaN 	 NaN 	 0 	 0 	 0 	 NaN 	 NaN 	 NaN 	 NaN 	 0 	 0 	 NaN 	 NaN 	 26.3353 	 20.0039 	 13.213 	 0.15661 	 84.3687 	 795 	 1224 	 249.854 	 135.373 	 2 	 1924.12 	 0.689403 	 40.1629 	 40.1629 	 40.1629 	 0 	 728 	 67 	 397.5 	 467.398 	  Fib 
162 	 2567.93 	 1815.19 	 2620.3 	 72.4707 	 2628 	 71.0445 	 48.1513 	 0.735281 	 0.955636 	 206.995 	 653.855 	 269.124 	 0.411596 	 467.979 	 572.957 	 3696 	 0.938309 	 276.953 	 510.92 	 422.706 	 191.48 	 0.196078 	 389.02 	 424.561 	 218.589 	 0.517118 	 93 	 176 	 167.161 	 -24.6057 	 2 	 683.201 	 0.25997 	 17.9322 	 17.9322 	 17.9322 	 0 	 53 	 40 	 46.5 	 9.19239 	 53.1782 	 22.8419 	 19.4074 	 0.174509 	 111.212 	 1405 	 1676 	 266.991 	 152.51 	 1 	 0 	 0 	 NaN 	 NaN 	 NaN 	 NaN 	 1405 	 1405 	 1405 	 0 	  Tumour 
163 	 2631.46 	 948.018 	 2419.52 	 465.869 	 6306 	 110.917 	 74.9079 	 0.737497 	 0.968217 	 336.534 	 542.824 	 146.447 	 0.269787 	 372.465 	 461.926 	 9352 	 0.934826 	 421.539 	 389.055 	 537.342 	 306.117 	 0.1775 	 1098.68 	 479.542 	 350.276 	 0.651868 	 45 	 45 	 161.311 	 -30.4559 	 1 	 0 	 0 	 NaN 	 NaN 	 NaN 	 NaN 	 45 	 45 	 45 	 0 	 71.4925 	 5.48178 	 30.1565 	 0.232822 	 129.526 	 599 	 1057 	 265.419 	 150.938 	 2 	 3415.15 	 0.541571 	 32.0186 	 32.0186 	 32.0186 	 0 	 536 	 63 	 299.5 	 334.462 	  Tumour 
164 	 2648.05 	 1854.81 	 2709.74 	 136.132 	 3585 	 83.1219 	 55.4538 	 0.744934 	 0.969968 	 243.865 	 860.437 	 412.829 	 0.47979 	 588.869 	 779.539 	 6743 	 0.905101 	 402.995 	 597.456 	 604.88 	 373.654 	 0.040107 	 581 	 603.862 	 282.818 	 0.467561 	 60 	 64 	 214.533 	 22.7664 	 1 	 0 	 0 	 NaN 	 NaN 	 NaN 	 NaN 	 60 	 60 	 60 	 0 	 65.1502 	 4.06795 	 30.5187 	 0.24775 	 123.184 	 314 	 555 	 229.016 	 114.535 	 2 	 1056.28 	 0.294638 	 30.4992 	 30.4992 	 30.4992 	 0 	 255 	 59 	 157 	 138.593 	  Tumour 
165 	 2665.22 	 1433.8 	 2656.67 	 273.249 	 963 	 44.9761 	 27.5583 	 0.79029 	 0.969789 	 123.296 	 522.379 	 180.922 	 0.346342 	 367.188 	 441.481 	 1784 	 0.972737 	 168.284 	 411.654 	 472.481 	 241.256 	 0 	 0 	 0 	 299.442 	 0.633764 	 38 	 38 	 193.316 	 1.54881 	 1 	 0 	 0 	 NaN 	 NaN 	 NaN 	 NaN 	 38 	 38 	 38 	 0 	 44.4744 	 -7.18567 	 19.5612 	 0.190827 	 102.508 	 69 	 71 	 131.522 	 17.0406 	 1 	 0 	 0 	 NaN 	 NaN 	 NaN 	 NaN 	 69 	 69 	 69 	 0 	  Other 
166 	 2716.4 	 102.733 	 3191.95 	 849.264 	 3303 	 71.0669 	 59.6901 	 0.542719 	 0.973188 	 224.451 	 658.986 	 253.215 	 0.384249 	 483.178 	 578.088 	 4711 	 0.962607 	 277.74 	 321.766 	 246.893 	 15.6676 	 0 	 0 	 0 	 132.498 	 0.536662 	 94 	 164 	 205.649 	 13.882 	 2 	 667.32 	 0.202034 	 14.5703 	 14.5703 	 14.5703 	 0 	 49 	 45 	 47 	 2.82843 	 47.7081 	 24.3109 	 22.2364 	 0.210291 	 105.741 	 78 	 78 	 162.231 	 47.7497 	 1 	 0 	 0 	 NaN 	 NaN 	 NaN 	 NaN 	 78 	 78 	 78 	 0 	  Lymph 
