rownames 	XLoc 	YLoc 	NNDistSame 	NNDistOpp 	dapi_Area 	dapi_MajorAxisLength 	dapi_MinorAxisLength 	dapi_Eccentricity 	dapi_Solidity 	dapi_Perimeter 	dapi_MeanIntensity 	dapi_PixelSD 	dapi_PixelCV 	dapi_NucAdjustedInt 	dapi_BackAdjustedInt 	memb_Area 	memb_Solidity 	memb_Perimeter 	memb_MeanIntensity 	memb_MembraneIntensity 	memb_temp 	memb_pcTouch 	memb_OverLapIntensity 	memb_nonLapIntensity 	memb_PixelSD 	memb_PixelCV 	cent_Area 	cent_ConvexArea 	cent_MeanIntensity 	cent_BackAdjustedInt 	cent_CN 	cent_AreaSD 	cent_CoeffVar 	cent_MaxSpotDist 	cent_MinSpotDist 	cent_MeanSpotDist 	cent_SDSpotDist 	cent_SpotAreaMax 	cent_SpotAreaMin 	cent_SpotAreaMean 	cent_SpotAreaSD 	nucl_BackgroundAdjust 	nucl_NuclearAdjustedInt 	nucl_PixelSD 	nucl_PixelCV 	nucl_MeanIntensity 	Her2_Area 	Her2_ConvexArea 	Her2_MeanIntensity 	Her2_BackAdjustedInt 	Her2_CN 	Her2_AreaSD 	Her2_CoeffVar 	Her2_MaxSpotDist 	Her2_MinSpotDist 	Her2_MeanSpotDist 	Her2_SDSpotDist 	Her2_SpotAreaMax 	Her2_SpotAreaMin 	Her2_SpotAreaMean 	Her2_SpotAreaSD 	CellLabels 	
1 	 67.9303 	 729.033 	 74.7061 	 406.617 	 5598 	 113.437 	 63.7549 	 0.827117 	 0.93487 	 328.25 	 1447.19 	 302.201 	 0.208819 	 335.338 	 1294.32 	 6844 	 0.885382 	 424.208 	 301.469 	 327.622 	 245.049 	 0.506427 	 342.284 	 319.767 	 67.3244 	 0.205494 	 45 	 45 	 225.4 	 -24.9574 	 1 	 0 	 0 	 NaN 	 NaN 	 NaN 	 NaN 	 45 	 45 	 45 	 0 	 42.6694 	 4.44393 	 11.3333 	 0.134171 	 84.4693 	 90 	 176 	 87.9444 	 24.5862 	 2 	 180.278 	 0.0322039 	 16.4012 	 16.4012 	 16.4012 	 0 	 45 	 45 	 45 	 0 	  Tumour 
2 	 102.493 	 504.985 	 64.5368 	 427.177 	 4557 	 87.8672 	 66.2521 	 0.656871 	 0.97664 	 265.321 	 1645.43 	 323.148 	 0.196392 	 552.421 	 1492.56 	 6557 	 0.828218 	 422.794 	 268.555 	 306.668 	 224.095 	 0.474227 	 325.783 	 295.779 	 53.5949 	 0.174765 	 45 	 45 	 261.933 	 11.5759 	 1 	 0 	 0 	 NaN 	 NaN 	 NaN 	 NaN 	 45 	 45 	 45 	 0 	 43.7898 	 9.42674 	 8.08277 	 0.0944363 	 85.5896 	 90 	 315 	 84.5333 	 21.1751 	 2 	 157.577 	 0.0345791 	 34.0588 	 34.0588 	 34.0588 	 0 	 45 	 45 	 45 	 0 	  Tumour 
3 	 112.131 	 842.1 	 121.264 	 300.416 	 3662 	 85.8962 	 56.2997 	 0.755248 	 0.914585 	 252.794 	 1386.27 	 451.258 	 0.325521 	 268.035 	 1233.4 	 6231 	 0.836151 	 434.51 	 460.026 	 434.179 	 351.606 	 0.460784 	 382.84 	 452.46 	 75.3922 	 0.173643 	 0 	 0 	 NaN 	 NaN 	 0 	 0 	 0 	 NaN 	 NaN 	 NaN 	 NaN 	 0 	 0 	 NaN 	 NaN 	 52.7785 	 14.8383 	 10.2711 	 0.108599 	 94.5784 	 0 	 0 	 NaN 	 NaN 	 0 	 0 	 0 	 NaN 	 NaN 	 NaN 	 NaN 	 0 	 0 	 NaN 	 NaN 	  Tumour 
4 	 105.331 	 587.415 	 146.741 	 495.976 	 3490 	 72.3013 	 64.7898 	 0.443836 	 0.911941 	 244.451 	 1278.37 	 221.031 	 0.172901 	 151.565 	 1125.5 	 4400 	 0.843558 	 338.267 	 292.689 	 296.958 	 214.386 	 0.5623 	 316.438 	 287.229 	 56.2804 	 0.189523 	 0 	 0 	 NaN 	 NaN 	 0 	 0 	 0 	 NaN 	 NaN 	 NaN 	 NaN 	 0 	 0 	 NaN 	 NaN 	 45.8214 	 6.71135 	 8.34893 	 0.0952843 	 87.6212 	 90 	 124 	 84.0444 	 20.6862 	 2 	 193.093 	 0.0553276 	 9.84886 	 9.84886 	 9.84886 	 0 	 45 	 45 	 45 	 0 	  Tumour 
5 	 108.034 	 796.134 	 78.032 	 331.798 	 1867 	 55.5123 	 45.1672 	 0.581365 	 0.913405 	 182.125 	 1120.76 	 288.714 	 0.257606 	 19.4183 	 967.89 	 5929 	 0.878631 	 408.066 	 339.622 	 389.724 	 307.151 	 0.795756 	 393.54 	 390.032 	 51.4644 	 0.132054 	 0 	 0 	 NaN 	 NaN 	 0 	 0 	 0 	 NaN 	 NaN 	 NaN 	 NaN 	 0 	 0 	 NaN 	 NaN 	 51.4396 	 9.37031 	 9.52894 	 0.102199 	 93.2394 	 0 	 0 	 NaN 	 NaN 	 0 	 0 	 0 	 NaN 	 NaN 	 NaN 	 NaN 	 0 	 0 	 NaN 	 NaN 	  Tumour 
6 	 133.719 	 694.122 	 74.7061 	 390.366 	 5989 	 101.466 	 77.3661 	 0.647006 	 0.941223 	 312.191 	 1243.08 	 242.138 	 0.194788 	 359.699 	 1090.22 	 9736 	 0.81201 	 536.593 	 250.93 	 283.341 	 200.768 	 0.633065 	 310.411 	 269.346 	 68.5062 	 0.24178 	 45 	 45 	 216.578 	 -33.7796 	 1 	 0 	 0 	 NaN 	 NaN 	 NaN 	 NaN 	 45 	 45 	 45 	 0 	 29.2908 	 -5.67539 	 8.68261 	 0.122134 	 71.0907 	 45 	 45 	 81.5556 	 18.1973 	 1 	 0 	 0 	 NaN 	 NaN 	 NaN 	 NaN 	 45 	 45 	 45 	 0 	  Tumour 
7 	 140.023 	 367.982 	 368.11 	 287.341 	 4652 	 99.9068 	 62.1682 	 0.782809 	 0.932451 	 293.907 	 1218.24 	 280.774 	 0.230476 	 485.303 	 1065.37 	 6419 	 0.798185 	 442.794 	 257.171 	 271.076 	 188.503 	 0.318627 	 284.308 	 269.486 	 67.1994 	 0.247899 	 90 	 281 	 279.478 	 29.1204 	 2 	 915.976 	 0.196899 	 29.4109 	 29.4109 	 29.4109 	 0 	 45 	 45 	 45 	 0 	 37.66 	 -0.780878 	 9.73106 	 0.122465 	 79.4598 	 45 	 45 	 74.8 	 11.4417 	 1 	 0 	 0 	 NaN 	 NaN 	 NaN 	 NaN 	 45 	 45 	 45 	 0 	  Tumour 
8 	 167.212 	 934.156 	 227.653 	 207.617 	 4836 	 99.8058 	 63.608 	 0.770601 	 0.936665 	 298.777 	 1276.53 	 355.715 	 0.278658 	 562.478 	 1123.66 	 9629 	 0.805437 	 530.007 	 283.33 	 311.327 	 228.754 	 0.210634 	 427.534 	 297.336 	 77.1346 	 0.247761 	 0 	 0 	 NaN 	 NaN 	 0 	 0 	 0 	 NaN 	 NaN 	 NaN 	 NaN 	 0 	 0 	 NaN 	 NaN 	 11.4802 	 -8.32002 	 3.87437 	 0.0727172 	 53.28 	 45 	 45 	 86.4 	 23.0417 	 1 	 0 	 0 	 NaN 	 NaN 	 NaN 	 NaN 	 45 	 45 	 45 	 0 	  Tumour 
9 	 150.871 	 546.645 	 200.032 	 462.001 	 3540 	 74.9307 	 61.3343 	 0.574441 	 0.949826 	 236.693 	 1270.38 	 237.269 	 0.18677 	 780.978 	 1117.51 	 5262 	 0.86107 	 372.551 	 286.438 	 326.248 	 243.675 	 0.80236 	 333.945 	 320.046 	 43.0897 	 0.132077 	 0 	 0 	 NaN 	 NaN 	 0 	 0 	 0 	 NaN 	 NaN 	 NaN 	 NaN 	 0 	 0 	 NaN 	 NaN 	 44.6027 	 -14.6831 	 12.8404 	 0.148611 	 86.4025 	 0 	 0 	 NaN 	 NaN 	 0 	 0 	 0 	 NaN 	 NaN 	 NaN 	 NaN 	 0 	 0 	 NaN 	 NaN 	  Tumour 
10 	 162.811 	 465.532 	 279.632 	 385.105 	 4534 	 82.6627 	 71.0566 	 0.510973 	 0.94262 	 268.007 	 1575.04 	 373.222 	 0.23696 	 686.337 	 1422.17 	 5510 	 0.938991 	 326.267 	 249.695 	 288.824 	 206.251 	 0.803987 	 296.504 	 282.164 	 44.6213 	 0.154493 	 45 	 45 	 289.022 	 38.6648 	 1 	 0 	 0 	 NaN 	 NaN 	 NaN 	 NaN 	 45 	 45 	 45 	 0 	 52.4181 	 14.3873 	 9.39466 	 0.099712 	 94.2179 	 90 	 190 	 108.511 	 45.1528 	 2 	 149.817 	 0.0330429 	 19.2354 	 19.2354 	 19.2354 	 0 	 45 	 45 	 45 	 0 	  Tumour 
11 	 153.792 	 80.6555 	 433.336 	 242.324 	 2682 	 86.589 	 40.2129 	 0.88562 	 0.956832 	 219.966 	 1509.16 	 607.686 	 0.402664 	 1160.92 	 1356.3 	 4212 	 0.930623 	 290.225 	 188.738 	 153.301 	 70.7286 	 0 	 0 	 0 	 51.5024 	 0.335955 	 45 	 45 	 203.844 	 -46.513 	 1 	 0 	 0 	 NaN 	 NaN 	 NaN 	 NaN 	 45 	 45 	 45 	 0 	 13.5697 	 4.25737 	 7.66632 	 0.138457 	 55.3695 	 48 	 88 	 78.7292 	 15.3709 	 2 	 685.196 	 0.25548 	 12.5786 	 12.5786 	 12.5786 	 0 	 45 	 3 	 24 	 29.6985 	  Lymph 
12 	 181.652 	 651.184 	 138.13 	 402.955 	 4587 	 99.716 	 59.0272 	 0.805972 	 0.980547 	 270.149 	 1430.94 	 332.633 	 0.232458 	 918.946 	 1278.07 	 7144 	 0.901792 	 420.551 	 268.468 	 302.848 	 220.275 	 0.470284 	 294.159 	 305.765 	 45.4414 	 0.150047 	 0 	 0 	 NaN 	 NaN 	 0 	 0 	 0 	 NaN 	 NaN 	 NaN 	 NaN 	 0 	 0 	 NaN 	 NaN 	 54.3053 	 8.49391 	 9.86686 	 0.102667 	 96.1051 	 45 	 45 	 94.9556 	 31.5973 	 1 	 0 	 0 	 NaN 	 NaN 	 NaN 	 NaN 	 45 	 45 	 45 	 0 	  Tumour 
13 	 193.83 	 319.926 	 427.968 	 242.324 	 4282 	 78.8158 	 70.8766 	 0.437395 	 0.954312 	 259.421 	 1978.06 	 527.377 	 0.266614 	 1323.46 	 1825.19 	 5847 	 0.884435 	 378.752 	 224.021 	 244.749 	 162.176 	 0.586895 	 275.456 	 232.571 	 61.7673 	 0.25237 	 45 	 45 	 220.711 	 -29.6463 	 1 	 0 	 0 	 NaN 	 NaN 	 NaN 	 NaN 	 45 	 45 	 45 	 0 	 18.8384 	 -0.22281 	 8.11153 	 0.133769 	 60.6383 	 180 	 574 	 76.2722 	 12.914 	 4 	 1350.44 	 0.315376 	 28.0179 	 15.2643 	 19.3561 	 4.47307 	 45 	 45 	 45 	 0 	  Tumour 
14 	 205.238 	 507.721 	 260.019 	 409.956 	 2167 	 74.1603 	 37.4938 	 0.862781 	 0.964826 	 195.238 	 1204.63 	 326.044 	 0.270659 	 738.97 	 1051.76 	 3807 	 0.846941 	 307.439 	 260.631 	 285.219 	 202.646 	 0.618375 	 306.88 	 275.135 	 74.0702 	 0.259696 	 0 	 0 	 NaN 	 NaN 	 0 	 0 	 0 	 NaN 	 NaN 	 NaN 	 NaN 	 0 	 0 	 NaN 	 NaN 	 36.3825 	 3.07141 	 7.68039 	 0.098237 	 78.1823 	 0 	 0 	 NaN 	 NaN 	 0 	 0 	 0 	 NaN 	 NaN 	 NaN 	 NaN 	 0 	 0 	 NaN 	 NaN 	  Tumour 
15 	 232.099 	 358.247 	 405.632 	 287.772 	 2372 	 64.0431 	 48.0473 	 0.661173 	 0.974127 	 190.108 	 1431.12 	 304.157 	 0.212531 	 983.631 	 1278.25 	 3774 	 0.829451 	 318.894 	 223.14 	 242.561 	 159.988 	 0.379791 	 249.615 	 239.755 	 43.7753 	 0.180471 	 45 	 45 	 232.822 	 -17.5352 	 1 	 0 	 0 	 NaN 	 NaN 	 NaN 	 NaN 	 45 	 45 	 45 	 0 	 28.6226 	 -0.813806 	 6.26872 	 0.0890159 	 70.4224 	 52 	 197 	 73.2692 	 9.91096 	 2 	 584.962 	 0.246612 	 30.4138 	 30.4138 	 30.4138 	 0 	 45 	 7 	 26 	 26.8701 	  Tumour 
16 	 227.111 	 446.726 	 323.736 	 373.209 	 2221 	 57.5577 	 49.4613 	 0.511415 	 0.960225 	 185.823 	 987.656 	 176.466 	 0.178671 	 549.66 	 834.787 	 3396 	 0.926856 	 255.296 	 247.117 	 245.638 	 163.065 	 0.485106 	 276.518 	 232.159 	 50.4289 	 0.205298 	 0 	 0 	 NaN 	 NaN 	 0 	 0 	 0 	 NaN 	 NaN 	 NaN 	 NaN 	 0 	 0 	 NaN 	 NaN 	 36.1439 	 7.29844 	 9.1624 	 0.117551 	 77.9437 	 0 	 0 	 NaN 	 NaN 	 0 	 0 	 0 	 NaN 	 NaN 	 NaN 	 NaN 	 0 	 0 	 NaN 	 NaN 	  Tumour 
17 	 242.654 	 774.173 	 180.693 	 265.663 	 7326 	 118.508 	 81.3223 	 0.727396 	 0.949456 	 357.262 	 1605.49 	 447.938 	 0.279004 	 1178.27 	 1452.62 	 12177 	 0.844335 	 564.25 	 296.539 	 356.808 	 274.236 	 0.396552 	 363.531 	 355.81 	 68.9648 	 0.193283 	 0 	 0 	 NaN 	 NaN 	 0 	 0 	 0 	 NaN 	 NaN 	 NaN 	 NaN 	 0 	 0 	 NaN 	 NaN 	 27.0409 	 -10.5407 	 9.89404 	 0.143724 	 68.8407 	 180 	 519 	 85.75 	 22.3917 	 3 	 1640.47 	 0.223925 	 27.6812 	 12.816 	 20.9526 	 6.7368 	 90 	 45 	 60 	 25.9808 	  Tumour 
18 	 280.461 	 689.84 	 215.557 	 332.521 	 4297 	 96.2486 	 57.2801 	 0.803632 	 0.964318 	 265.279 	 1475.18 	 416.556 	 0.282376 	 1032.18 	 1322.31 	 7035 	 0.856673 	 395.681 	 304.781 	 338.376 	 255.803 	 0.424324 	 331.847 	 338.976 	 59.5778 	 0.17607 	 0 	 0 	 NaN 	 NaN 	 0 	 0 	 0 	 NaN 	 NaN 	 NaN 	 NaN 	 0 	 0 	 NaN 	 NaN 	 36.815 	 -3.31721 	 14.6618 	 0.186502 	 78.6148 	 0 	 0 	 NaN 	 NaN 	 0 	 0 	 0 	 NaN 	 NaN 	 NaN 	 NaN 	 0 	 0 	 NaN 	 NaN 	  Tumour 
19 	 319.075 	 541.753 	 313.002 	 294.061 	 4908 	 115.124 	 55.1563 	 0.877757 	 0.964054 	 295.019 	 1520.26 	 398.529 	 0.262145 	 991.344 	 1367.39 	 7350 	 0.878136 	 430.995 	 219.233 	 256.92 	 174.347 	 0.517413 	 264.13 	 252.661 	 63.1741 	 0.24589 	 90 	 266 	 205.522 	 -44.8352 	 2 	 1299.55 	 0.264783 	 31.0161 	 31.0161 	 31.0161 	 0 	 45 	 45 	 45 	 0 	 21.3642 	 -2.55321 	 8.062 	 0.127636 	 63.164 	 45 	 45 	 77.4222 	 14.064 	 1 	 0 	 0 	 NaN 	 NaN 	 NaN 	 NaN 	 45 	 45 	 45 	 0 	  Tumour 
20 	 328.449 	 594.908 	 292.5 	 288.849 	 3778 	 105.026 	 46.703 	 0.895689 	 0.944736 	 266.693 	 1927.03 	 553.345 	 0.287149 	 1155.96 	 1774.16 	 5599 	 0.889719 	 353.681 	 270.855 	 309.835 	 227.262 	 0.554878 	 291.011 	 317.129 	 77.05 	 0.24868 	 0 	 0 	 NaN 	 NaN 	 0 	 0 	 0 	 NaN 	 NaN 	 NaN 	 NaN 	 0 	 0 	 NaN 	 NaN 	 27.4675 	 -9.27575 	 9.16411 	 0.132301 	 69.2673 	 90 	 275 	 80.8556 	 17.4973 	 2 	 404.1 	 0.106961 	 29.0689 	 29.0689 	 29.0689 	 0 	 45 	 45 	 45 	 0 	  Tumour 
21 	 337.353 	 248.957 	 550.237 	 226.073 	 3059 	 75.9783 	 55.8704 	 0.677691 	 0.914773 	 233.137 	 1627.54 	 622.493 	 0.382476 	 716.477 	 1474.67 	 4835 	 0.918852 	 308.409 	 229.513 	 237.452 	 154.879 	 0.175627 	 334.082 	 226.45 	 80.9226 	 0.340796 	 67 	 522 	 296.149 	 45.7919 	 2 	 463.646 	 0.151568 	 65.3595 	 65.3595 	 65.3595 	 0 	 41 	 26 	 33.5 	 10.6066 	 17.6484 	 0.849227 	 9.75059 	 0.164018 	 59.4482 	 76 	 306 	 84.7763 	 21.418 	 2 	 187.911 	 0.0614289 	 38.2688 	 38.2688 	 38.2688 	 0 	 66 	 10 	 38 	 39.598 	  Tumour 
22 	 345.853 	 425.052 	 411.947 	 293.019 	 3173 	 69.637 	 59.5803 	 0.517663 	 0.943783 	 232.894 	 1349.01 	 313.164 	 0.232145 	 907.542 	 1196.14 	 9291 	 0.832527 	 487.037 	 200.799 	 247.246 	 164.673 	 0.509978 	 241.548 	 248.755 	 45.0661 	 0.182272 	 45 	 45 	 203.133 	 -47.2241 	 1 	 0 	 0 	 NaN 	 NaN 	 NaN 	 NaN 	 45 	 45 	 45 	 0 	 29.0476 	 9.30629 	 7.5434 	 0.106474 	 70.8475 	 45 	 45 	 81.3778 	 18.0195 	 1 	 0 	 0 	 NaN 	 NaN 	 NaN 	 NaN 	 45 	 45 	 45 	 0 	  Tumour 
23 	 374.352 	 475.254 	 397.683 	 249.9 	 3713 	 79.0777 	 61.1686 	 0.633766 	 0.952784 	 244.551 	 1406.15 	 336.69 	 0.239441 	 846.601 	 1253.28 	 4609 	 0.913035 	 299.882 	 221.587 	 250.307 	 167.734 	 1.00357 	 249.406 	 251.433 	 47.6615 	 0.190412 	 0 	 0 	 NaN 	 NaN 	 0 	 0 	 0 	 NaN 	 NaN 	 NaN 	 NaN 	 0 	 0 	 NaN 	 NaN 	 26.7561 	 -7.50831 	 7.92256 	 0.115563 	 68.5559 	 0 	 0 	 NaN 	 NaN 	 0 	 0 	 0 	 NaN 	 NaN 	 NaN 	 NaN 	 0 	 0 	 NaN 	 NaN 	  Tumour 
24 	 359.048 	 1012.74 	 354.381 	 207.617 	 1612 	 55.8311 	 37.5538 	 0.739977 	 0.946009 	 160.61 	 1300.69 	 344.599 	 0.264935 	 903.148 	 1147.82 	 3419 	 0.917852 	 267.782 	 200.261 	 195.771 	 113.199 	 0 	 0 	 0 	 20.4556 	 0.104487 	 0 	 0 	 NaN 	 NaN 	 0 	 0 	 0 	 NaN 	 NaN 	 NaN 	 NaN 	 0 	 0 	 NaN 	 NaN 	 4.88069 	 0.261262 	 2.68666 	 0.0575543 	 46.6805 	 0 	 0 	 NaN 	 NaN 	 0 	 0 	 0 	 NaN 	 NaN 	 NaN 	 NaN 	 0 	 0 	 NaN 	 NaN 	  Lymph 
25 	 383.571 	 556.137 	 360.257 	 229.14 	 2156 	 58.9252 	 50.3545 	 0.519369 	 0.861366 	 209.865 	 1790.41 	 719.313 	 0.401759 	 1091.7 	 1637.54 	 3397 	 0.805549 	 313.439 	 286.361 	 313.062 	 230.489 	 0.975779 	 308.766 	 319.807 	 61.1729 	 0.195402 	 0 	 0 	 NaN 	 NaN 	 0 	 0 	 0 	 NaN 	 NaN 	 NaN 	 NaN 	 0 	 0 	 NaN 	 NaN 	 40.4882 	 -5.82394 	 11.1452 	 0.135442 	 82.288 	 90 	 220 	 76.4667 	 13.1084 	 2 	 525.229 	 0.243613 	 22.1359 	 22.1359 	 22.1359 	 0 	 45 	 45 	 45 	 0 	  Tumour 
26 	 380.454 	 369.533 	 475.631 	 231.458 	 2584 	 64.8073 	 52.199 	 0.592666 	 0.950349 	 205.48 	 1851.07 	 467.858 	 0.25275 	 777.476 	 1698.2 	 3080 	 0.873511 	 257.054 	 228.789 	 247 	 164.427 	 0.785714 	 255.941 	 241.838 	 30.6042 	 0.123904 	 90 	 270 	 248.844 	 -1.51296 	 2 	 684.047 	 0.264724 	 28.4605 	 28.4605 	 28.4605 	 0 	 45 	 45 	 45 	 0 	 24.7927 	 -10.5171 	 9.75868 	 0.146543 	 66.5925 	 90 	 221 	 77.7222 	 14.364 	 2 	 718.416 	 0.278025 	 24.0832 	 24.0832 	 24.0832 	 0 	 45 	 45 	 45 	 0 	  Tumour 
27 	 397.247 	 284.648 	 552.609 	 174.897 	 4919 	 106.086 	 62.2186 	 0.809956 	 0.879021 	 365.019 	 1487.24 	 463.395 	 0.311581 	 868.309 	 1334.37 	 6540 	 0.896259 	 387.581 	 236.777 	 243.688 	 161.115 	 0.381616 	 283.431 	 233.179 	 74.9321 	 0.307492 	 135 	 644 	 235.526 	 -14.8315 	 3 	 1239.84 	 0.252051 	 38.0789 	 17.8885 	 28.6001 	 9.07974 	 45 	 45 	 45 	 0 	 16.4317 	 0.339597 	 8.72397 	 0.149815 	 58.2316 	 164 	 891 	 78.9695 	 15.6112 	 4 	 1947.2 	 0.395852 	 52.149 	 16.225 	 30.7841 	 13.5601 	 82 	 12 	 41 	 30.5178 	  Tumour 
28 	 425.286 	 419.411 	 472.81 	 228.002 	 3915 	 105.839 	 49.5661 	 0.883561 	 0.900828 	 285.966 	 1720.24 	 489.724 	 0.284683 	 1131.75 	 1567.37 	 5204 	 0.866611 	 350.024 	 237.531 	 265.077 	 182.504 	 0.837423 	 256.22 	 266.139 	 50.4437 	 0.190298 	 0 	 0 	 NaN 	 NaN 	 0 	 0 	 0 	 NaN 	 NaN 	 NaN 	 NaN 	 0 	 0 	 NaN 	 NaN 	 23.0227 	 -11.9696 	 9.06049 	 0.139774 	 64.8225 	 90 	 175 	 76.9 	 13.5417 	 2 	 850.486 	 0.217238 	 16.1245 	 16.1245 	 16.1245 	 0 	 45 	 45 	 45 	 0 	  Tumour 
29 	 422.63 	 342.715 	 524.424 	 181.044 	 2190 	 60.4144 	 48.5897 	 0.594259 	 0.929936 	 191.48 	 1332.73 	 380.942 	 0.285836 	 841.335 	 1179.86 	 3503 	 0.899358 	 264.468 	 220.09 	 244.065 	 161.492 	 0.653061 	 260.475 	 233.865 	 46.0257 	 0.188579 	 0 	 0 	 NaN 	 NaN 	 0 	 0 	 0 	 NaN 	 NaN 	 NaN 	 NaN 	 0 	 0 	 NaN 	 NaN 	 22.381 	 1.83477 	 7.08702 	 0.110423 	 64.1808 	 41 	 42 	 77.4146 	 14.0564 	 1 	 0 	 0 	 NaN 	 NaN 	 NaN 	 NaN 	 41 	 41 	 41 	 0 	  Tumour 
30 	 428.183 	 579.907 	 389.616 	 187.747 	 2311 	 62.0991 	 49.0715 	 0.612832 	 0.930354 	 200.752 	 1533.73 	 481.749 	 0.314104 	 1012.98 	 1380.86 	 3400 	 0.831906 	 290.267 	 327.598 	 353.623 	 271.05 	 0.520755 	 356.239 	 353.103 	 34.4778 	 0.0974989 	 0 	 0 	 NaN 	 NaN 	 0 	 0 	 0 	 NaN 	 NaN 	 NaN 	 NaN 	 0 	 0 	 NaN 	 NaN 	 37.9903 	 -2.83335 	 10.9908 	 0.137746 	 79.7901 	 0 	 0 	 NaN 	 NaN 	 0 	 0 	 0 	 NaN 	 NaN 	 NaN 	 NaN 	 0 	 0 	 NaN 	 NaN 	  Tumour 
31 	 445.668 	 470.838 	 457.655 	 183.897 	 3827 	 79.7308 	 63.6673 	 0.601958 	 0.948451 	 255.238 	 1750.91 	 430.586 	 0.245922 	 1169.86 	 1598.04 	 4172 	 0.893745 	 295.397 	 233.154 	 275.903 	 193.33 	 0.996403 	 275.946 	 272.434 	 64.9497 	 0.235408 	 45 	 45 	 255.489 	 5.13149 	 1 	 0 	 0 	 NaN 	 NaN 	 NaN 	 NaN 	 45 	 45 	 45 	 0 	 22.5038 	 -8.43387 	 9.3372 	 0.145205 	 64.3036 	 0 	 0 	 NaN 	 NaN 	 0 	 0 	 0 	 NaN 	 NaN 	 NaN 	 NaN 	 0 	 0 	 NaN 	 NaN 	  Tumour 
32 	 459.977 	 522.854 	 442.832 	 155.029 	 3976 	 101.963 	 50.4511 	 0.869008 	 0.948926 	 266.007 	 1725.64 	 551.065 	 0.31934 	 1196.56 	 1572.77 	 5570 	 0.902317 	 365.924 	 300.112 	 331.248 	 248.675 	 0.743363 	 307.631 	 343.46 	 66.0379 	 0.199361 	 90 	 175 	 295.322 	 44.9648 	 2 	 594.024 	 0.149403 	 18.0278 	 18.0278 	 18.0278 	 0 	 45 	 45 	 45 	 0 	 24.3586 	 -0.0888611 	 9.39463 	 0.142002 	 66.1585 	 135 	 239 	 81.3481 	 17.9899 	 1 	 0 	 0 	 NaN 	 NaN 	 NaN 	 0 	 90 	 45 	 67.5 	 31.8198 	  Tumour 
33 	 491.832 	 286.432 	 613.209 	 91.5478 	 3243 	 73.3024 	 58.9787 	 0.593825 	 0.910188 	 247.723 	 1446.65 	 506.983 	 0.350453 	 1007.34 	 1293.78 	 4893 	 0.932711 	 304.125 	 174.116 	 177.141 	 94.5684 	 0.243816 	 234.101 	 166.32 	 54.92 	 0.310035 	 0 	 0 	 NaN 	 NaN 	 0 	 0 	 0 	 NaN 	 NaN 	 NaN 	 NaN 	 0 	 0 	 NaN 	 NaN 	 11.384 	 -0.359698 	 6.11696 	 0.115015 	 53.1838 	 45 	 45 	 76.8222 	 13.464 	 1 	 0 	 0 	 NaN 	 NaN 	 NaN 	 NaN 	 45 	 45 	 45 	 0 	  Tumour 
34 	 500.601 	 366.365 	 565.029 	 151.796 	 3405 	 71.2878 	 61.0954 	 0.515277 	 0.977044 	 221.622 	 1381.75 	 357.058 	 0.25841 	 881.8 	 1228.88 	 5808 	 0.878536 	 369.238 	 209.988 	 239.962 	 157.389 	 0.610619 	 277.662 	 217.295 	 92.3628 	 0.384907 	 45 	 45 	 199.889 	 -50.4685 	 1 	 0 	 0 	 NaN 	 NaN 	 NaN 	 NaN 	 45 	 45 	 45 	 0 	 13.7429 	 -0.376887 	 4.91697 	 0.0885258 	 55.5427 	 0 	 0 	 NaN 	 NaN 	 0 	 0 	 0 	 NaN 	 NaN 	 NaN 	 NaN 	 0 	 0 	 NaN 	 NaN 	  Tumour 
35 	 532.745 	 433.231 	 551.218 	 140.089 	 3357 	 73.6891 	 58.5688 	 0.606858 	 0.975022 	 226.451 	 1479.12 	 297.476 	 0.201116 	 977.725 	 1326.26 	 6652 	 0.861323 	 409.137 	 278.154 	 314.109 	 231.536 	 0.632979 	 294.004 	 321.523 	 82.7951 	 0.263587 	 0 	 0 	 NaN 	 NaN 	 0 	 0 	 0 	 NaN 	 NaN 	 NaN 	 NaN 	 0 	 0 	 NaN 	 NaN 	 27.5383 	 -2.84811 	 6.57571 	 0.0948354 	 69.3381 	 0 	 0 	 NaN 	 NaN 	 0 	 0 	 0 	 NaN 	 NaN 	 NaN 	 NaN 	 0 	 0 	 NaN 	 NaN 	  Tumour 
36 	 560.814 	 388.758 	 598.873 	 162.003 	 2463 	 77.7363 	 42.827 	 0.834554 	 0.885016 	 219.037 	 1866.21 	 656.506 	 0.351786 	 1125.76 	 1713.34 	 2221 	 0.88275 	 224.569 	 268.487 	 310.231 	 227.658 	 1.01923 	 309.934 	 302.677 	 96.4337 	 0.310845 	 0 	 0 	 NaN 	 NaN 	 0 	 0 	 0 	 NaN 	 NaN 	 NaN 	 NaN 	 0 	 0 	 NaN 	 NaN 	 35.2018 	 4.72729 	 8.11789 	 0.105425 	 77.0016 	 0 	 0 	 NaN 	 NaN 	 0 	 0 	 0 	 NaN 	 NaN 	 NaN 	 NaN 	 0 	 0 	 NaN 	 NaN 	  Tumour 
37 	 561.782 	 226.786 	 433.336 	 65.9242 	 1154 	 56.3106 	 26.8991 	 0.878527 	 0.909377 	 153.439 	 1012.21 	 297.019 	 0.293437 	 557.843 	 859.34 	 2634 	 0.923562 	 233.255 	 186.136 	 179.536 	 96.9634 	 0 	 0 	 0 	 67.6202 	 0.376638 	 0 	 0 	 NaN 	 NaN 	 0 	 0 	 0 	 NaN 	 NaN 	 NaN 	 NaN 	 0 	 0 	 NaN 	 NaN 	 8.14211 	 -2.09731 	 5.28076 	 0.105738 	 49.9419 	 0 	 0 	 NaN 	 NaN 	 0 	 0 	 0 	 NaN 	 NaN 	 NaN 	 NaN 	 0 	 0 	 NaN 	 NaN 	  Other 
38 	 573.081 	 292.243 	 667.828 	 65.9242 	 3210 	 80.8293 	 51.1133 	 0.774674 	 0.954221 	 235.622 	 1503.69 	 537.543 	 0.357481 	 893.864 	 1350.83 	 5472 	 0.88558 	 360.267 	 221.696 	 234.448 	 151.875 	 0.453731 	 257.592 	 227.518 	 52.0728 	 0.222108 	 45 	 45 	 195.333 	 -55.0241 	 1 	 0 	 0 	 NaN 	 NaN 	 NaN 	 NaN 	 45 	 45 	 45 	 0 	 18.3883 	 -5.69356 	 6.86454 	 0.114051 	 60.1882 	 45 	 45 	 70.0222 	 6.66395 	 1 	 0 	 0 	 NaN 	 NaN 	 NaN 	 NaN 	 45 	 45 	 45 	 0 	  Tumour 
39 	 596.677 	 357.449 	 646.703 	 134.629 	 4306 	 99.8625 	 56.1115 	 0.827214 	 0.898019 	 287.706 	 2234.01 	 701.347 	 0.313942 	 1641.57 	 2081.14 	 6052 	 0.817727 	 401.238 	 290.331 	 332.854 	 250.282 	 0.911051 	 316.956 	 341.418 	 94.1255 	 0.282783 	 0 	 0 	 NaN 	 NaN 	 0 	 0 	 0 	 NaN 	 NaN 	 NaN 	 NaN 	 0 	 0 	 NaN 	 NaN 	 24.954 	 -10.2826 	 11.229 	 0.168214 	 66.7538 	 90 	 305 	 83.6778 	 20.3195 	 2 	 853.722 	 0.198263 	 33.2415 	 33.2415 	 33.2415 	 0 	 45 	 45 	 45 	 0 	  Tumour 
40 	 607.047 	 437.415 	 613.013 	 111.162 	 2093 	 68.4528 	 40.2165 	 0.809219 	 0.93105 	 194.267 	 2076.77 	 335.917 	 0.16175 	 987.306 	 1923.9 	 3322 	 0.938418 	 247.397 	 286.385 	 318.022 	 235.449 	 0.669565 	 291.37 	 334.024 	 58.7431 	 0.184714 	 0 	 0 	 NaN 	 NaN 	 0 	 0 	 0 	 NaN 	 NaN 	 NaN 	 NaN 	 0 	 0 	 NaN 	 NaN 	 22.5786 	 -13.8879 	 6.58923 	 0.102352 	 64.3784 	 88 	 351 	 84.1023 	 20.744 	 2 	 693.763 	 0.331468 	 40.4734 	 40.4734 	 40.4734 	 0 	 45 	 43 	 44 	 1.41421 	  Tumour 
41 	 612.862 	 547.621 	 654.805 	 99.8499 	 1521 	 62.9638 	 31.0221 	 0.870201 	 0.982558 	 157.397 	 2204.01 	 493.661 	 0.223983 	 1243.23 	 2051.14 	 3877 	 0.840633 	 302.225 	 292.72 	 308.482 	 225.909 	 0.309859 	 301.284 	 311.927 	 32.8704 	 0.106555 	 0 	 0 	 NaN 	 NaN 	 0 	 0 	 0 	 NaN 	 NaN 	 NaN 	 NaN 	 0 	 0 	 NaN 	 NaN 	 27.8958 	 -4.44459 	 9.34113 	 0.134027 	 69.6956 	 0 	 0 	 NaN 	 NaN 	 0 	 0 	 0 	 NaN 	 NaN 	 NaN 	 NaN 	 0 	 0 	 NaN 	 NaN 	  Lymph 
42 	 631.397 	 323.009 	 694.122 	 118.224 	 2214 	 65.7193 	 43.9629 	 0.743307 	 0.960938 	 187.238 	 1600 	 522.851 	 0.326782 	 1091.67 	 1447.13 	 3745 	 0.857372 	 290.711 	 239.817 	 266.822 	 184.249 	 0.459259 	 303 	 260.514 	 100.023 	 0.374868 	 0 	 0 	 NaN 	 NaN 	 0 	 0 	 0 	 NaN 	 NaN 	 NaN 	 NaN 	 0 	 0 	 NaN 	 NaN 	 22.1216 	 -1.52535 	 7.14324 	 0.11175 	 63.9214 	 38 	 39 	 92.4737 	 29.1154 	 1 	 0 	 0 	 NaN 	 NaN 	 NaN 	 NaN 	 38 	 38 	 38 	 0 	  Tumour 
43 	 676.258 	 240.414 	 780.247 	 114.739 	 3672 	 89.831 	 58.2564 	 0.761205 	 0.822581 	 293.907 	 1577.79 	 541.963 	 0.343494 	 939.216 	 1424.93 	 5522 	 0.770691 	 425.238 	 229.597 	 211.089 	 128.516 	 0.298734 	 266.847 	 200.191 	 72.9079 	 0.34539 	 45 	 45 	 185.267 	 -65.0907 	 1 	 0 	 0 	 NaN 	 NaN 	 NaN 	 NaN 	 45 	 45 	 45 	 0 	 15.8557 	 0.550918 	 7.93753 	 0.137672 	 57.6555 	 66 	 367 	 79.8485 	 16.4902 	 2 	 217.4 	 0.0592047 	 43.9285 	 43.9285 	 43.9285 	 0 	 45 	 21 	 33 	 16.9706 	  Tumour 
44 	 676.576 	 427.703 	 679.325 	 136 	 3917 	 94.2521 	 54.7459 	 0.814014 	 0.950267 	 259.48 	 1606.91 	 444.864 	 0.276844 	 1066.81 	 1454.04 	 4874 	 0.898433 	 319.397 	 255.454 	 276.901 	 194.328 	 0.788079 	 272.681 	 276.803 	 56.9965 	 0.205837 	 0 	 0 	 NaN 	 NaN 	 0 	 0 	 0 	 NaN 	 NaN 	 NaN 	 NaN 	 0 	 0 	 NaN 	 NaN 	 23.4677 	 -5.1278 	 9.62968 	 0.147542 	 65.2676 	 45 	 45 	 85.0222 	 21.664 	 1 	 0 	 0 	 NaN 	 NaN 	 NaN 	 NaN 	 45 	 45 	 45 	 0 	  Tumour 
45 	 687.924 	 474.019 	 670.392 	 105.361 	 2450 	 73.9152 	 45.267 	 0.790534 	 0.959655 	 212.711 	 1907.08 	 527.026 	 0.276352 	 1152.52 	 1754.21 	 3341 	 0.93298 	 278.326 	 275.993 	 292.498 	 209.925 	 0.863118 	 287.344 	 298.613 	 46.1855 	 0.1579 	 0 	 0 	 NaN 	 NaN 	 0 	 0 	 0 	 NaN 	 NaN 	 NaN 	 NaN 	 0 	 0 	 NaN 	 NaN 	 25.2145 	 -2.09909 	 9.71998 	 0.145043 	 67.0143 	 45 	 45 	 76.2667 	 12.9084 	 1 	 0 	 0 	 NaN 	 NaN 	 NaN 	 NaN 	 45 	 45 	 45 	 0 	  Tumour 
46 	 689.269 	 743.182 	 621.158 	 182.06 	 3913 	 81.0752 	 63.1553 	 0.62706 	 0.944485 	 251.238 	 1688.36 	 447.055 	 0.264787 	 1233.73 	 1535.49 	 5208 	 0.838647 	 352.836 	 234.188 	 256.312 	 173.739 	 0.665595 	 251.971 	 260.873 	 34.9106 	 0.136204 	 0 	 0 	 NaN 	 NaN 	 0 	 0 	 0 	 NaN 	 NaN 	 NaN 	 NaN 	 0 	 0 	 NaN 	 NaN 	 16.3259 	 -3.64751 	 6.0032 	 0.10328 	 58.1257 	 45 	 45 	 74.8889 	 11.5306 	 1 	 0 	 0 	 NaN 	 NaN 	 NaN 	 NaN 	 45 	 45 	 45 	 0 	  Tumour 
47 	 699.816 	 596.571 	 645.638 	 75.505 	 3508 	 78.5628 	 59.3538 	 0.655155 	 0.926572 	 250.108 	 1735.23 	 532.52 	 0.306887 	 1125.7 	 1582.36 	 5337 	 0.845532 	 376.167 	 243.313 	 271.083 	 188.51 	 0.778736 	 262.915 	 279.622 	 50.139 	 0.184958 	 0 	 0 	 NaN 	 NaN 	 0 	 0 	 0 	 NaN 	 NaN 	 NaN 	 NaN 	 0 	 0 	 NaN 	 NaN 	 19.0346 	 -3.68313 	 6.65909 	 0.109463 	 60.8344 	 45 	 45 	 84.2667 	 20.9084 	 1 	 0 	 0 	 NaN 	 NaN 	 NaN 	 NaN 	 45 	 45 	 45 	 0 	  Tumour 
48 	 721.347 	 801.961 	 657.068 	 131.107 	 4832 	 92.2281 	 75.8697 	 0.568575 	 0.7563 	 339.22 	 1907.42 	 651.958 	 0.341801 	 1433.82 	 1754.55 	 5693 	 0.715561 	 417.522 	 268.35 	 290.612 	 208.039 	 0.638522 	 283.512 	 293.523 	 57.2142 	 0.196875 	 0 	 0 	 NaN 	 NaN 	 0 	 0 	 0 	 NaN 	 NaN 	 NaN 	 NaN 	 0 	 0 	 NaN 	 NaN 	 26.1315 	 -4.22165 	 11.0845 	 0.163173 	 67.9313 	 45 	 45 	 86.5111 	 23.1528 	 1 	 0 	 0 	 NaN 	 NaN 	 NaN 	 NaN 	 45 	 45 	 45 	 0 	  Tumour 
49 	 704.424 	 932.447 	 1013.26 	 96.3846 	 1709 	 64.1507 	 36.793 	 0.819178 	 0.91244 	 183.48 	 1278.9 	 454.392 	 0.355299 	 878.139 	 1126.03 	 3166 	 0.936686 	 240.368 	 237.557 	 224.913 	 142.34 	 0 	 0 	 0 	 29.118 	 0.129464 	 0 	 0 	 NaN 	 NaN 	 0 	 0 	 0 	 NaN 	 NaN 	 NaN 	 NaN 	 0 	 0 	 NaN 	 NaN 	 10.3693 	 2.99348 	 4.15818 	 0.0797058 	 52.1691 	 24 	 26 	 75 	 11.6417 	 1 	 0 	 0 	 NaN 	 NaN 	 NaN 	 NaN 	 24 	 24 	 24 	 0 	  Lymph 
50 	 720.952 	 516.164 	 686.861 	 84.6463 	 4507 	 98.1578 	 59.0838 	 0.798552 	 0.95225 	 278.735 	 1848.41 	 532.603 	 0.288141 	 1205.16 	 1695.54 	 10616 	 0.798195 	 536.35 	 250.119 	 289.716 	 207.143 	 0.841046 	 276.481 	 300.137 	 50.9073 	 0.175714 	 0 	 0 	 NaN 	 NaN 	 0 	 0 	 0 	 NaN 	 NaN 	 NaN 	 NaN 	 0 	 0 	 NaN 	 NaN 	 18.326 	 -8.11859 	 7.33798 	 0.122044 	 60.1258 	 45 	 45 	 73.6667 	 10.3084 	 1 	 0 	 0 	 NaN 	 NaN 	 NaN 	 NaN 	 45 	 45 	 45 	 0 	  Tumour 
51 	 724.247 	 279.25 	 795.51 	 170.141 	 3083 	 82.5326 	 51.8892 	 0.777638 	 0.855676 	 268.25 	 1267.34 	 284.208 	 0.224254 	 832.844 	 1114.48 	 4700 	 0.89849 	 326.61 	 244.204 	 266.092 	 183.519 	 0.630363 	 274.461 	 261.793 	 46.4058 	 0.174397 	 135 	 1017 	 237.467 	 -12.8907 	 3 	 547.091 	 0.177454 	 66.1891 	 34.7851 	 45.8828 	 15.7519 	 45 	 45 	 45 	 0 	 21.1343 	 -1.76312 	 6.27753 	 0.0997476 	 62.9342 	 131 	 661 	 72.9237 	 9.5654 	 3 	 846.811 	 0.274671 	 42.2542 	 23.0217 	 30.3474 	 9.30426 	 45 	 41 	 43.6667 	 2.3094 	  Tumour 
52 	 725.583 	 679.296 	 659.897 	 108.227 	 4510 	 93.2312 	 63.9082 	 0.728091 	 0.943317 	 275.865 	 1619.66 	 419.778 	 0.259177 	 1120.71 	 1466.79 	 6326 	 0.843804 	 425.48 	 255.155 	 297.723 	 215.15 	 0.817259 	 289.991 	 303.691 	 51.5036 	 0.172991 	 0 	 0 	 NaN 	 NaN 	 0 	 0 	 0 	 NaN 	 NaN 	 NaN 	 NaN 	 0 	 0 	 NaN 	 NaN 	 25.2696 	 -6.12585 	 9.34244 	 0.139295 	 67.0694 	 90 	 234 	 87.1 	 23.7417 	 2 	 1202.42 	 0.266611 	 24.0416 	 24.0416 	 24.0416 	 0 	 45 	 45 	 45 	 0 	  Tumour 
53 	 724.266 	 344.507 	 760.126 	 200.42 	 2157 	 60.2197 	 45.9418 	 0.646513 	 0.960374 	 184.652 	 1106.9 	 318.493 	 0.287735 	 630.541 	 954.028 	 3566 	 0.931314 	 263.539 	 263.49 	 259.045 	 176.473 	 0.210744 	 264.294 	 258.956 	 29.9991 	 0.115806 	 0 	 0 	 NaN 	 NaN 	 0 	 0 	 0 	 NaN 	 NaN 	 NaN 	 NaN 	 0 	 0 	 NaN 	 NaN 	 29.266 	 1.91504 	 6.6404 	 0.0934401 	 71.0658 	 45 	 45 	 66.5556 	 3.19729 	 1 	 0 	 0 	 NaN 	 NaN 	 NaN 	 NaN 	 45 	 45 	 45 	 0 	  Tumour 
54 	 743.614 	 628.765 	 683.356 	 55.7584 	 2723 	 77.8731 	 45.6185 	 0.810452 	 0.957454 	 212.652 	 1431.2 	 453.911 	 0.317154 	 888.584 	 1278.33 	 3765 	 0.8183 	 324.51 	 272.168 	 299.728 	 217.155 	 1.01342 	 297.589 	 302.456 	 70.9168 	 0.236604 	 0 	 0 	 NaN 	 NaN 	 0 	 0 	 0 	 NaN 	 NaN 	 NaN 	 NaN 	 0 	 0 	 NaN 	 NaN 	 27.7551 	 -2.67286 	 7.94152 	 0.114176 	 69.5549 	 0 	 0 	 NaN 	 NaN 	 0 	 0 	 0 	 NaN 	 NaN 	 NaN 	 NaN 	 0 	 0 	 NaN 	 NaN 	  Tumour 
55 	 739.296 	 402.356 	 746.438 	 183.371 	 869 	 36.165 	 30.8478 	 0.521955 	 0.968785 	 110.083 	 926.336 	 157.982 	 0.170545 	 501.752 	 773.467 	 3282 	 0.917272 	 263.296 	 223.463 	 255.712 	 173.139 	 0.580247 	 272.355 	 246.612 	 41.5799 	 0.162605 	 0 	 0 	 NaN 	 NaN 	 0 	 0 	 0 	 NaN 	 NaN 	 NaN 	 NaN 	 0 	 0 	 NaN 	 NaN 	 16.9953 	 -1.54228 	 5.4656 	 0.09296 	 58.7952 	 0 	 0 	 NaN 	 NaN 	 0 	 0 	 0 	 NaN 	 NaN 	 NaN 	 NaN 	 0 	 0 	 NaN 	 NaN 	  Tumour 
56 	 774.507 	 754.597 	 707.478 	 162.865 	 3622 	 70.221 	 65.9282 	 0.344278 	 0.972349 	 230.208 	 1554.04 	 391.056 	 0.251638 	 1029.23 	 1401.17 	 5025 	 0.894765 	 329.196 	 267.218 	 321.333 	 238.76 	 0.856209 	 314.176 	 326.85 	 53.0346 	 0.165045 	 0 	 0 	 NaN 	 NaN 	 0 	 0 	 0 	 NaN 	 NaN 	 NaN 	 NaN 	 0 	 0 	 NaN 	 NaN 	 41.6099 	 4.15229 	 8.87207 	 0.106367 	 83.4097 	 0 	 0 	 NaN 	 NaN 	 0 	 0 	 0 	 NaN 	 NaN 	 NaN 	 NaN 	 0 	 0 	 NaN 	 NaN 	  Tumour 
57 	 785.135 	 696.853 	 717.714 	 115.525 	 2747 	 80.5016 	 46.4445 	 0.816787 	 0.893043 	 229.279 	 1076.98 	 206.858 	 0.192073 	 594.739 	 924.111 	 4162 	 0.838944 	 343.681 	 281.229 	 308.107 	 225.534 	 0.748428 	 310.84 	 306.277 	 53.6261 	 0.17405 	 0 	 0 	 NaN 	 NaN 	 0 	 0 	 0 	 NaN 	 NaN 	 NaN 	 NaN 	 0 	 0 	 NaN 	 NaN 	 36.2504 	 -6.314 	 7.77705 	 0.0996416 	 78.0502 	 0 	 0 	 NaN 	 NaN 	 0 	 0 	 0 	 NaN 	 NaN 	 NaN 	 NaN 	 0 	 0 	 NaN 	 NaN 	  Tumour 
58 	 791.491 	 833.132 	 730.442 	 118.089 	 4101 	 92.1125 	 58.0817 	 0.776147 	 0.959972 	 259.279 	 1704.69 	 496.149 	 0.291049 	 1191.37 	 1551.82 	 5206 	 0.873197 	 349.924 	 273.393 	 318.393 	 235.82 	 0.74613 	 305.008 	 327.273 	 47.4811 	 0.149127 	 45 	 45 	 221.133 	 -29.2241 	 1 	 0 	 0 	 NaN 	 NaN 	 NaN 	 NaN 	 45 	 45 	 45 	 0 	 25.9122 	 -11.6769 	 8.11152 	 0.119794 	 67.712 	 88 	 399 	 89.5795 	 26.2213 	 2 	 1142.08 	 0.278488 	 48.1321 	 48.1321 	 48.1321 	 0 	 45 	 43 	 44 	 1.41421 	  Tumour 
59 	 787.185 	 882.754 	 735.307 	 96.3846 	 2895 	 81.1205 	 45.7734 	 0.825594 	 0.964357 	 216.995 	 1720.1 	 665.441 	 0.386862 	 1267.01 	 1567.23 	 4784 	 0.876512 	 348.167 	 296.711 	 315.469 	 232.896 	 0.41875 	 323.187 	 313.48 	 43.1107 	 0.136656 	 0 	 0 	 NaN 	 NaN 	 0 	 0 	 0 	 NaN 	 NaN 	 NaN 	 NaN 	 0 	 0 	 NaN 	 NaN 	 24.4682 	 0.810104 	 8.45272 	 0.127554 	 66.268 	 90 	 262 	 85.9222 	 22.564 	 2 	 664.544 	 0.229549 	 27.8927 	 27.8927 	 27.8927 	 0 	 45 	 45 	 45 	 0 	  Tumour 
60 	 773.515 	 582.209 	 797.12 	 55.7584 	 923 	 42.5196 	 27.9274 	 0.754053 	 0.967505 	 117.397 	 888.203 	 111.489 	 0.125522 	 444.266 	 735.334 	 2149 	 0.931917 	 216.811 	 212.143 	 216.698 	 134.126 	 0.909548 	 214.337 	 222.357 	 39.6481 	 0.182964 	 0 	 0 	 NaN 	 NaN 	 0 	 0 	 0 	 NaN 	 NaN 	 NaN 	 NaN 	 0 	 0 	 NaN 	 NaN 	 16.2164 	 -1.35754 	 4.32452 	 0.0745398 	 58.0163 	 0 	 0 	 NaN 	 NaN 	 0 	 0 	 0 	 NaN 	 NaN 	 NaN 	 NaN 	 0 	 0 	 NaN 	 NaN 	  Other 
61 	 787.403 	 239.447 	 870.093 	 203.63 	 1362 	 53.5917 	 33.8692 	 0.77498 	 0.909212 	 159.397 	 1315.44 	 368.657 	 0.280254 	 971.773 	 1162.57 	 1557 	 0.86404 	 195.154 	 261.553 	 260.441 	 177.868 	 0.418994 	 348.773 	 230.498 	 94.4162 	 0.362524 	 0 	 0 	 NaN 	 NaN 	 0 	 0 	 0 	 NaN 	 NaN 	 NaN 	 NaN 	 0 	 0 	 NaN 	 NaN 	 18.2596 	 1.501 	 7.15937 	 0.119205 	 60.0595 	 0 	 0 	 NaN 	 NaN 	 0 	 0 	 0 	 NaN 	 NaN 	 NaN 	 NaN 	 0 	 0 	 NaN 	 NaN 	  Tumour 
62 	 807.53 	 273.347 	 869.216 	 237.053 	 2611 	 78.7589 	 44.2503 	 0.827243 	 0.911344 	 218.409 	 1499.49 	 606.707 	 0.404608 	 1076.13 	 1346.63 	 4299 	 0.847762 	 335.095 	 268.262 	 268.424 	 185.851 	 0.527508 	 332.319 	 247.117 	 99.9911 	 0.372512 	 33 	 33 	 398.818 	 148.461 	 1 	 0 	 0 	 NaN 	 NaN 	 NaN 	 NaN 	 33 	 33 	 33 	 0 	 20.6502 	 2.83451 	 8.83112 	 0.141411 	 62.45 	 80 	 206 	 88.1125 	 24.7542 	 2 	 493.8 	 0.189123 	 22.363 	 22.363 	 22.363 	 0 	 45 	 35 	 40 	 7.07107 	  Tumour 
63 	 793.568 	 477.443 	 768.492 	 106.888 	 1777 	 56.6864 	 40.0371 	 0.707922 	 0.977986 	 161.539 	 1297.09 	 320.635 	 0.247196 	 844.962 	 1144.22 	 3992 	 0.831493 	 326.711 	 228.42 	 235.34 	 152.767 	 0.529412 	 264.438 	 225.449 	 54.5509 	 0.231796 	 0 	 0 	 NaN 	 NaN 	 0 	 0 	 0 	 NaN 	 NaN 	 NaN 	 NaN 	 0 	 0 	 NaN 	 NaN 	 25.2835 	 2.86274 	 6.11073 	 0.0910917 	 67.0833 	 45 	 45 	 82.9556 	 19.5973 	 1 	 0 	 0 	 NaN 	 NaN 	 NaN 	 NaN 	 45 	 45 	 45 	 0 	  Tumour 
64 	 803.252 	 36.2929 	 650.558 	 203.63 	 949 	 40.2093 	 30.5205 	 0.651043 	 0.963452 	 120.953 	 1200.82 	 466.541 	 0.388518 	 901.461 	 1047.96 	 1557 	 0.932335 	 179.397 	 254.219 	 209.167 	 126.594 	 0 	 0 	 0 	 19.7752 	 0.0945428 	 0 	 0 	 NaN 	 NaN 	 0 	 0 	 0 	 NaN 	 NaN 	 NaN 	 NaN 	 0 	 0 	 NaN 	 NaN 	 13.0811 	 7.25523 	 8.96745 	 0.163398 	 54.8809 	 0 	 0 	 NaN 	 NaN 	 0 	 0 	 0 	 NaN 	 NaN 	 NaN 	 NaN 	 0 	 0 	 NaN 	 NaN 	  Other 
65 	 818.011 	 396.293 	 820.603 	 191.133 	 3297 	 69.378 	 61.3807 	 0.466108 	 0.954822 	 234.551 	 1323.08 	 387.673 	 0.293008 	 797.775 	 1170.21 	 4055 	 0.914524 	 294.61 	 255.908 	 262.103 	 179.53 	 0.571956 	 288.735 	 248.862 	 60.2236 	 0.229771 	 0 	 0 	 NaN 	 NaN 	 0 	 0 	 0 	 NaN 	 NaN 	 NaN 	 NaN 	 0 	 0 	 NaN 	 NaN 	 38.1253 	 10.7118 	 9.07009 	 0.113482 	 79.9251 	 0 	 0 	 NaN 	 NaN 	 0 	 0 	 0 	 NaN 	 NaN 	 NaN 	 NaN 	 0 	 0 	 NaN 	 NaN 	  Tumour 
66 	 827.378 	 613.695 	 767.663 	 61.9112 	 3792 	 84.0563 	 57.6788 	 0.72742 	 0.980098 	 242.25 	 1560.34 	 424.194 	 0.271859 	 1090.91 	 1407.47 	 7298 	 0.860512 	 419.48 	 225.127 	 258.32 	 175.747 	 0.587629 	 239.697 	 264.945 	 73.7815 	 0.285621 	 59 	 59 	 268.068 	 17.7104 	 1 	 0 	 0 	 NaN 	 NaN 	 NaN 	 NaN 	 59 	 59 	 59 	 0 	 21.6941 	 -11.1272 	 8.51519 	 0.13411 	 63.4939 	 90 	 181 	 73.2222 	 9.86395 	 2 	 291.784 	 0.0769473 	 17.088 	 17.088 	 17.088 	 0 	 45 	 45 	 45 	 0 	  Tumour 
67 	 825.18 	 336.262 	 852.935 	 251.231 	 2078 	 59.1354 	 45.0428 	 0.647944 	 0.965165 	 177.439 	 1154.31 	 239.596 	 0.207567 	 631.248 	 1001.44 	 3329 	 0.911306 	 253.154 	 289.46 	 286 	 203.427 	 0.540084 	 295.242 	 286.195 	 50.9796 	 0.17825 	 45 	 45 	 253.333 	 2.97593 	 1 	 0 	 0 	 NaN 	 NaN 	 NaN 	 NaN 	 45 	 45 	 45 	 0 	 37.9264 	 0.468795 	 7.42029 	 0.0930722 	 79.7262 	 0 	 0 	 NaN 	 NaN 	 0 	 0 	 0 	 NaN 	 NaN 	 NaN 	 NaN 	 0 	 0 	 NaN 	 NaN 	  Tumour 
68 	 827.409 	 736.624 	 759.042 	 138.221 	 1683 	 48.9509 	 44.8388 	 0.401191 	 0.943915 	 160.125 	 1092.42 	 216.476 	 0.198163 	 630.519 	 939.547 	 3017 	 0.88268 	 262.711 	 320.536 	 338.438 	 255.865 	 0.400826 	 332.722 	 336.969 	 49.8298 	 0.147235 	 0 	 0 	 NaN 	 NaN 	 0 	 0 	 0 	 NaN 	 NaN 	 NaN 	 NaN 	 0 	 0 	 NaN 	 NaN 	 52.1384 	 -1.04278 	 8.98796 	 0.0956794 	 93.9382 	 0 	 0 	 NaN 	 NaN 	 0 	 0 	 0 	 NaN 	 NaN 	 NaN 	 NaN 	 0 	 0 	 NaN 	 NaN 	  Tumour 
69 	 868.609 	 510.553 	 830.136 	 118.6 	 4606 	 104.558 	 57.879 	 0.832812 	 0.925829 	 290.836 	 1513.8 	 460.345 	 0.304099 	 938.411 	 1360.93 	 5800 	 0.815408 	 387.338 	 238.401 	 259.583 	 177.01 	 0.761111 	 270.292 	 251.463 	 42.7984 	 0.164873 	 0 	 0 	 NaN 	 NaN 	 0 	 0 	 0 	 NaN 	 NaN 	 NaN 	 NaN 	 0 	 0 	 NaN 	 NaN 	 27.5252 	 2.10589 	 8.75015 	 0.126219 	 69.325 	 90 	 137 	 70.7333 	 7.37507 	 2 	 1044.07 	 0.226676 	 12.1655 	 12.1655 	 12.1655 	 0 	 45 	 45 	 45 	 0 	  Tumour 
70 	 875.839 	 447.078 	 855.797 	 169.201 	 3819 	 77.561 	 63.8945 	 0.566886 	 0.955945 	 247.723 	 1584.03 	 428.332 	 0.270406 	 1054.35 	 1431.16 	 5025 	 0.879727 	 335.196 	 234.753 	 251.471 	 168.898 	 0.923077 	 258.479 	 250.584 	 47.8938 	 0.190454 	 45 	 45 	 203.422 	 -46.9352 	 1 	 0 	 0 	 NaN 	 NaN 	 NaN 	 NaN 	 45 	 45 	 45 	 0 	 21.9954 	 -4.86749 	 8.46764 	 0.132731 	 63.7952 	 135 	 183 	 77.5704 	 14.2121 	 1 	 0 	 0 	 NaN 	 NaN 	 NaN 	 NaN 	 135 	 135 	 135 	 0 	  Tumour 
71 	 865.453 	 558.114 	 815.138 	 94.1116 	 1693 	 51.4141 	 42.2076 	 0.571022 	 0.971314 	 158.468 	 1283.85 	 311.787 	 0.242852 	 745.602 	 1130.98 	 3229 	 0.911117 	 251.397 	 232.676 	 248.504 	 165.931 	 0.581197 	 230.243 	 256.548 	 47.5092 	 0.191181 	 0 	 0 	 NaN 	 NaN 	 0 	 0 	 0 	 NaN 	 NaN 	 NaN 	 NaN 	 0 	 0 	 NaN 	 NaN 	 22.87 	 -5.02564 	 8.35545 	 0.129202 	 64.6698 	 45 	 45 	 66.5778 	 3.21951 	 1 	 0 	 0 	 NaN 	 NaN 	 NaN 	 NaN 	 45 	 45 	 45 	 0 	  Tumour 
72 	 860.202 	 900.24 	 810.25 	 70.0357 	 1298 	 48.7529 	 36.1975 	 0.66988 	 0.877027 	 152.125 	 1012.16 	 193.538 	 0.191211 	 579.107 	 859.296 	 3339 	 0.8132 	 302.468 	 284.849 	 307.466 	 224.894 	 0.583039 	 291.212 	 312.537 	 70.3794 	 0.228901 	 0 	 0 	 NaN 	 NaN 	 0 	 0 	 0 	 NaN 	 NaN 	 NaN 	 NaN 	 0 	 0 	 NaN 	 NaN 	 28.4798 	 -6.86689 	 6.27016 	 0.0892173 	 70.2797 	 45 	 45 	 84.3111 	 20.9528 	 1 	 0 	 0 	 NaN 	 NaN 	 NaN 	 NaN 	 45 	 45 	 45 	 0 	  Tumour 
73 	 884.514 	 386.865 	 885.694 	 224.379 	 1674 	 57.081 	 37.5766 	 0.752753 	 0.978375 	 157.095 	 1344.84 	 317.309 	 0.235946 	 857.571 	 1191.97 	 2749 	 0.940794 	 227.154 	 259.968 	 286.422 	 203.849 	 1 	 288.725 	 283.36 	 45.9284 	 0.160352 	 0 	 0 	 NaN 	 NaN 	 0 	 0 	 0 	 NaN 	 NaN 	 NaN 	 NaN 	 0 	 0 	 NaN 	 NaN 	 30.2653 	 -1.15764 	 6.67313 	 0.0925987 	 72.0651 	 0 	 0 	 NaN 	 NaN 	 0 	 0 	 0 	 NaN 	 NaN 	 NaN 	 NaN 	 0 	 0 	 NaN 	 NaN 	  Tumour 
74 	 921.608 	 892.918 	 869.605 	 46.1736 	 3821 	 95.6657 	 54.7363 	 0.82014 	 0.886955 	 284.794 	 2047.41 	 660.205 	 0.322458 	 1123.52 	 1894.54 	 5347 	 0.819589 	 365.539 	 290.26 	 325.869 	 243.296 	 0.648256 	 295.543 	 339.964 	 84.1556 	 0.25825 	 0 	 0 	 NaN 	 NaN 	 0 	 0 	 0 	 NaN 	 NaN 	 NaN 	 NaN 	 0 	 0 	 NaN 	 NaN 	 21.2572 	 -5.08284 	 6.74571 	 0.106978 	 63.0571 	 0 	 0 	 NaN 	 NaN 	 0 	 0 	 0 	 NaN 	 NaN 	 NaN 	 NaN 	 0 	 0 	 NaN 	 NaN 	  Tumour 
75 	 907.917 	 848.767 	 1076.26 	 46.1736 	 1024 	 42.1202 	 31.2111 	 0.671503 	 0.949027 	 126.468 	 882.544 	 131.04 	 0.14848 	 371.206 	 729.675 	 5408 	 0.913205 	 333.539 	 247.826 	 274.769 	 192.196 	 0.410256 	 238.641 	 282.935 	 49.9709 	 0.181865 	 0 	 0 	 NaN 	 NaN 	 0 	 0 	 0 	 NaN 	 NaN 	 NaN 	 NaN 	 0 	 0 	 NaN 	 NaN 	 22.5068 	 -4.98444 	 7.96017 	 0.123785 	 64.3066 	 0 	 0 	 NaN 	 NaN 	 0 	 0 	 0 	 NaN 	 NaN 	 NaN 	 NaN 	 0 	 0 	 NaN 	 NaN 	  Other 
76 	 953.265 	 376.746 	 952.433 	 266.588 	 5995 	 120.164 	 64.464 	 0.843922 	 0.962588 	 325.99 	 1589.92 	 352.313 	 0.221591 	 1176.24 	 1437.06 	 7879 	 0.807357 	 512.593 	 239.224 	 261.538 	 178.965 	 0.622881 	 270.245 	 256.283 	 45.0549 	 0.172269 	 45 	 45 	 240.311 	 -10.0463 	 1 	 0 	 0 	 NaN 	 NaN 	 NaN 	 NaN 	 45 	 45 	 45 	 0 	 22.6764 	 -3.02548 	 6.40861 	 0.0993949 	 64.4762 	 45 	 45 	 82.8667 	 19.5084 	 1 	 0 	 0 	 NaN 	 NaN 	 NaN 	 NaN 	 45 	 45 	 45 	 0 	  Tumour 
77 	 948.629 	 620.384 	 887.717 	 179.078 	 6180 	 109.158 	 72.6339 	 0.746486 	 0.985175 	 305.12 	 1393.66 	 341.924 	 0.245342 	 947.288 	 1240.79 	 7930 	 0.934811 	 404.551 	 294.764 	 313.34 	 230.767 	 0.296496 	 335.109 	 309.69 	 53.0469 	 0.169295 	 90 	 383 	 272.289 	 21.9315 	 2 	 1765.01 	 0.285601 	 46.1736 	 46.1736 	 46.1736 	 0 	 45 	 45 	 45 	 0 	 38.8871 	 -4.18604 	 12.4088 	 0.153789 	 80.6869 	 125 	 856 	 84.552 	 21.1937 	 3 	 1129.94 	 0.182838 	 65.751 	 32.8388 	 44.686 	 16.3591 	 45 	 35 	 41.6667 	 5.7735 	  Tumour 
78 	 941.588 	 435.968 	 921.805 	 222.576 	 3319 	 82.0977 	 53.4176 	 0.759371 	 0.903621 	 249.037 	 1443.42 	 466.105 	 0.322917 	 921.341 	 1290.55 	 4824 	 0.829436 	 346.853 	 241.29 	 264.267 	 181.694 	 0.826087 	 265.763 	 260.954 	 39.4423 	 0.149252 	 0 	 0 	 NaN 	 NaN 	 0 	 0 	 0 	 NaN 	 NaN 	 NaN 	 NaN 	 0 	 0 	 NaN 	 NaN 	 27.9745 	 -4.12041 	 8.85664 	 0.126933 	 69.7743 	 45 	 45 	 76.5111 	 13.1528 	 1 	 0 	 0 	 NaN 	 NaN 	 NaN 	 NaN 	 45 	 45 	 45 	 0 	  Tumour 
79 	 948.788 	 492.382 	 912.321 	 196.787 	 2608 	 76.9181 	 45.9379 	 0.80207 	 0.841562 	 226.51 	 1535.33 	 463.379 	 0.301812 	 1002.59 	 1382.46 	 3578 	 0.682304 	 346.267 	 282.59 	 295.62 	 213.047 	 0.847352 	 298.768 	 292.9 	 52.0521 	 0.176078 	 0 	 0 	 NaN 	 NaN 	 0 	 0 	 0 	 NaN 	 NaN 	 NaN 	 NaN 	 0 	 0 	 NaN 	 NaN 	 48.6914 	 8.64311 	 7.76841 	 0.0858472 	 90.4912 	 0 	 0 	 NaN 	 NaN 	 0 	 0 	 0 	 NaN 	 NaN 	 NaN 	 NaN 	 0 	 0 	 NaN 	 NaN 	  Tumour 
80 	 947.704 	 538.069 	 900.489 	 179.477 	 2649 	 62.6141 	 54.5893 	 0.489796 	 0.982567 	 195.882 	 1832.72 	 449.69 	 0.245367 	 1248.54 	 1679.85 	 3932 	 0.93619 	 267.983 	 286.142 	 317.861 	 235.288 	 0.768924 	 324.104 	 311.815 	 54.5017 	 0.171464 	 0 	 0 	 NaN 	 NaN 	 0 	 0 	 0 	 NaN 	 NaN 	 NaN 	 NaN 	 0 	 0 	 NaN 	 NaN 	 41.9008 	 0.321796 	 8.93522 	 0.106752 	 83.7006 	 45 	 45 	 79.8 	 16.4417 	 1 	 0 	 0 	 NaN 	 NaN 	 NaN 	 NaN 	 45 	 45 	 45 	 0 	  Tumour 
81 	 980.127 	 91.7392 	 826.073 	 235.614 	 2462 	 106.546 	 30.9367 	 0.956917 	 0.880229 	 254.652 	 1292.76 	 490.115 	 0.379125 	 966.771 	 1139.89 	 3817 	 0.873855 	 326.711 	 220.968 	 185.085 	 102.512 	 0 	 0 	 0 	 45.4782 	 0.245715 	 0 	 0 	 NaN 	 NaN 	 0 	 0 	 0 	 NaN 	 NaN 	 NaN 	 NaN 	 0 	 0 	 NaN 	 NaN 	 10.8427 	 5.76949 	 5.5547 	 0.105517 	 52.6426 	 0 	 0 	 NaN 	 NaN 	 0 	 0 	 0 	 NaN 	 NaN 	 NaN 	 NaN 	 0 	 0 	 NaN 	 NaN 	  Fib 
82 	 997.333 	 326.872 	 1012.25 	 200.122 	 3291 	 81.4579 	 54.4065 	 0.744242 	 0.875033 	 258.593 	 1652.35 	 515.037 	 0.3117 	 1098.69 	 1499.48 	 5643 	 0.931188 	 358.309 	 237.279 	 236.445 	 153.872 	 0.312883 	 282.284 	 226.338 	 85.6491 	 0.362237 	 45 	 45 	 221.044 	 -29.313 	 1 	 0 	 0 	 NaN 	 NaN 	 NaN 	 NaN 	 45 	 45 	 45 	 0 	 18.6709 	 2.03404 	 6.7752 	 0.112041 	 60.4707 	 45 	 45 	 82.0667 	 18.7084 	 1 	 0 	 0 	 NaN 	 NaN 	 NaN 	 NaN 	 45 	 45 	 45 	 0 	  Tumour 
83 	 966.922 	 34.1335 	 814.357 	 272.809 	 487 	 27.2647 	 22.9578 	 0.539426 	 0.968191 	 83.3553 	 1081.88 	 332.109 	 0.306973 	 810.832 	 929.012 	 999 	 0.956897 	 135.113 	 215.578 	 190.119 	 107.546 	 0 	 0 	 0 	 49.912 	 0.26253 	 0 	 0 	 NaN 	 NaN 	 0 	 0 	 0 	 NaN 	 NaN 	 NaN 	 NaN 	 0 	 0 	 NaN 	 NaN 	 11.3706 	 3.42498 	 8.26451 	 0.155434 	 53.1704 	 0 	 0 	 NaN 	 NaN 	 0 	 0 	 0 	 NaN 	 NaN 	 NaN 	 NaN 	 0 	 0 	 NaN 	 NaN 	  Other 
84 	 997.195 	 873.402 	 940.094 	 92.1792 	 2841 	 81.0891 	 45.2998 	 0.829409 	 0.953676 	 217.823 	 2662.1 	 609.418 	 0.228924 	 1535.93 	 2509.23 	 4119 	 0.8723 	 302.125 	 347.649 	 381.473 	 298.9 	 0.736655 	 371.338 	 379.191 	 72.7614 	 0.190738 	 0 	 0 	 NaN 	 NaN 	 0 	 0 	 0 	 NaN 	 NaN 	 NaN 	 NaN 	 0 	 0 	 NaN 	 NaN 	 31.399 	 0.313235 	 8.66982 	 0.118442 	 73.1989 	 90 	 163 	 93.4111 	 30.0528 	 2 	 100.948 	 0.0355326 	 14.8661 	 14.8661 	 14.8661 	 0 	 45 	 45 	 45 	 0 	  Tumour 
85 	 1006.49 	 808.066 	 941.321 	 106.231 	 4091 	 87.2008 	 60.1757 	 0.723732 	 0.976839 	 250.007 	 1676.07 	 389.008 	 0.232095 	 1005.97 	 1523.21 	 5223 	 0.917281 	 320.811 	 280.815 	 314.201 	 231.628 	 0.50165 	 350.743 	 304.164 	 61.2614 	 0.194975 	 0 	 0 	 NaN 	 NaN 	 0 	 0 	 0 	 NaN 	 NaN 	 NaN 	 NaN 	 0 	 0 	 NaN 	 NaN 	 53.7746 	 5.76004 	 13.4297 	 0.140516 	 95.5744 	 0 	 0 	 NaN 	 NaN 	 0 	 0 	 0 	 NaN 	 NaN 	 NaN 	 NaN 	 0 	 0 	 NaN 	 NaN 	  Tumour 
86 	 1024.21 	 558.145 	 971.173 	 251.149 	 3426 	 78.4422 	 55.717 	 0.703905 	 0.983635 	 226.208 	 1592.7 	 450.733 	 0.282999 	 1112.71 	 1439.83 	 4884 	 0.910175 	 322.61 	 305.764 	 354.211 	 271.638 	 0.685619 	 367.907 	 343.709 	 56.3725 	 0.15915 	 90 	 323 	 267.844 	 17.487 	 2 	 782.814 	 0.228492 	 34.4819 	 34.4819 	 34.4819 	 0 	 45 	 45 	 45 	 0 	 45.2148 	 -14.0833 	 7.34412 	 0.084401 	 87.0146 	 90 	 240 	 97.1222 	 33.764 	 2 	 424.124 	 0.123796 	 25.4951 	 25.4951 	 25.4951 	 0 	 45 	 45 	 45 	 0 	  Tumour 
87 	 1052.46 	 465.368 	 1018.8 	 291.596 	 1784 	 75.4386 	 31.1609 	 0.910703 	 0.946921 	 184.225 	 919.187 	 137.589 	 0.149686 	 552.469 	 766.318 	 7349 	 0.960654 	 358.25 	 223.781 	 217.354 	 134.782 	 0 	 0 	 214.616 	 47.5931 	 0.218966 	 0 	 0 	 NaN 	 NaN 	 0 	 0 	 0 	 NaN 	 NaN 	 NaN 	 NaN 	 0 	 0 	 NaN 	 NaN 	 29.046 	 3.40508 	 6.10474 	 0.0861694 	 70.8459 	 0 	 0 	 NaN 	 NaN 	 0 	 0 	 0 	 NaN 	 NaN 	 NaN 	 NaN 	 0 	 0 	 NaN 	 NaN 	  Tumour 
88 	 1052.06 	 859.783 	 992.682 	 144.42 	 1672 	 61.1095 	 39.5559 	 0.76224 	 0.770152 	 207.966 	 2373.91 	 586.506 	 0.247064 	 1078.49 	 2221.04 	 1748 	 0.873127 	 193.74 	 296.026 	 328.303 	 245.73 	 1.02247 	 325.484 	 326.723 	 55.4964 	 0.16904 	 0 	 0 	 NaN 	 NaN 	 0 	 0 	 0 	 NaN 	 NaN 	 NaN 	 NaN 	 0 	 0 	 NaN 	 NaN 	 35.3084 	 -13.2201 	 12.3762 	 0.160504 	 77.1083 	 37 	 39 	 78.5676 	 15.2093 	 1 	 0 	 0 	 NaN 	 NaN 	 NaN 	 NaN 	 37 	 37 	 37 	 0 	  Tumour 
89 	 1078.12 	 817.978 	 1013.91 	 172.803 	 4890 	 107.003 	 59.1084 	 0.833581 	 0.963927 	 294.149 	 1971.57 	 451.703 	 0.229108 	 1275.29 	 1818.7 	 6033 	 0.900045 	 369.095 	 257.183 	 284.222 	 201.649 	 0.880466 	 284.348 	 283.934 	 44.1435 	 0.155314 	 90 	 137 	 244.956 	 -5.40185 	 2 	 1048.12 	 0.21434 	 12.1655 	 12.1655 	 12.1655 	 0 	 45 	 45 	 45 	 0 	 50.0157 	 -4.42962 	 8.99592 	 0.0979781 	 91.8155 	 90 	 107 	 91.8778 	 28.5195 	 1 	 0 	 0 	 NaN 	 NaN 	 NaN 	 NaN 	 90 	 90 	 90 	 0 	  Tumour 
90 	 1093.11 	 898.966 	 1039 	 191.638 	 4586 	 105.894 	 55.5071 	 0.851611 	 0.970993 	 275.865 	 1773.99 	 554.79 	 0.312735 	 1225.81 	 1621.12 	 7099 	 0.902492 	 408.368 	 313.87 	 359.557 	 276.984 	 0.479275 	 360.924 	 357.668 	 89.7018 	 0.249479 	 0 	 0 	 NaN 	 NaN 	 0 	 0 	 0 	 NaN 	 NaN 	 NaN 	 NaN 	 0 	 0 	 NaN 	 NaN 	 20.3565 	 -4.14973 	 8.02943 	 0.129181 	 62.1563 	 85 	 282 	 73.8 	 10.4417 	 2 	 651.956 	 0.142162 	 29.6924 	 29.6924 	 29.6924 	 0 	 45 	 40 	 42.5 	 3.53553 	  Tumour 
91 	 1087.29 	 600.076 	 1027.13 	 283.551 	 3817 	 74.1752 	 65.7793 	 0.462133 	 0.975965 	 238.693 	 1725.09 	 501.329 	 0.290609 	 1247.56 	 1572.23 	 5344 	 0.892899 	 339.681 	 305.908 	 359.287 	 276.714 	 0.573248 	 368.089 	 351.781 	 66.707 	 0.185665 	 0 	 0 	 NaN 	 NaN 	 0 	 0 	 0 	 NaN 	 NaN 	 NaN 	 NaN 	 0 	 0 	 NaN 	 NaN 	 31.7679 	 -9.81436 	 8.01608 	 0.108962 	 73.5677 	 45 	 45 	 94.0222 	 30.664 	 1 	 0 	 0 	 NaN 	 NaN 	 NaN 	 NaN 	 45 	 45 	 45 	 0 	  Tumour 
92 	 1101.77 	 541.874 	 1050.77 	 307.093 	 3192 	 78.4772 	 54.0307 	 0.725247 	 0.908625 	 233.865 	 1592.26 	 507.006 	 0.31842 	 1073.97 	 1439.39 	 3947 	 0.869383 	 294.468 	 297.307 	 317.36 	 234.787 	 0.650909 	 327.966 	 309.725 	 54.2621 	 0.17098 	 0 	 0 	 NaN 	 NaN 	 0 	 0 	 0 	 NaN 	 NaN 	 NaN 	 NaN 	 0 	 0 	 NaN 	 NaN 	 42.4273 	 1.98308 	 13.5873 	 0.161317 	 84.2271 	 45 	 45 	 91.7111 	 28.3528 	 1 	 0 	 0 	 NaN 	 NaN 	 NaN 	 NaN 	 45 	 45 	 45 	 0 	  Tumour 
93 	 1092.47 	 656.938 	 1026.53 	 253.103 	 1251 	 47.5524 	 34.544 	 0.687228 	 0.944151 	 143.64 	 929.867 	 120.305 	 0.129378 	 510.208 	 776.998 	 2546 	 0.858395 	 240.569 	 276.331 	 299.991 	 217.418 	 0.473214 	 312.953 	 294.134 	 49.6356 	 0.165457 	 45 	 45 	 216.956 	 -33.4018 	 1 	 0 	 0 	 NaN 	 NaN 	 NaN 	 NaN 	 45 	 45 	 45 	 0 	 29.3329 	 -3.02825 	 6.66549 	 0.093705 	 71.1327 	 0 	 0 	 NaN 	 NaN 	 0 	 0 	 0 	 NaN 	 NaN 	 NaN 	 NaN 	 0 	 0 	 NaN 	 NaN 	  Tumour 
94 	 1118.47 	 796.348 	 1052.14 	 213.79 	 2903 	 94.9531 	 42.7048 	 0.893156 	 0.852069 	 247.321 	 1490.42 	 468.856 	 0.314579 	 999.317 	 1337.55 	 4784 	 0.803899 	 370.894 	 273.906 	 288.87 	 206.297 	 0.625369 	 276.137 	 293.515 	 45.6319 	 0.157967 	 77 	 81 	 240.909 	 -9.44831 	 1 	 0 	 0 	 NaN 	 NaN 	 NaN 	 NaN 	 77 	 77 	 77 	 0 	 44.2828 	 -4.93623 	 9.19874 	 0.106859 	 86.0827 	 0 	 0 	 NaN 	 NaN 	 0 	 0 	 0 	 NaN 	 NaN 	 NaN 	 NaN 	 0 	 0 	 NaN 	 NaN 	  Tumour 
95 	 1119.32 	 158.53 	 968.147 	 207.625 	 402 	 31.6088 	 16.5949 	 0.851097 	 0.959427 	 82.0833 	 1231.43 	 461.978 	 0.375157 	 872.067 	 1078.56 	 727 	 0.843387 	 135.841 	 269.535 	 258.537 	 175.964 	 0.268293 	 396.939 	 229.263 	 101.664 	 0.393228 	 0 	 0 	 NaN 	 NaN 	 0 	 0 	 0 	 NaN 	 NaN 	 NaN 	 NaN 	 0 	 0 	 NaN 	 NaN 	 15.7549 	 9.70188 	 12.9333 	 0.224713 	 57.5547 	 0 	 0 	 NaN 	 NaN 	 0 	 0 	 0 	 NaN 	 NaN 	 NaN 	 NaN 	 0 	 0 	 NaN 	 NaN 	  Other 
96 	 1151.45 	 509.576 	 1104.92 	 298.424 	 2938 	 77.5188 	 48.7549 	 0.777451 	 0.962963 	 219.137 	 1399.04 	 328.111 	 0.234526 	 928.212 	 1246.17 	 3915 	 0.840489 	 311.539 	 242.503 	 269.507 	 186.934 	 0.893103 	 276.9 	 263.322 	 42.3648 	 0.157194 	 0 	 0 	 NaN 	 NaN 	 0 	 0 	 0 	 NaN 	 NaN 	 NaN 	 NaN 	 0 	 0 	 NaN 	 NaN 	 24.9248 	 -1.4836 	 5.98933 	 0.0897619 	 66.7246 	 0 	 0 	 NaN 	 NaN 	 0 	 0 	 0 	 NaN 	 NaN 	 NaN 	 NaN 	 0 	 0 	 NaN 	 NaN 	  Tumour 
97 	 1138.95 	 695.256 	 1071.54 	 196.163 	 3274 	 66.4893 	 63.0384 	 0.317976 	 0.98024 	 217.966 	 1490.33 	 427.506 	 0.286853 	 1044.12 	 1337.46 	 6421 	 0.868055 	 395.723 	 260.629 	 288.733 	 206.16 	 0.429752 	 302.615 	 284.556 	 81.4363 	 0.282047 	 0 	 0 	 NaN 	 NaN 	 0 	 0 	 0 	 NaN 	 NaN 	 NaN 	 NaN 	 0 	 0 	 NaN 	 NaN 	 22.052 	 -7.41899 	 8.03869 	 0.125896 	 63.8519 	 0 	 0 	 NaN 	 NaN 	 0 	 0 	 0 	 NaN 	 NaN 	 NaN 	 NaN 	 0 	 0 	 NaN 	 NaN 	  Tumour 
98 	 1140 	 186.797 	 991.681 	 200.122 	 1076 	 49.3725 	 28.1574 	 0.821433 	 0.959002 	 133.296 	 1420.38 	 590.016 	 0.415394 	 1042.64 	 1267.51 	 1780 	 0.969499 	 179.598 	 344.428 	 304.208 	 221.635 	 0.196429 	 393.061 	 295.399 	 97.8814 	 0.321758 	 0 	 0 	 NaN 	 NaN 	 0 	 0 	 0 	 NaN 	 NaN 	 NaN 	 NaN 	 0 	 0 	 NaN 	 NaN 	 24.2903 	 7.82348 	 9.35821 	 0.141598 	 66.0901 	 0 	 0 	 NaN 	 NaN 	 0 	 0 	 0 	 NaN 	 NaN 	 NaN 	 NaN 	 0 	 0 	 NaN 	 NaN 	  Other 
99 	 1160.64 	 454.013 	 1127.06 	 267.825 	 3103 	 80.6109 	 49.5156 	 0.789108 	 0.944597 	 226.066 	 1440.81 	 467.549 	 0.324504 	 905.483 	 1287.94 	 4331 	 0.918363 	 309.095 	 281.547 	 263.541 	 180.968 	 0.424028 	 293.042 	 252.21 	 55.2457 	 0.209629 	 45 	 45 	 266.289 	 15.9315 	 1 	 0 	 0 	 NaN 	 NaN 	 NaN 	 NaN 	 45 	 45 	 45 	 0 	 35.6236 	 6.70545 	 9.49386 	 0.122622 	 77.4235 	 45 	 45 	 75.3778 	 12.0195 	 1 	 0 	 0 	 NaN 	 NaN 	 NaN 	 NaN 	 45 	 45 	 45 	 0 	  Tumour 
100 	 1173.13 	 793.764 	 1106.91 	 159.891 	 2919 	 78.5807 	 47.7209 	 0.794484 	 0.955796 	 222.794 	 1194.33 	 242.029 	 0.202649 	 711.695 	 1041.46 	 4229 	 0.810775 	 349.924 	 258.317 	 276.337 	 193.765 	 0.786378 	 284.862 	 271.83 	 33.4826 	 0.121165 	 0 	 0 	 NaN 	 NaN 	 0 	 0 	 0 	 NaN 	 NaN 	 NaN 	 NaN 	 0 	 0 	 NaN 	 NaN 	 58.0638 	 12.1663 	 10.6046 	 0.106191 	 99.8637 	 0 	 0 	 NaN 	 NaN 	 0 	 0 	 0 	 NaN 	 NaN 	 NaN 	 NaN 	 0 	 0 	 NaN 	 NaN 	  Tumour 
101 	 1191.18 	 750.183 	 1123.2 	 136.004 	 2259 	 62.1909 	 46.7006 	 0.660388 	 0.963326 	 185.539 	 1500.37 	 350.607 	 0.233681 	 1041.54 	 1347.5 	 4530 	 0.881494 	 324.024 	 238.634 	 288.11 	 205.537 	 0.776667 	 294.94 	 277.307 	 101.151 	 0.351084 	 0 	 0 	 NaN 	 NaN 	 0 	 0 	 0 	 NaN 	 NaN 	 NaN 	 NaN 	 0 	 0 	 NaN 	 NaN 	 28.642 	 4.8109 	 10.3009 	 0.146232 	 70.4418 	 90 	 113 	 82.5667 	 19.2084 	 2 	 220.101 	 0.097433 	 8.544 	 8.544 	 8.544 	 0 	 45 	 45 	 45 	 0 	  Tumour 
102 	 1207.76 	 887.873 	 1151.03 	 181.466 	 2763 	 72.1521 	 50.4697 	 0.714642 	 0.970495 	 214.752 	 1535.15 	 370.579 	 0.241396 	 1073.77 	 1382.28 	 5809 	 0.914371 	 345.439 	 354.403 	 378.536 	 295.963 	 0.464174 	 351.289 	 388.913 	 83.5667 	 0.220763 	 45 	 45 	 293.889 	 43.5315 	 1 	 0 	 0 	 NaN 	 NaN 	 NaN 	 NaN 	 45 	 45 	 45 	 0 	 30.0062 	 -11.1298 	 8.62053 	 0.120053 	 71.806 	 0 	 0 	 NaN 	 NaN 	 0 	 0 	 0 	 NaN 	 NaN 	 NaN 	 NaN 	 0 	 0 	 NaN 	 NaN 	  Tumour 
103 	 1207.75 	 546.639 	 1154.44 	 236.172 	 2272 	 55.2169 	 52.5849 	 0.305058 	 0.978467 	 180.167 	 1288.94 	 386.312 	 0.299714 	 807.243 	 1136.07 	 4310 	 0.850099 	 321.681 	 285.977 	 296.547 	 213.974 	 0.668919 	 303.793 	 291.16 	 48.4434 	 0.163358 	 45 	 45 	 268.556 	 18.1982 	 1 	 0 	 0 	 NaN 	 NaN 	 NaN 	 NaN 	 45 	 45 	 45 	 0 	 47.5532 	 17.3281 	 10.8889 	 0.121864 	 89.353 	 45 	 45 	 82.8222 	 19.464 	 1 	 0 	 0 	 NaN 	 NaN 	 NaN 	 NaN 	 45 	 45 	 45 	 0 	  Tumour 
104 	 1229.1 	 496.933 	 1183.95 	 272.25 	 2193 	 62.7337 	 45.3764 	 0.690515 	 0.93758 	 190.409 	 1300.18 	 337.224 	 0.259368 	 846.621 	 1147.31 	 2935 	 0.858689 	 274.125 	 293.843 	 318.672 	 236.099 	 0.909091 	 319.543 	 314.744 	 58.6741 	 0.184121 	 45 	 45 	 287.311 	 36.9537 	 1 	 0 	 0 	 NaN 	 NaN 	 NaN 	 NaN 	 45 	 45 	 45 	 0 	 34.4309 	 -1.25449 	 6.80078 	 0.0892131 	 76.2307 	 0 	 0 	 NaN 	 NaN 	 0 	 0 	 0 	 NaN 	 NaN 	 NaN 	 NaN 	 0 	 0 	 NaN 	 NaN 	  Tumour 
105 	 1239.77 	 451.489 	 1204.52 	 282.305 	 2244 	 66.1619 	 43.4026 	 0.754756 	 0.968076 	 187.48 	 1118.63 	 269.467 	 0.24089 	 741.652 	 965.764 	 5439 	 0.870519 	 378.995 	 296.857 	 324.163 	 241.59 	 0.317143 	 301.919 	 330.255 	 73.5121 	 0.226775 	 0 	 0 	 NaN 	 NaN 	 0 	 0 	 0 	 NaN 	 NaN 	 NaN 	 NaN 	 0 	 0 	 NaN 	 NaN 	 25.4649 	 -3.54482 	 8.47994 	 0.126068 	 67.2647 	 0 	 0 	 NaN 	 NaN 	 0 	 0 	 0 	 NaN 	 NaN 	 NaN 	 NaN 	 0 	 0 	 NaN 	 NaN 	  Tumour 
106 	 1251.73 	 749.7 	 1184.19 	 75.0067 	 2887 	 74.5296 	 51.5235 	 0.722553 	 0.912741 	 231.581 	 1511.76 	 417.39 	 0.276096 	 982.001 	 1358.89 	 4234 	 0.871552 	 321.439 	 241.5 	 267.114 	 184.542 	 0.872054 	 262.68 	 271.179 	 53.428 	 0.200019 	 90 	 299 	 241.367 	 -8.99073 	 2 	 785.584 	 0.272111 	 31.9531 	 31.9531 	 31.9531 	 0 	 45 	 45 	 45 	 0 	 18.5791 	 -2.59322 	 5.64144 	 0.0934339 	 60.3789 	 90 	 128 	 83.6333 	 20.2751 	 2 	 992.755 	 0.343871 	 10.2956 	 10.2956 	 10.2956 	 0 	 45 	 45 	 45 	 0 	  Tumour 
107 	 1254.91 	 804.915 	 1189.43 	 90 	 3077 	 71.077 	 55.9557 	 0.616629 	 0.965485 	 218.894 	 1473.58 	 466.761 	 0.316752 	 943.563 	 1320.71 	 4049 	 0.925063 	 280.853 	 256.747 	 275.09 	 192.517 	 0.890625 	 273.434 	 273.236 	 35.3924 	 0.128658 	 0 	 0 	 NaN 	 NaN 	 0 	 0 	 0 	 NaN 	 NaN 	 NaN 	 NaN 	 0 	 0 	 NaN 	 NaN 	 27.2635 	 -6.93305 	 9.90368 	 0.1434 	 69.0634 	 0 	 0 	 NaN 	 NaN 	 0 	 0 	 0 	 NaN 	 NaN 	 NaN 	 NaN 	 0 	 0 	 NaN 	 NaN 	  Tumour 
108 	 1270.28 	 887.718 	 1212.47 	 148.385 	 5217 	 102.452 	 67.3235 	 0.753782 	 0.959537 	 300.635 	 1657.55 	 568.384 	 0.342907 	 1170.55 	 1504.68 	 7815 	 0.771319 	 492.936 	 285.921 	 342.101 	 259.528 	 0.84141 	 327.021 	 352.742 	 89.4948 	 0.261603 	 45 	 45 	 301.467 	 51.1093 	 1 	 0 	 0 	 NaN 	 NaN 	 NaN 	 NaN 	 45 	 45 	 45 	 0 	 25.5111 	 -6.7109 	 9.22077 	 0.136988 	 67.3109 	 45 	 45 	 91.7111 	 28.3528 	 1 	 0 	 0 	 NaN 	 NaN 	 NaN 	 NaN 	 45 	 45 	 45 	 0 	  Tumour 
109 	 1267.22 	 662.937 	 1200.82 	 106.508 	 5211 	 87.0572 	 78.4557 	 0.433409 	 0.942144 	 293.22 	 1702.67 	 632.506 	 0.37148 	 1233.05 	 1549.8 	 10005 	 0.868188 	 501.421 	 258.311 	 300.48 	 217.908 	 0.621739 	 277.486 	 312.546 	 99.6178 	 0.331529 	 45 	 45 	 213.356 	 -37.0018 	 1 	 0 	 0 	 NaN 	 NaN 	 NaN 	 NaN 	 45 	 45 	 45 	 0 	 19.8146 	 -1.19754 	 7.00658 	 0.113717 	 61.6145 	 90 	 278 	 84.5333 	 21.1751 	 2 	 1516.75 	 0.291067 	 29.1548 	 29.1548 	 29.1548 	 0 	 45 	 45 	 45 	 0 	  Tumour 
110 	 1276.81 	 531.463 	 1225.11 	 225.61 	 2956 	 77.0769 	 49.0736 	 0.771126 	 0.97719 	 211.095 	 1742.5 	 529.557 	 0.303906 	 1274.8 	 1589.64 	 3718 	 0.859256 	 301.539 	 296.279 	 323.646 	 241.074 	 0.760714 	 319.469 	 325.514 	 69.6173 	 0.215103 	 0 	 0 	 NaN 	 NaN 	 0 	 0 	 0 	 NaN 	 NaN 	 NaN 	 NaN 	 0 	 0 	 NaN 	 NaN 	 26.4163 	 -10.1838 	 11.7042 	 0.171575 	 68.2162 	 45 	 45 	 89.1333 	 25.7751 	 1 	 0 	 0 	 NaN 	 NaN 	 NaN 	 NaN 	 45 	 45 	 45 	 0 	  Tumour 
111 	 1268.6 	 578.519 	 1210.33 	 181.516 	 2172 	 58.977 	 47.7832 	 0.586153 	 0.981917 	 175.64 	 1222.52 	 307.585 	 0.251599 	 737.255 	 1069.65 	 5666 	 0.840279 	 396.652 	 238.382 	 264.743 	 182.17 	 0.762295 	 264.509 	 264.501 	 43.4946 	 0.16429 	 0 	 0 	 NaN 	 NaN 	 0 	 0 	 0 	 NaN 	 NaN 	 NaN 	 NaN 	 0 	 0 	 NaN 	 NaN 	 18.1712 	 -3.31896 	 5.24908 	 0.0875269 	 59.971 	 45 	 45 	 72.1111 	 8.75284 	 1 	 0 	 0 	 NaN 	 NaN 	 NaN 	 NaN 	 45 	 45 	 45 	 0 	  Tumour 
112 	 1309.16 	 772.045 	 1241.74 	 27.6586 	 1431 	 59.9995 	 31.3993 	 0.852133 	 0.924419 	 164.125 	 1123.48 	 169.565 	 0.150928 	 496.717 	 970.614 	 2147 	 0.952106 	 202.652 	 290.816 	 319.147 	 236.574 	 0.353261 	 333.477 	 314.614 	 65.9889 	 0.206767 	 0 	 0 	 NaN 	 NaN 	 0 	 0 	 0 	 NaN 	 NaN 	 NaN 	 NaN 	 0 	 0 	 NaN 	 NaN 	 43.6439 	 2.06949 	 9.3194 	 0.109071 	 85.4437 	 0 	 0 	 NaN 	 NaN 	 0 	 0 	 0 	 NaN 	 NaN 	 NaN 	 NaN 	 0 	 0 	 NaN 	 NaN 	  Tumour 
113 	 1317.68 	 627.02 	 1254.15 	 124.326 	 2421 	 62.1691 	 52.0561 	 0.546697 	 0.94386 	 199.037 	 1794.89 	 621.969 	 0.346522 	 1316.15 	 1642.02 	 3692 	 0.862617 	 298.853 	 305.606 	 328.602 	 246.029 	 0.718978 	 293.777 	 349.728 	 88.4666 	 0.269221 	 0 	 0 	 NaN 	 NaN 	 0 	 0 	 0 	 NaN 	 NaN 	 NaN 	 NaN 	 0 	 0 	 NaN 	 NaN 	 26.6355 	 -0.853899 	 8.74584 	 0.127797 	 68.4354 	 0 	 0 	 NaN 	 NaN 	 0 	 0 	 0 	 NaN 	 NaN 	 NaN 	 NaN 	 0 	 0 	 NaN 	 NaN 	  Tumour 
114 	 1340.33 	 853.571 	 1278.13 	 103.817 	 6650 	 116.321 	 73.7199 	 0.773528 	 0.96321 	 337.362 	 1365.86 	 405.577 	 0.29694 	 854.395 	 1212.99 	 11317 	 0.86087 	 537.723 	 269.085 	 312.394 	 229.821 	 0.477228 	 290.871 	 318.202 	 57.9604 	 0.185536 	 45 	 45 	 281.956 	 31.5982 	 1 	 0 	 0 	 NaN 	 NaN 	 NaN 	 NaN 	 45 	 45 	 45 	 0 	 29.8072 	 -6.9051 	 9.88881 	 0.138098 	 71.6071 	 89 	 157 	 75.9438 	 12.5856 	 2 	 3418.05 	 0.513992 	 13.8566 	 13.8566 	 13.8566 	 0 	 45 	 44 	 44.5 	 0.707107 	  Tumour 
115 	 1316.81 	 946.57 	 1267.88 	 196.255 	 1659 	 60.2551 	 36.7317 	 0.792707 	 0.925265 	 175.924 	 1109.62 	 342.278 	 0.308465 	 720.254 	 956.75 	 3347 	 0.921024 	 257.054 	 398.873 	 401.126 	 318.553 	 0.352941 	 452.202 	 391.446 	 72.5733 	 0.180924 	 0 	 0 	 0 	 -250.357 	 0 	 0 	 0 	 NaN 	 NaN 	 NaN 	 NaN 	 0 	 0 	 NaN 	 NaN 	 50.4232 	 8.15937 	 23.4613 	 0.254398 	 92.223 	 0 	 0 	 NaN 	 NaN 	 0 	 0 	 0 	 NaN 	 NaN 	 NaN 	 NaN 	 0 	 0 	 NaN 	 NaN 	  Tumour 
116 	 1335.17 	 568.031 	 1277.19 	 183.175 	 3189 	 76.4142 	 53.7614 	 0.710643 	 0.963735 	 223.137 	 1458.63 	 360.337 	 0.247039 	 1045.39 	 1305.76 	 5303 	 0.838021 	 355.539 	 284.179 	 323.195 	 240.622 	 0.473054 	 292.924 	 325.613 	 66.509 	 0.205786 	 0 	 0 	 0 	 -250.357 	 0 	 0 	 0 	 NaN 	 NaN 	 NaN 	 NaN 	 0 	 0 	 NaN 	 NaN 	 23.9891 	 -7.52329 	 9.67711 	 0.147093 	 65.789 	 67 	 298 	 86.4776 	 23.1193 	 2 	 444.515 	 0.13939 	 34.6327 	 34.6327 	 34.6327 	 0 	 45 	 22 	 33.5 	 16.2635 	  Tumour 
117 	 1327.38 	 750.785 	 1350.86 	 27.6586 	 404 	 32.8026 	 15.9624 	 0.873613 	 0.948357 	 82.7696 	 1025.6 	 288.473 	 0.281273 	 635.483 	 872.73 	 1319 	 0.912803 	 169.882 	 368.178 	 372.553 	 289.98 	 0.253333 	 348.816 	 374.271 	 24.0152 	 0.0644612 	 0 	 0 	 0 	 -250.357 	 0 	 0 	 0 	 NaN 	 NaN 	 NaN 	 NaN 	 0 	 0 	 NaN 	 NaN 	 55.7299 	 14.8079 	 10.1647 	 0.104222 	 97.5297 	 0 	 0 	 0 	 -63.3583 	 0 	 0 	 0 	 NaN 	 NaN 	 NaN 	 NaN 	 0 	 0 	 NaN 	 NaN 	  Other 
