rownames 	XLoc 	YLoc 	NNDistSame 	NNDistOpp 	dapi_Area 	dapi_MajorAxisLength 	dapi_MinorAxisLength 	dapi_Eccentricity 	dapi_Solidity 	dapi_Perimeter 	dapi_MeanIntensity 	dapi_PixelSD 	dapi_PixelCV 	dapi_NucAdjustedInt 	dapi_BackAdjustedInt 	memb_Area 	memb_Solidity 	memb_Perimeter 	memb_MeanIntensity 	memb_MembraneIntensity 	memb_temp 	memb_pcTouch 	memb_OverLapIntensity 	memb_nonLapIntensity 	memb_PixelSD 	memb_PixelCV 	cent_Area 	cent_ConvexArea 	cent_MeanIntensity 	cent_BackAdjustedInt 	cent_CN 	cent_AreaSD 	cent_CoeffVar 	cent_MaxSpotDist 	cent_MinSpotDist 	cent_MeanSpotDist 	cent_SDSpotDist 	cent_SpotAreaMax 	cent_SpotAreaMin 	cent_SpotAreaMean 	cent_SpotAreaSD 	nucl_BackgroundAdjust 	nucl_NuclearAdjustedInt 	nucl_PixelSD 	nucl_PixelCV 	nucl_MeanIntensity 	Her2_Area 	Her2_ConvexArea 	Her2_MeanIntensity 	Her2_BackAdjustedInt 	Her2_CN 	Her2_AreaSD 	Her2_CoeffVar 	Her2_MaxSpotDist 	Her2_MinSpotDist 	Her2_MeanSpotDist 	Her2_SDSpotDist 	Her2_SpotAreaMax 	Her2_SpotAreaMin 	Her2_SpotAreaMean 	Her2_SpotAreaSD 	CellLabels 	
1 	 64.9279 	 142.381 	 127.098 	 190.801 	 2815 	 92.2143 	 40.1614 	 0.900178 	 0.957157 	 236.652 	 1193.05 	 345.456 	 0.289558 	 744.486 	 1099.7 	 3726 	 0.968547 	 256.995 	 460.262 	 497.825 	 385.923 	 0 	 0 	 0 	 325.849 	 0.654546 	 0 	 0 	 NaN 	 NaN 	 0 	 0 	 0 	 NaN 	 NaN 	 NaN 	 NaN 	 0 	 0 	 NaN 	 NaN 	 33.649 	 -17.7525 	 9.92049 	 0.119535 	 82.9925 	 0 	 0 	 NaN 	 NaN 	 0 	 0 	 0 	 NaN 	 NaN 	 NaN 	 NaN 	 0 	 0 	 NaN 	 NaN 	  Lymph 
2 	 92.0079 	 616.828 	 105.849 	 243.516 	 8399 	 148.931 	 72.6347 	 0.873008 	 0.97822 	 386.718 	 1289.86 	 358.86 	 0.278216 	 351.14 	 1196.51 	 10521 	 0.862306 	 486.174 	 1166.3 	 1743.53 	 1631.63 	 0.405276 	 1927.98 	 1682.63 	 727.124 	 0.417041 	 0 	 0 	 NaN 	 NaN 	 0 	 0 	 0 	 NaN 	 NaN 	 NaN 	 NaN 	 0 	 0 	 NaN 	 NaN 	 129.05 	 7.25987 	 24.8538 	 0.13932 	 178.393 	 270 	 336 	 221.681 	 128.603 	 1 	 0 	 0 	 NaN 	 NaN 	 NaN 	 NaN 	 270 	 270 	 270 	 0 	  Tumour 
3 	 97.9393 	 1927.38 	 218.836 	 110.018 	 9633 	 126.054 	 97.631 	 0.63255 	 0.985171 	 376.818 	 1115.24 	 304.625 	 0.273147 	 487.018 	 1021.9 	 16796 	 0.866264 	 638.139 	 729.857 	 1393.54 	 1281.63 	 0.11215 	 1971.67 	 1357.41 	 538.934 	 0.386738 	 46 	 47 	 244.609 	 44.3231 	 1 	 0 	 0 	 NaN 	 NaN 	 NaN 	 NaN 	 46 	 46 	 46 	 0 	 63.441 	 -29.6787 	 29.8496 	 0.26466 	 112.785 	 615 	 1900 	 170.195 	 77.1162 	 4 	 3070.46 	 0.318744 	 73.3646 	 12.5817 	 40.517 	 20.7721 	 242 	 34 	 123 	 78.3901 	  Tumour 
4 	 106.885 	 1523.3 	 200.861 	 231.353 	 3843 	 79.0397 	 66.1338 	 0.547638 	 0.900211 	 267.12 	 1063.94 	 263.552 	 0.247713 	 316.18 	 970.595 	 17183 	 0.902042 	 585.044 	 1088.51 	 1124.14 	 1012.23 	 0 	 0 	 0 	 534.275 	 0.475277 	 0 	 0 	 NaN 	 NaN 	 0 	 0 	 0 	 NaN 	 NaN 	 NaN 	 NaN 	 0 	 0 	 NaN 	 NaN 	 144.445 	 6.56186 	 24.8976 	 0.128478 	 193.788 	 69 	 69 	 139.087 	 46.0081 	 1 	 0 	 0 	 NaN 	 NaN 	 NaN 	 NaN 	 69 	 69 	 69 	 0 	  Lymph 
5 	 139.847 	 724.875 	 118.186 	 156.525 	 9119 	 151.112 	 78.4009 	 0.85488 	 0.97176 	 399.463 	 1232.21 	 332.489 	 0.269832 	 725.769 	 1138.86 	 18091 	 0.886206 	 656.725 	 870.397 	 1585.82 	 1473.92 	 0.355596 	 1581.4 	 1581.22 	 790.66 	 0.498582 	 82 	 285 	 354.537 	 154.251 	 2 	 3858.19 	 0.423093 	 32.1071 	 32.1071 	 32.1071 	 0 	 45 	 37 	 41 	 5.65685 	 89.9166 	 -54.6723 	 32.2358 	 0.231479 	 139.26 	 762 	 1043 	 318.409 	 225.331 	 1 	 0 	 0 	 NaN 	 NaN 	 NaN 	 NaN 	 762 	 762 	 762 	 0 	  Tumour 
6 	 132.171 	 519.367 	 105.849 	 255.705 	 4762 	 79.5734 	 77.0001 	 0.252258 	 0.971242 	 272.652 	 614.396 	 158.264 	 0.257592 	 -70.2631 	 521.05 	 12090 	 0.886494 	 515.227 	 893.767 	 1901.74 	 1789.84 	 0.299766 	 2323.13 	 1812.58 	 629.179 	 0.330844 	 30 	 30 	 212.967 	 12.6811 	 1 	 0 	 0 	 NaN 	 NaN 	 NaN 	 NaN 	 30 	 30 	 30 	 0 	 27.8826 	 -59.3209 	 14.0434 	 0.181848 	 77.2262 	 485 	 757 	 212.196 	 119.117 	 4 	 1938.85 	 0.407151 	 24.8926 	 6.08721 	 17.5697 	 6.21337 	 327 	 16 	 121.25 	 143.746 	  Tumour 
7 	 147.423 	 1209.97 	 1071.14 	 351.682 	 3538 	 77.6383 	 59.2344 	 0.646453 	 0.958029 	 234.652 	 1398.18 	 525.333 	 0.375725 	 965.039 	 1304.84 	 4356 	 0.953799 	 257.137 	 256.954 	 244.179 	 132.277 	 0.196429 	 370.455 	 230.99 	 98.0288 	 0.401464 	 0 	 0 	 NaN 	 NaN 	 0 	 0 	 0 	 NaN 	 NaN 	 NaN 	 NaN 	 0 	 0 	 NaN 	 NaN 	 34.0453 	 -13.4684 	 14.9096 	 0.178796 	 83.3889 	 0 	 0 	 NaN 	 NaN 	 0 	 0 	 0 	 NaN 	 NaN 	 NaN 	 NaN 	 0 	 0 	 NaN 	 NaN 	  Lymph 
8 	 148.291 	 2024.9 	 1884.83 	 110.018 	 1706 	 60.592 	 36.1296 	 0.802779 	 0.971526 	 164.024 	 1022.12 	 273.303 	 0.267389 	 530.683 	 928.772 	 3769 	 0.937329 	 256.392 	 1934.35 	 2375.5 	 2263.6 	 0.285714 	 1907.7 	 2401.64 	 725.877 	 0.305567 	 0 	 0 	 NaN 	 NaN 	 0 	 0 	 0 	 NaN 	 NaN 	 NaN 	 NaN 	 0 	 0 	 NaN 	 NaN 	 182.173 	 18.2322 	 51.4896 	 0.222401 	 231.517 	 0 	 0 	 NaN 	 NaN 	 0 	 0 	 0 	 NaN 	 NaN 	 NaN 	 NaN 	 0 	 0 	 NaN 	 NaN 	  Other 
9 	 191.674 	 137.2 	 127.098 	 81.3449 	 5812 	 132.055 	 56.8773 	 0.902491 	 0.94581 	 342.434 	 1660.7 	 653.813 	 0.393698 	 1261.5 	 1567.35 	 6801 	 0.924174 	 362.191 	 406.873 	 357.219 	 245.317 	 0.4 	 315.29 	 373.548 	 87.16 	 0.243996 	 62 	 63 	 320.952 	 120.666 	 1 	 0 	 0 	 NaN 	 NaN 	 NaN 	 NaN 	 62 	 62 	 62 	 0 	 40.1425 	 8.69597 	 12.9682 	 0.144918 	 89.4861 	 169 	 1018 	 122.604 	 29.5246 	 3 	 1372.67 	 0.236179 	 60.4648 	 17.2126 	 42.9037 	 20.3423 	 74 	 30 	 56.3333 	 23.2451 	  Fib 
10 	 194.459 	 69.687 	 147.733 	 137.084 	 6070 	 119.819 	 64.8404 	 0.840924 	 0.972756 	 320.735 	 1562.35 	 569.315 	 0.364398 	 1150.71 	 1469 	 7365 	 0.972406 	 341.907 	 342.328 	 320.342 	 208.44 	 0.171141 	 342.824 	 321.04 	 184.1 	 0.574696 	 45 	 45 	 259.667 	 59.3811 	 1 	 0 	 0 	 NaN 	 NaN 	 NaN 	 NaN 	 45 	 45 	 45 	 0 	 30.8678 	 -13.5245 	 13.1611 	 0.16408 	 80.2114 	 126 	 459 	 112.937 	 19.8576 	 2 	 511.778 	 0.0843127 	 40.8785 	 40.8785 	 40.8785 	 0 	 63 	 63 	 63 	 0 	  Lymph 
11 	 211.848 	 354.723 	 288.174 	 218.916 	 9931 	 115.922 	 109.561 	 0.326709 	 0.977268 	 407.404 	 777.232 	 228.312 	 0.29375 	 489.646 	 683.886 	 31047 	 0.972986 	 716.909 	 979.954 	 1721.36 	 1609.46 	 0.20398 	 2056.38 	 1687.92 	 603.979 	 0.350873 	 33 	 34 	 192.091 	 -8.19464 	 1 	 0 	 0 	 NaN 	 NaN 	 NaN 	 NaN 	 33 	 33 	 33 	 0 	 25.1714 	 -14.8924 	 9.90083 	 0.13287 	 74.515 	 570 	 1232 	 135.214 	 42.1351 	 2 	 3629.69 	 0.365491 	 34.0845 	 21.8893 	 26.6267 	 5.84677 	 448 	 55 	 190 	 223.515 	  Tumour 
12 	 219.239 	 1005.62 	 877.617 	 135.351 	 4941 	 97.3009 	 67.3083 	 0.722133 	 0.922 	 300.149 	 1760.14 	 714.598 	 0.405991 	 1415.58 	 1666.79 	 5784 	 0.94202 	 312.451 	 266.364 	 239.522 	 127.62 	 0.311594 	 272.547 	 233.944 	 60.8203 	 0.253924 	 0 	 0 	 NaN 	 NaN 	 0 	 0 	 0 	 NaN 	 NaN 	 NaN 	 NaN 	 0 	 0 	 NaN 	 NaN 	 23.1219 	 7.87929 	 10.8134 	 0.149222 	 72.4655 	 83 	 85 	 125.602 	 32.5235 	 1 	 0 	 0 	 NaN 	 NaN 	 NaN 	 NaN 	 83 	 83 	 83 	 0 	  Lymph 
13 	 242.734 	 266.735 	 381.184 	 139.646 	 8108 	 144.667 	 71.8496 	 0.867949 	 0.961233 	 385.889 	 1248.73 	 398.574 	 0.319183 	 859.4 	 1155.39 	 9521 	 0.875978 	 490.943 	 882.843 	 1266.92 	 1155.02 	 0.581509 	 1398.17 	 1199.16 	 717.104 	 0.566021 	 38 	 38 	 400.632 	 200.346 	 1 	 0 	 0 	 NaN 	 NaN 	 NaN 	 NaN 	 38 	 38 	 38 	 0 	 82.3079 	 -10.0441 	 34.5459 	 0.262404 	 131.651 	 362 	 430 	 337.461 	 244.382 	 1 	 0 	 0 	 NaN 	 NaN 	 NaN 	 NaN 	 362 	 362 	 362 	 0 	  Tumour 
14 	 220.021 	 1053.38 	 924.092 	 180.205 	 2377 	 84.1057 	 38.1585 	 0.891156 	 0.889929 	 232.794 	 1558.58 	 599.909 	 0.384907 	 1202.29 	 1465.24 	 3288 	 0.915622 	 253.966 	 292.108 	 248.341 	 136.439 	 0.390909 	 273.721 	 242.463 	 63.0302 	 0.253805 	 0 	 0 	 NaN 	 NaN 	 0 	 0 	 0 	 NaN 	 NaN 	 NaN 	 NaN 	 0 	 0 	 NaN 	 NaN 	 38.274 	 15.5242 	 10.4541 	 0.119315 	 87.6176 	 0 	 0 	 NaN 	 NaN 	 0 	 0 	 0 	 NaN 	 NaN 	 NaN 	 NaN 	 0 	 0 	 NaN 	 NaN 	  Lymph 
15 	 201.464 	 1231.44 	 1097.46 	 304.081 	 2147 	 57.2562 	 50.0909 	 0.484385 	 0.961487 	 183.338 	 1172.03 	 382.597 	 0.326441 	 858.218 	 1078.68 	 2948 	 0.964029 	 208.167 	 220.029 	 207.006 	 95.1036 	 0.244444 	 350.159 	 184.472 	 126.686 	 0.611994 	 31 	 32 	 163.258 	 -37.0275 	 1 	 0 	 0 	 NaN 	 NaN 	 NaN 	 NaN 	 31 	 31 	 31 	 0 	 19.3155 	 9.04491 	 11.495 	 0.167421 	 68.6591 	 45 	 47 	 83.4 	 -9.6789 	 1 	 0 	 0 	 NaN 	 NaN 	 NaN 	 NaN 	 45 	 45 	 45 	 0 	  Lymph 
16 	 248.086 	 196.429 	 448.973 	 81.3449 	 7274 	 143.917 	 66.0592 	 0.888431 	 0.926034 	 393.019 	 1087.92 	 237.677 	 0.218469 	 660.588 	 994.576 	 9096 	 0.90265 	 433.304 	 506.904 	 492.567 	 380.665 	 0.510753 	 532.268 	 477.009 	 230.541 	 0.468039 	 45 	 45 	 307.422 	 107.137 	 1 	 0 	 0 	 NaN 	 NaN 	 NaN 	 NaN 	 45 	 45 	 45 	 0 	 28.31 	 8.67019 	 7.46867 	 0.0961793 	 77.6536 	 77 	 78 	 119.61 	 26.5315 	 1 	 0 	 0 	 NaN 	 NaN 	 NaN 	 NaN 	 77 	 77 	 77 	 0 	  Tumour 
17 	 245.455 	 522.583 	 179.569 	 166.193 	 8415 	 139.024 	 77.7656 	 0.828921 	 0.965909 	 381.421 	 591.04 	 189.216 	 0.320141 	 326.877 	 497.695 	 14097 	 0.880072 	 557.813 	 1092.77 	 1728.29 	 1616.39 	 0.33617 	 1821.04 	 1700.79 	 559.953 	 0.323992 	 0 	 0 	 NaN 	 NaN 	 0 	 0 	 0 	 NaN 	 NaN 	 NaN 	 NaN 	 0 	 0 	 NaN 	 NaN 	 101.312 	 -35.5943 	 32.3493 	 0.214724 	 150.655 	 0 	 0 	 NaN 	 NaN 	 0 	 0 	 0 	 NaN 	 NaN 	 NaN 	 NaN 	 0 	 0 	 NaN 	 NaN 	  Tumour 
18 	 239.178 	 1713.26 	 1105.81 	 231.353 	 8498 	 115.149 	 95.4629 	 0.559194 	 0.976669 	 356.049 	 540.172 	 225.488 	 0.417437 	 285.413 	 446.826 	 23342 	 0.902071 	 695.37 	 954.643 	 1688.12 	 1576.22 	 0.124378 	 1821.01 	 1689.55 	 711.446 	 0.421442 	 83 	 213 	 178.048 	 -22.2374 	 2 	 2231.45 	 0.262585 	 23.2981 	 23.2981 	 23.2981 	 0 	 45 	 38 	 41.5 	 4.94975 	 38.5683 	 -25.2757 	 15.8101 	 0.179841 	 87.9119 	 344 	 362 	 466.308 	 373.229 	 1 	 0 	 0 	 NaN 	 NaN 	 NaN 	 NaN 	 344 	 344 	 344 	 0 	  Tumour 
19 	 246.08 	 608.329 	 154.263 	 113.464 	 5936 	 110.566 	 71.7322 	 0.760981 	 0.950825 	 322.735 	 1123.17 	 266.769 	 0.237514 	 749.387 	 1029.83 	 10789 	 0.880519 	 489.487 	 1162.25 	 1788.49 	 1676.58 	 0.333333 	 1763.7 	 1774.94 	 503.197 	 0.281354 	 0 	 0 	 NaN 	 NaN 	 0 	 0 	 0 	 NaN 	 NaN 	 NaN 	 NaN 	 0 	 0 	 NaN 	 NaN 	 110.199 	 -43.9203 	 32.6421 	 0.204598 	 159.543 	 0 	 0 	 NaN 	 NaN 	 0 	 0 	 0 	 NaN 	 NaN 	 NaN 	 NaN 	 0 	 0 	 NaN 	 NaN 	  Tumour 
20 	 262.785 	 878.095 	 312.029 	 127.004 	 7058 	 123.535 	 73.7538 	 0.80222 	 0.949549 	 360.919 	 1213.33 	 321.22 	 0.264742 	 879.87 	 1119.99 	 8539 	 0.96606 	 374.191 	 279.43 	 228.171 	 116.269 	 0 	 0 	 0 	 53.6497 	 0.23513 	 34 	 34 	 232.088 	 31.8027 	 1 	 0 	 0 	 NaN 	 NaN 	 NaN 	 NaN 	 34 	 34 	 34 	 0 	 29.5504 	 6.92178 	 9.16761 	 0.116202 	 78.894 	 204 	 1161 	 112.113 	 19.0338 	 4 	 1125.4 	 0.159451 	 39.9128 	 21.7757 	 29.8294 	 6.44302 	 66 	 32 	 51 	 17.1464 	  Tumour 
21 	 234.688 	 689.378 	 160.103 	 87.046 	 1117 	 44.6673 	 32.0659 	 0.696163 	 0.97046 	 127.983 	 1327.27 	 416.461 	 0.313773 	 1011.61 	 1233.92 	 1950 	 0.915493 	 185.681 	 1245.28 	 1426.33 	 1314.43 	 0.675 	 1296.4 	 1482.95 	 466.701 	 0.327204 	 0 	 0 	 NaN 	 NaN 	 0 	 0 	 0 	 NaN 	 NaN 	 NaN 	 NaN 	 0 	 0 	 NaN 	 NaN 	 116.602 	 -31.8937 	 33.2557 	 0.200401 	 165.945 	 0 	 0 	 NaN 	 NaN 	 0 	 0 	 0 	 NaN 	 NaN 	 NaN 	 NaN 	 0 	 0 	 NaN 	 NaN 	  Tumour 
22 	 293.665 	 753.482 	 652.504 	 87.046 	 4937 	 186.373 	 37.7959 	 0.979221 	 0.806436 	 405.487 	 984.437 	 340.734 	 0.346121 	 660.814 	 891.091 	 7947 	 0.721274 	 496.943 	 857.938 	 917.259 	 805.357 	 0.18705 	 1814.9 	 816.975 	 887.816 	 0.967901 	 0 	 0 	 NaN 	 NaN 	 0 	 0 	 0 	 NaN 	 NaN 	 NaN 	 NaN 	 0 	 0 	 NaN 	 NaN 	 45.541 	 8.54891 	 23.7285 	 0.250078 	 94.8845 	 87 	 90 	 120.034 	 26.9556 	 1 	 0 	 0 	 NaN 	 NaN 	 NaN 	 NaN 	 87 	 87 	 87 	 0 	  Fib 
23 	 281.011 	 1806.63 	 1204.92 	 255.368 	 4338 	 113.519 	 52.1006 	 0.888458 	 0.923175 	 313.421 	 2385.39 	 731.543 	 0.306676 	 1326.22 	 2292.05 	 7306 	 0.954534 	 364.718 	 1208.56 	 1502.25 	 1390.35 	 0.356436 	 1606.89 	 1460.77 	 498.079 	 0.331554 	 45 	 45 	 200.8 	 0.514448 	 1 	 0 	 0 	 NaN 	 NaN 	 NaN 	 NaN 	 45 	 45 	 45 	 0 	 98.7927 	 -34.9196 	 41.9515 	 0.283196 	 148.136 	 140 	 279 	 133.407 	 40.3282 	 2 	 310.601 	 0.0716001 	 22.243 	 22.243 	 22.243 	 0 	 70 	 70 	 70 	 0 	  Tumour 
24 	 291.731 	 1250.89 	 1131.99 	 239.52 	 3865 	 75.0675 	 66.2331 	 0.470662 	 0.97135 	 243.522 	 2302.09 	 1269.08 	 0.551274 	 1886.98 	 2208.74 	 4629 	 0.96659 	 263.48 	 237.46 	 190.129 	 78.2273 	 0.237069 	 237.418 	 184.469 	 51.4476 	 0.270593 	 0 	 0 	 NaN 	 NaN 	 0 	 0 	 0 	 NaN 	 NaN 	 NaN 	 NaN 	 0 	 0 	 NaN 	 NaN 	 21.6466 	 11.6363 	 8.03817 	 0.113229 	 70.9902 	 101 	 106 	 136.178 	 43.0993 	 1 	 0 	 0 	 NaN 	 NaN 	 NaN 	 NaN 	 101 	 101 	 101 	 0 	  Lymph 
25 	 296.16 	 1454.96 	 1333.17 	 94.2019 	 2988 	 99.7568 	 39.3739 	 0.918811 	 0.938737 	 245.907 	 1473.04 	 728.373 	 0.494468 	 1112.52 	 1379.7 	 14762 	 0.90804 	 559.571 	 689.357 	 986.127 	 874.225 	 0.12685 	 987.25 	 997.666 	 406.081 	 0.411794 	 30 	 30 	 246.833 	 46.5478 	 1 	 0 	 0 	 NaN 	 NaN 	 NaN 	 NaN 	 30 	 30 	 30 	 0 	 46.312 	 1.06662 	 20.5836 	 0.215185 	 95.6556 	 103 	 107 	 137.427 	 44.3483 	 1 	 0 	 0 	 NaN 	 NaN 	 NaN 	 NaN 	 103 	 103 	 103 	 0 	  Fib 
26 	 309.088 	 1180.96 	 1067.27 	 298.466 	 4987 	 90.5169 	 70.3806 	 0.628832 	 0.97593 	 273.078 	 2304.04 	 923.792 	 0.400945 	 1914.98 	 2210.69 	 6107 	 0.970752 	 296.936 	 264.023 	 195.651 	 83.7492 	 0.217054 	 227.321 	 191.091 	 44.5143 	 0.227519 	 45 	 45 	 212.844 	 12.5589 	 1 	 0 	 0 	 NaN 	 NaN 	 NaN 	 NaN 	 45 	 45 	 45 	 0 	 29.707 	 13.1042 	 7.99824 	 0.101179 	 79.0505 	 160 	 395 	 124.45 	 31.3711 	 3 	 898.602 	 0.180189 	 28.2042 	 12.0377 	 19.7628 	 7.25113 	 67 	 27 	 53.3333 	 22.8108 	  Lymph 
27 	 332.295 	 1877.61 	 1283.64 	 235.51 	 7434 	 106.636 	 90.4281 	 0.52999 	 0.928438 	 373.688 	 1215.51 	 385.94 	 0.317514 	 840.551 	 1122.16 	 20366 	 0.96769 	 603.428 	 847.297 	 1460.65 	 1348.75 	 0.236084 	 1646.49 	 1428.03 	 511.426 	 0.350136 	 0 	 0 	 NaN 	 NaN 	 0 	 0 	 0 	 NaN 	 NaN 	 NaN 	 NaN 	 0 	 0 	 NaN 	 NaN 	 79.7899 	 -18.163 	 18.2639 	 0.141434 	 129.133 	 0 	 0 	 NaN 	 NaN 	 0 	 0 	 0 	 NaN 	 NaN 	 NaN 	 NaN 	 0 	 0 	 NaN 	 NaN 	  Tumour 
28 	 344.725 	 1583.51 	 999.549 	 137.993 	 11932 	 151.871 	 100.483 	 0.749829 	 0.983191 	 439.73 	 1731.55 	 601.717 	 0.347503 	 1307.87 	 1638.2 	 16500 	 0.920297 	 621.169 	 949.321 	 1336.41 	 1224.51 	 0.141491 	 1464.88 	 1315.87 	 374.544 	 0.280261 	 90 	 150 	 322.078 	 121.792 	 2 	 1614.82 	 0.135335 	 13.0384 	 13.0384 	 13.0384 	 0 	 45 	 45 	 45 	 0 	 124.612 	 -37.3091 	 45.3732 	 0.260832 	 173.956 	 790 	 1353 	 242.501 	 149.422 	 5 	 4448.69 	 0.372837 	 37.2133 	 11.4057 	 22.3377 	 8.73215 	 322 	 80 	 158 	 95.1551 	  Tumour 
29 	 339.585 	 409.107 	 323.679 	 242.25 	 7563 	 113.015 	 85.3837 	 0.655138 	 0.984125 	 332.534 	 1535.47 	 420.082 	 0.273584 	 1190.97 	 1442.13 	 9919 	 0.926923 	 429.831 	 846.947 	 1323.08 	 1211.18 	 0.256267 	 1407.38 	 1334.24 	 350.989 	 0.265282 	 45 	 45 	 248.489 	 48.2033 	 1 	 0 	 0 	 NaN 	 NaN 	 NaN 	 NaN 	 45 	 45 	 45 	 0 	 72.9166 	 -85.9336 	 38.8923 	 0.318111 	 122.26 	 363 	 545 	 219.061 	 125.982 	 2 	 1104.77 	 0.146075 	 11.1441 	 11.1441 	 11.1441 	 0 	 277 	 86 	 181.5 	 135.057 	  Tumour 
30 	 351.276 	 650.691 	 583.847 	 113.464 	 2921 	 114.402 	 35.0449 	 0.951925 	 0.898493 	 275.321 	 1031.37 	 279.495 	 0.270993 	 708.376 	 938.027 	 5617 	 0.800713 	 421.245 	 782.854 	 945.743 	 833.841 	 0.162857 	 1181.84 	 916.515 	 528.507 	 0.558827 	 0 	 0 	 NaN 	 NaN 	 0 	 0 	 0 	 NaN 	 NaN 	 NaN 	 NaN 	 0 	 0 	 NaN 	 NaN 	 73.6804 	 0.833662 	 15.4639 	 0.125698 	 123.024 	 0 	 0 	 NaN 	 NaN 	 0 	 0 	 0 	 NaN 	 NaN 	 NaN 	 NaN 	 0 	 0 	 NaN 	 NaN 	  Fib 
31 	 389.587 	 1368.13 	 1268.35 	 102.005 	 5160 	 118.873 	 56.3049 	 0.88071 	 0.942466 	 315.605 	 1794.18 	 988.995 	 0.551223 	 1361.65 	 1700.84 	 8646 	 0.842444 	 497.63 	 787.817 	 918.705 	 806.804 	 0.28266 	 1253.58 	 853.132 	 634.506 	 0.690653 	 45 	 45 	 305.533 	 105.248 	 1 	 0 	 0 	 NaN 	 NaN 	 NaN 	 NaN 	 45 	 45 	 45 	 0 	 93.1194 	 -4.23562 	 55.865 	 0.392137 	 142.463 	 95 	 111 	 141.032 	 47.9527 	 1 	 0 	 0 	 NaN 	 NaN 	 NaN 	 NaN 	 95 	 95 	 95 	 0 	  Fib 
32 	 390.32 	 879.353 	 805.477 	 127.004 	 7050 	 105.766 	 87.7269 	 0.558591 	 0.955026 	 345.848 	 1564.3 	 698.531 	 0.446546 	 1229.93 	 1470.95 	 8442 	 0.971797 	 358.25 	 293.902 	 217.215 	 105.313 	 0 	 0 	 0 	 81.7645 	 0.376421 	 0 	 0 	 NaN 	 NaN 	 0 	 0 	 0 	 NaN 	 NaN 	 NaN 	 NaN 	 0 	 0 	 NaN 	 NaN 	 29.4583 	 14.3421 	 12.0882 	 0.1534 	 78.8018 	 71 	 73 	 121.268 	 28.1887 	 1 	 0 	 0 	 NaN 	 NaN 	 NaN 	 NaN 	 71 	 71 	 71 	 0 	  Lymph 
33 	 394.419 	 118.108 	 329.874 	 165.529 	 5922 	 111.664 	 70.0895 	 0.778469 	 0.943294 	 327.22 	 1849.92 	 785.272 	 0.42449 	 1402.94 	 1756.57 	 7196 	 0.937223 	 352.149 	 436.315 	 407.469 	 295.567 	 0.0977199 	 742.6 	 386.429 	 161.065 	 0.395282 	 0 	 0 	 NaN 	 NaN 	 0 	 0 	 0 	 NaN 	 NaN 	 NaN 	 NaN 	 0 	 0 	 NaN 	 NaN 	 35.6681 	 10.0531 	 11.7104 	 0.13775 	 85.0117 	 171 	 548 	 137.006 	 43.9269 	 2 	 1574.98 	 0.265954 	 33.1717 	 33.1717 	 33.1717 	 0 	 97 	 74 	 85.5 	 16.2635 	  Lymph 
34 	 388.844 	 1469.7 	 903.226 	 94.2019 	 5735 	 96.6355 	 75.9163 	 0.618742 	 0.977501 	 295.463 	 1528.64 	 546.114 	 0.357254 	 1078.79 	 1435.3 	 8326 	 0.891244 	 412.475 	 872.855 	 1102.16 	 990.257 	 0.392045 	 1091.49 	 1101.38 	 262.474 	 0.238145 	 34 	 34 	 289.647 	 89.3615 	 1 	 0 	 0 	 NaN 	 NaN 	 NaN 	 NaN 	 34 	 34 	 34 	 0 	 125.095 	 -47.8079 	 45.3088 	 0.25974 	 174.439 	 417 	 499 	 268.683 	 175.605 	 1 	 0 	 0 	 NaN 	 NaN 	 NaN 	 NaN 	 417 	 417 	 417 	 0 	  Tumour 
35 	 412.469 	 378.176 	 399.401 	 199.449 	 3137 	 77.3797 	 52.7489 	 0.731642 	 0.96821 	 226.108 	 1238.08 	 394.234 	 0.318424 	 810.718 	 1144.73 	 7366 	 0.790513 	 470.5 	 945.648 	 1206.22 	 1094.32 	 0.42228 	 1136.55 	 1213.35 	 516.589 	 0.428271 	 45 	 45 	 384.844 	 184.559 	 1 	 0 	 0 	 NaN 	 NaN 	 NaN 	 NaN 	 45 	 45 	 45 	 0 	 163.913 	 -3.71607 	 34.2165 	 0.160447 	 213.257 	 0 	 0 	 NaN 	 NaN 	 0 	 0 	 0 	 NaN 	 NaN 	 NaN 	 NaN 	 0 	 0 	 NaN 	 NaN 	  Tumour 
36 	 436.13 	 179.777 	 372.941 	 188.68 	 3970 	 99.7214 	 51.3319 	 0.857338 	 0.932363 	 288.735 	 1285.01 	 520.603 	 0.405137 	 880.971 	 1191.66 	 5186 	 0.947561 	 302.25 	 400.9 	 393.7 	 281.798 	 0.115385 	 728.167 	 376.786 	 179.183 	 0.455126 	 0 	 0 	 NaN 	 NaN 	 0 	 0 	 0 	 NaN 	 NaN 	 NaN 	 NaN 	 0 	 0 	 NaN 	 NaN 	 37.3222 	 5.41734 	 18.6109 	 0.214743 	 86.6657 	 141 	 346 	 114 	 20.9211 	 3 	 1547.42 	 0.389777 	 21.0153 	 10.2546 	 16.2348 	 4.90125 	 65 	 31 	 47 	 17.088 	  Lymph 
37 	 448.143 	 440.328 	 397.574 	 151.331 	 5584 	 113.253 	 64.2501 	 0.823502 	 0.942925 	 334.09 	 1540 	 672.118 	 0.436441 	 1084.77 	 1446.65 	 7603 	 0.876023 	 412.902 	 799.47 	 941.374 	 829.472 	 0.45 	 1010.55 	 929.099 	 338.431 	 0.359508 	 0 	 0 	 NaN 	 NaN 	 0 	 0 	 0 	 NaN 	 NaN 	 NaN 	 NaN 	 0 	 0 	 NaN 	 NaN 	 95.6539 	 23.9869 	 28.122 	 0.193948 	 144.997 	 417 	 1471 	 178.398 	 85.3192 	 4 	 2095.64 	 0.375293 	 43.9842 	 11.6183 	 31.0278 	 11.3692 	 198 	 16 	 104.25 	 86.2492 	  Tumour 
38 	 453.528 	 779.606 	 747.238 	 214.674 	 1810 	 67.0537 	 34.6476 	 0.856158 	 0.970509 	 173.238 	 925.169 	 176.692 	 0.190983 	 682.893 	 831.823 	 2584 	 0.980645 	 196.167 	 236.545 	 242.851 	 130.949 	 0 	 0 	 0 	 64.1946 	 0.264337 	 0 	 0 	 NaN 	 NaN 	 0 	 0 	 0 	 NaN 	 NaN 	 NaN 	 NaN 	 0 	 0 	 NaN 	 NaN 	 11.7227 	 -2.1501 	 6.32054 	 0.103503 	 61.0663 	 77 	 78 	 99.8571 	 6.77824 	 1 	 0 	 0 	 NaN 	 NaN 	 NaN 	 NaN 	 77 	 77 	 77 	 0 	  Lymph 
39 	 495.465 	 1863.01 	 1309.55 	 382.953 	 9467 	 114.963 	 106.276 	 0.381321 	 0.971174 	 377.304 	 990.832 	 184.784 	 0.186493 	 720.872 	 897.487 	 22952 	 0.95829 	 625.387 	 571.306 	 1074.74 	 962.834 	 0.129091 	 1670.72 	 1035.78 	 630.872 	 0.587001 	 158 	 494 	 181.449 	 -18.8362 	 3 	 5237.8 	 0.553269 	 20.8087 	 18.7003 	 19.8868 	 0.964921 	 68 	 45 	 52.6667 	 13.2791 	 35.7261 	 -30.048 	 13.7165 	 0.161239 	 85.0697 	 697 	 1512 	 198.502 	 105.423 	 3 	 3857.59 	 0.407478 	 40.7298 	 15.4932 	 27.1934 	 11.3754 	 565 	 64 	 232.333 	 288.105 	  Tumour 
40 	 497.506 	 1411.71 	 892.671 	 116.619 	 7263 	 110.345 	 85.9192 	 0.627466 	 0.962242 	 345.262 	 1409.91 	 505.014 	 0.35819 	 1024.24 	 1316.56 	 16214 	 0.888925 	 619.227 	 1045.39 	 1495.17 	 1383.27 	 0.086629 	 1641.43 	 1472.85 	 608.936 	 0.407269 	 0 	 0 	 NaN 	 NaN 	 0 	 0 	 0 	 NaN 	 NaN 	 NaN 	 NaN 	 0 	 0 	 NaN 	 NaN 	 127.845 	 -52.6368 	 39.2659 	 0.221605 	 177.188 	 0 	 0 	 NaN 	 NaN 	 0 	 0 	 0 	 NaN 	 NaN 	 NaN 	 NaN 	 0 	 0 	 NaN 	 NaN 	  Tumour 
41 	 499.531 	 496.717 	 425.281 	 109.59 	 3839 	 121.954 	 44.0424 	 0.932511 	 0.910363 	 324.635 	 1178.02 	 411.812 	 0.349579 	 764.946 	 1084.68 	 5536 	 0.900748 	 377.019 	 685.205 	 676.605 	 564.703 	 0.216049 	 861.471 	 652.239 	 415.004 	 0.613363 	 118 	 131 	 381.559 	 181.274 	 1 	 0 	 0 	 NaN 	 NaN 	 NaN 	 NaN 	 118 	 118 	 118 	 0 	 63.1829 	 17.9698 	 15.3513 	 0.136424 	 112.526 	 0 	 0 	 NaN 	 NaN 	 0 	 0 	 0 	 NaN 	 NaN 	 NaN 	 NaN 	 0 	 0 	 NaN 	 NaN 	  Tumour 
42 	 560.042 	 982.275 	 975 	 286.777 	 4375 	 98.851 	 56.6243 	 0.819678 	 0.974605 	 269.321 	 1713.16 	 821.202 	 0.47935 	 1359.45 	 1619.81 	 5498 	 0.98056 	 286.936 	 314.378 	 245.742 	 133.84 	 0 	 0 	 0 	 93.2363 	 0.379407 	 45 	 45 	 246.289 	 46.0033 	 1 	 0 	 0 	 NaN 	 NaN 	 NaN 	 NaN 	 45 	 45 	 45 	 0 	 26.9867 	 14.8134 	 11.0888 	 0.145274 	 76.3303 	 199 	 453 	 136.482 	 43.4035 	 3 	 749.21 	 0.171248 	 36.0768 	 17.325 	 24.159 	 9.26461 	 74 	 51 	 66.3333 	 13.2791 	  Lymph 
43 	 618.913 	 1061.86 	 1073.93 	 205.139 	 6267 	 164.181 	 50.1087 	 0.952287 	 0.919589 	 400.801 	 1569.28 	 683.586 	 0.435605 	 1218.28 	 1475.94 	 8072 	 0.943432 	 413.73 	 270.666 	 218.585 	 106.683 	 0 	 0 	 218.981 	 62.8639 	 0.287594 	 53 	 55 	 259.755 	 59.4692 	 1 	 0 	 0 	 NaN 	 NaN 	 NaN 	 NaN 	 53 	 53 	 53 	 0 	 21.685 	 8.31472 	 7.6914 	 0.108286 	 71.0286 	 154 	 575 	 112.779 	 19.7003 	 3 	 1792.69 	 0.286053 	 32.0588 	 19.1608 	 24.3835 	 6.07296 	 67 	 31 	 51.3333 	 18.4481 	  Fib 
44 	 633.231 	 1471.06 	 1010.94 	 263.928 	 11103 	 137.881 	 103.082 	 0.66413 	 0.987372 	 410.274 	 1028.03 	 214.022 	 0.208185 	 694.932 	 934.689 	 29347 	 0.942149 	 705.186 	 744.948 	 1067.78 	 955.874 	 0.246795 	 1344.44 	 1035.34 	 365.331 	 0.342142 	 0 	 0 	 NaN 	 NaN 	 0 	 0 	 0 	 NaN 	 NaN 	 NaN 	 NaN 	 0 	 0 	 NaN 	 NaN 	 69.9589 	 -62.3618 	 34.8756 	 0.292329 	 119.302 	 162 	 396 	 115.988 	 22.9088 	 2 	 3312.08 	 0.298305 	 24.0133 	 24.0133 	 24.0133 	 0 	 106 	 56 	 81 	 35.3553 	  Tumour 
45 	 599.02 	 449.585 	 616.458 	 109.59 	 2742 	 73.4429 	 48.3529 	 0.752691 	 0.967537 	 207.581 	 1647.31 	 666.228 	 0.404433 	 1334.83 	 1553.97 	 3623 	 0.969754 	 233.338 	 356.005 	 308.286 	 196.384 	 0 	 0 	 0 	 57.0651 	 0.185104 	 0 	 0 	 NaN 	 NaN 	 0 	 0 	 0 	 NaN 	 NaN 	 NaN 	 NaN 	 0 	 0 	 NaN 	 NaN 	 29.3592 	 11.5234 	 8.77878 	 0.111544 	 78.7028 	 74 	 75 	 136.041 	 42.9616 	 1 	 0 	 0 	 NaN 	 NaN 	 NaN 	 NaN 	 74 	 74 	 74 	 0 	  Lymph 
46 	 648.888 	 734.662 	 832.289 	 280.794 	 5815 	 131.842 	 57.3423 	 0.900464 	 0.951407 	 334.132 	 1875.91 	 922.589 	 0.491808 	 1468.42 	 1782.57 	 7252 	 0.96449 	 349.848 	 358.739 	 286.716 	 174.814 	 0 	 0 	 287.345 	 42.3909 	 0.14785 	 39 	 40 	 369.41 	 169.125 	 1 	 0 	 0 	 NaN 	 NaN 	 NaN 	 NaN 	 39 	 39 	 39 	 0 	 31.5082 	 21.0656 	 13.9312 	 0.172306 	 80.8518 	 137 	 433 	 129.022 	 35.943 	 3 	 2067.97 	 0.355626 	 35.762 	 11.2244 	 24.6547 	 11.1201 	 76 	 26 	 45.6667 	 26.6521 	  Lymph 
47 	 635.669 	 848.774 	 908.785 	 313.643 	 2090 	 63.4577 	 42.4627 	 0.743128 	 0.974359 	 175.924 	 928.522 	 249.705 	 0.268927 	 651.914 	 835.176 	 2890 	 0.979661 	 202.51 	 273.934 	 288.756 	 176.854 	 0 	 0 	 0 	 118.861 	 0.411631 	 0 	 0 	 NaN 	 NaN 	 0 	 0 	 0 	 NaN 	 NaN 	 NaN 	 NaN 	 0 	 0 	 NaN 	 NaN 	 16.1091 	 -3.61647 	 8.38682 	 0.128136 	 65.4526 	 0 	 0 	 NaN 	 NaN 	 0 	 0 	 0 	 NaN 	 NaN 	 NaN 	 NaN 	 0 	 0 	 NaN 	 NaN 	  Lymph 
48 	 692.351 	 1100.16 	 1144.94 	 128.035 	 4475 	 162.991 	 35.7603 	 0.975635 	 0.944691 	 357.345 	 1270.88 	 584.405 	 0.459841 	 873.877 	 1177.54 	 5922 	 0.83338 	 468.843 	 771.535 	 772.397 	 660.495 	 0.423377 	 1152.76 	 678.209 	 454.468 	 0.588386 	 0 	 0 	 NaN 	 NaN 	 0 	 0 	 0 	 NaN 	 NaN 	 NaN 	 NaN 	 0 	 0 	 NaN 	 NaN 	 86.8307 	 19.3657 	 42.9246 	 0.315218 	 136.174 	 0 	 0 	 NaN 	 NaN 	 0 	 0 	 0 	 NaN 	 NaN 	 NaN 	 NaN 	 0 	 0 	 NaN 	 NaN 	  Fib 
49 	 659.31 	 1397.59 	 965.117 	 261.293 	 980 	 54.5869 	 23.4951 	 0.90263 	 0.926276 	 140.811 	 944.989 	 303.418 	 0.321081 	 604.408 	 851.643 	 6063 	 0.846906 	 423.421 	 1557.66 	 1757.8 	 1645.9 	 0.397906 	 1332.95 	 1869.84 	 660.874 	 0.375967 	 0 	 0 	 NaN 	 NaN 	 0 	 0 	 0 	 NaN 	 NaN 	 NaN 	 NaN 	 0 	 0 	 NaN 	 NaN 	 174.269 	 -3.38547 	 32.0081 	 0.143141 	 223.612 	 0 	 0 	 NaN 	 NaN 	 0 	 0 	 0 	 NaN 	 NaN 	 NaN 	 NaN 	 0 	 0 	 NaN 	 NaN 	  Tumour 
50 	 685.833 	 138.802 	 621.007 	 363.589 	 3865 	 99.1197 	 51.8511 	 0.852262 	 0.923316 	 284.007 	 960.215 	 287.673 	 0.299592 	 662.058 	 866.87 	 4982 	 0.957893 	 289.137 	 213.544 	 198.867 	 86.9652 	 0 	 0 	 0 	 128.911 	 0.648229 	 0 	 0 	 NaN 	 NaN 	 0 	 0 	 0 	 NaN 	 NaN 	 NaN 	 NaN 	 0 	 0 	 NaN 	 NaN 	 7.98734 	 3.94361 	 10.1663 	 0.177326 	 57.3309 	 107 	 252 	 93.0748 	 -0.00413435 	 2 	 536.093 	 0.138705 	 24.173 	 24.173 	 24.173 	 0 	 73 	 34 	 53.5 	 27.5772 	  Lymph 
51 	 716.212 	 1143.08 	 1194.07 	 111.427 	 2912 	 69.527 	 53.9991 	 0.629915 	 0.9473 	 224.593 	 1185.21 	 457.303 	 0.385842 	 786.826 	 1091.86 	 10752 	 0.897121 	 502.458 	 725.651 	 1259.08 	 1147.18 	 0.465882 	 1246.72 	 1241.42 	 314.638 	 0.249896 	 0 	 0 	 NaN 	 NaN 	 0 	 0 	 0 	 NaN 	 NaN 	 NaN 	 NaN 	 0 	 0 	 NaN 	 NaN 	 49.4964 	 -20.6766 	 13.9312 	 0.140947 	 98.84 	 36 	 38 	 72.1111 	 -20.9678 	 1 	 0 	 0 	 NaN 	 NaN 	 NaN 	 NaN 	 36 	 36 	 36 	 0 	  Lymph 
52 	 715.97 	 816.251 	 937.058 	 301.916 	 3869 	 111.795 	 46.9228 	 0.907653 	 0.837265 	 295.563 	 1998.2 	 830.617 	 0.415683 	 1611.15 	 1904.85 	 4749 	 0.86978 	 309.765 	 250.331 	 263.622 	 151.72 	 0.311111 	 344.202 	 248.54 	 78.2199 	 0.296712 	 53 	 127 	 232.019 	 31.7333 	 2 	 1643.14 	 0.424693 	 19.4972 	 19.4972 	 19.4972 	 0 	 40 	 13 	 26.5 	 19.0919 	 15.7681 	 5.02133 	 10.67 	 0.163872 	 65.1117 	 85 	 197 	 106.741 	 13.6623 	 2 	 75.2351 	 0.0194456 	 19.1272 	 19.1272 	 19.1272 	 0 	 51 	 34 	 42.5 	 12.0208 	  Lymph 
53 	 730.751 	 1598.18 	 1170.76 	 409.646 	 4958 	 87.9996 	 72.2378 	 0.571089 	 0.976369 	 270.978 	 1315.05 	 414.104 	 0.314897 	 997.095 	 1221.7 	 6895 	 0.921668 	 344.676 	 909.328 	 1241.55 	 1129.65 	 0 	 0 	 0 	 260.4 	 0.209737 	 45 	 45 	 214.444 	 14.1589 	 1 	 0 	 0 	 NaN 	 NaN 	 NaN 	 NaN 	 45 	 45 	 45 	 0 	 84.4404 	 -58.3958 	 38.7514 	 0.289657 	 133.784 	 343 	 556 	 231.609 	 138.53 	 2 	 500.091 	 0.100865 	 22.2752 	 22.2752 	 22.2752 	 0 	 290 	 53 	 171.5 	 167.584 	  Tumour 
54 	 722.808 	 248.61 	 666.643 	 333.516 	 2138 	 76.7072 	 37.2194 	 0.874395 	 0.960467 	 200.309 	 950.182 	 260.025 	 0.273658 	 670.276 	 856.837 	 3002 	 0.966516 	 224.995 	 353.741 	 299.015 	 187.113 	 0 	 0 	 0 	 137.847 	 0.461003 	 0 	 0 	 NaN 	 NaN 	 0 	 0 	 0 	 NaN 	 NaN 	 NaN 	 NaN 	 0 	 0 	 NaN 	 NaN 	 36.8136 	 17.7263 	 16.1623 	 0.187591 	 86.1572 	 0 	 0 	 NaN 	 NaN 	 0 	 0 	 0 	 NaN 	 NaN 	 NaN 	 NaN 	 0 	 0 	 NaN 	 NaN 	  Lymph 
55 	 746.558 	 583.848 	 812.704 	 261.874 	 2478 	 75.4575 	 42.2605 	 0.828455 	 0.972909 	 199.238 	 1550.03 	 746.739 	 0.481759 	 1147.24 	 1456.68 	 3319 	 0.980502 	 222.309 	 436.572 	 387.163 	 275.261 	 0 	 0 	 0 	 60.7 	 0.156781 	 0 	 0 	 NaN 	 NaN 	 0 	 0 	 0 	 NaN 	 NaN 	 NaN 	 NaN 	 0 	 0 	 NaN 	 NaN 	 28.8324 	 6.75367 	 6.83337 	 0.0874101 	 78.1759 	 0 	 0 	 NaN 	 NaN 	 0 	 0 	 0 	 NaN 	 NaN 	 NaN 	 NaN 	 0 	 0 	 NaN 	 NaN 	  Lymph 
56 	 778.607 	 794.281 	 966.902 	 273.306 	 5524 	 130.69 	 54.2726 	 0.909695 	 0.943951 	 343.948 	 2045.75 	 827.183 	 0.404342 	 1438.37 	 1952.41 	 6904 	 0.952802 	 362.818 	 366.361 	 300.155 	 188.253 	 0.276316 	 338.048 	 294.489 	 117.2 	 0.390466 	 33 	 33 	 299.727 	 99.4417 	 1 	 0 	 0 	 NaN 	 NaN 	 NaN 	 NaN 	 33 	 33 	 33 	 0 	 31.7757 	 15.0149 	 10.7459 	 0.13247 	 81.1193 	 191 	 868 	 141.963 	 48.8845 	 3 	 1636.57 	 0.296266 	 54.04 	 27.4628 	 37.1386 	 13.1375 	 73 	 50 	 63.6667 	 12.0968 	  Lymph 
57 	 819.841 	 1103.36 	 875.317 	 111.427 	 5939 	 103.462 	 74.7205 	 0.691685 	 0.978257 	 303.078 	 1582.62 	 543.449 	 0.343385 	 1212.11 	 1489.28 	 8598 	 0.894228 	 424.617 	 779.089 	 1218.98 	 1107.08 	 0.666667 	 1197.88 	 1218.54 	 368.38 	 0.302204 	 75 	 207 	 249.8 	 49.5144 	 2 	 416.478 	 0.070126 	 24.4591 	 24.4591 	 24.4591 	 0 	 45 	 30 	 37.5 	 10.6066 	 76.8783 	 -20.8452 	 26.7727 	 0.212108 	 126.222 	 182 	 333 	 132.467 	 39.3881 	 3 	 1341.39 	 0.225861 	 28.077 	 11.6066 	 18.7523 	 7.55668 	 80 	 32 	 60.6667 	 25.3246 	  Tumour 
58 	 825.997 	 475.775 	 831.07 	 326.676 	 3566 	 72.6651 	 62.8309 	 0.502349 	 0.978864 	 229.622 	 1989.59 	 968.833 	 0.48695 	 1635.66 	 1896.25 	 4533 	 0.987582 	 248.652 	 354.236 	 283.353 	 171.451 	 0 	 0 	 0 	 100.437 	 0.354458 	 45 	 45 	 282.511 	 82.2256 	 1 	 0 	 0 	 NaN 	 NaN 	 NaN 	 NaN 	 45 	 45 	 45 	 0 	 29.8889 	 13.6213 	 16.3746 	 0.206666 	 79.2325 	 146 	 338 	 130.555 	 37.4759 	 2 	 520.982 	 0.146097 	 27.5263 	 27.5263 	 27.5263 	 0 	 117 	 29 	 73 	 62.2254 	  Lymph 
59 	 849.123 	 603.229 	 909.493 	 328.805 	 4090 	 80.0251 	 65.8555 	 0.568135 	 0.970805 	 253.38 	 1577.98 	 933.43 	 0.591534 	 1166.72 	 1484.64 	 5115 	 0.978199 	 270.995 	 460.213 	 402.731 	 290.829 	 0 	 0 	 0 	 77.161 	 0.191594 	 0 	 0 	 NaN 	 NaN 	 0 	 0 	 0 	 NaN 	 NaN 	 NaN 	 NaN 	 0 	 0 	 NaN 	 NaN 	 32.155 	 10.0098 	 12.6043 	 0.154656 	 81.4985 	 116 	 265 	 116.414 	 23.3349 	 2 	 1109.04 	 0.271159 	 21.4958 	 21.4958 	 21.4958 	 0 	 60 	 56 	 58 	 2.82843 	  Lymph 
60 	 912.683 	 1412.98 	 1143.53 	 230.827 	 7204 	 108.811 	 85.8243 	 0.614716 	 0.974963 	 332.09 	 1235.66 	 359.153 	 0.290658 	 907.452 	 1142.31 	 10396 	 0.866406 	 480.257 	 854.583 	 1071.36 	 959.458 	 0.0579345 	 1596.61 	 1048.95 	 319.969 	 0.298657 	 90 	 344 	 272.067 	 71.7811 	 2 	 234.139 	 0.0325012 	 37.1214 	 37.1214 	 37.1214 	 0 	 45 	 45 	 45 	 0 	 103.437 	 -19.369 	 44.5003 	 0.291269 	 152.781 	 500 	 929 	 226.624 	 133.545 	 3 	 2053.43 	 0.28504 	 33.487 	 19.5884 	 25.6524 	 6.36516 	 319 	 28 	 166.667 	 145.981 	  Tumour 
61 	 904.763 	 1112.67 	 952.358 	 191.366 	 5508 	 89.9082 	 78.7133 	 0.483246 	 0.964623 	 288.108 	 921.017 	 166.646 	 0.180936 	 547.433 	 827.672 	 11100 	 0.925154 	 445.747 	 907.698 	 1503.89 	 1391.99 	 0.239075 	 1065.84 	 1544.7 	 560.07 	 0.372414 	 0 	 0 	 NaN 	 NaN 	 0 	 0 	 0 	 NaN 	 NaN 	 NaN 	 NaN 	 0 	 0 	 NaN 	 NaN 	 98.0331 	 -33.0505 	 30.882 	 0.209545 	 147.377 	 0 	 0 	 NaN 	 NaN 	 0 	 0 	 0 	 NaN 	 NaN 	 NaN 	 NaN 	 0 	 0 	 NaN 	 NaN 	  Tumour 
62 	 945.093 	 1292.04 	 1087.77 	 273.207 	 6702 	 98.2984 	 87.877 	 0.448102 	 0.973279 	 318.534 	 1361.2 	 378.795 	 0.27828 	 1018.06 	 1267.85 	 9709 	 0.887234 	 441.103 	 884.898 	 1420.58 	 1308.68 	 0.0614973 	 1452.3 	 1400.8 	 544.994 	 0.383641 	 0 	 0 	 NaN 	 NaN 	 0 	 0 	 0 	 NaN 	 NaN 	 NaN 	 NaN 	 0 	 0 	 NaN 	 NaN 	 76.4223 	 -44.13 	 35.8194 	 0.284811 	 125.766 	 0 	 0 	 NaN 	 NaN 	 0 	 0 	 0 	 NaN 	 NaN 	 NaN 	 NaN 	 0 	 0 	 NaN 	 NaN 	  Tumour 
63 	 927.239 	 243.141 	 867.897 	 496.835 	 4597 	 94.8132 	 62.185 	 0.754875 	 0.970036 	 281.321 	 1430.05 	 557.945 	 0.390157 	 1126.44 	 1336.71 	 5689 	 0.975313 	 291.966 	 351.938 	 235.984 	 124.083 	 0 	 0 	 0 	 66.1288 	 0.280225 	 0 	 0 	 NaN 	 NaN 	 0 	 0 	 0 	 NaN 	 NaN 	 NaN 	 NaN 	 0 	 0 	 NaN 	 NaN 	 42.8074 	 29.4922 	 17.827 	 0.193455 	 92.151 	 180 	 863 	 117.028 	 23.9489 	 3 	 421.319 	 0.0916508 	 33.507 	 25.9939 	 30.6312 	 3.62645 	 78 	 42 	 60 	 18 	  Lymph 
64 	 911.268 	 376.782 	 878.032 	 428.16 	 321 	 31.297 	 13.5028 	 0.902142 	 0.958209 	 76.4264 	 784 	 157.035 	 0.2003 	 569.92 	 690.655 	 670 	 0.976676 	 97.2548 	 229.807 	 219.929 	 108.027 	 0 	 0 	 0 	 35.2286 	 0.160182 	 0 	 0 	 NaN 	 NaN 	 0 	 0 	 0 	 NaN 	 NaN 	 NaN 	 NaN 	 0 	 0 	 NaN 	 NaN 	 8.83088 	 -0.92206 	 4.15039 	 0.0713438 	 58.1745 	 0 	 0 	 NaN 	 NaN 	 0 	 0 	 0 	 NaN 	 NaN 	 NaN 	 NaN 	 0 	 0 	 NaN 	 NaN 	  Other 
65 	 949.32 	 1008.39 	 941.982 	 199.04 	 4572 	 100.72 	 59.2351 	 0.808776 	 0.972766 	 273.765 	 1280.82 	 450.604 	 0.35181 	 671.64 	 1187.47 	 6490 	 0.939899 	 346.492 	 1025.37 	 1308.18 	 1196.28 	 0.0462046 	 1475.43 	 1346.87 	 607.1 	 0.464078 	 76 	 195 	 344.645 	 144.359 	 2 	 1550.02 	 0.339024 	 21.0957 	 21.0957 	 21.0957 	 0 	 45 	 31 	 38 	 9.89949 	 115.035 	 -8.19064 	 22.894 	 0.139275 	 164.379 	 591 	 1231 	 155.787 	 62.7079 	 4 	 1392.25 	 0.304517 	 41.0751 	 13.1961 	 23.6755 	 9.53452 	 235 	 48 	 118.2 	 76.1722 	  Tumour 
66 	 1005.34 	 817.354 	 1157.25 	 79.0759 	 5843 	 216.026 	 37.6545 	 0.984692 	 0.837826 	 459.269 	 1337.06 	 568.913 	 0.425495 	 966.313 	 1243.72 	 8260 	 0.8214 	 513.855 	 738.371 	 919.193 	 807.291 	 0.257757 	 1574.94 	 821.263 	 684.946 	 0.74516 	 0 	 0 	 NaN 	 NaN 	 0 	 0 	 0 	 NaN 	 NaN 	 NaN 	 NaN 	 0 	 0 	 NaN 	 NaN 	 64.8247 	 3.30241 	 33.5294 	 0.293684 	 114.168 	 75 	 76 	 119.227 	 26.1478 	 1 	 0 	 0 	 NaN 	 NaN 	 NaN 	 NaN 	 75 	 75 	 75 	 0 	  Fib 
67 	 1014.51 	 422.324 	 990.404 	 338.892 	 4834 	 81.8432 	 75.2947 	 0.39195 	 0.979732 	 267.078 	 2004.92 	 935.489 	 0.466597 	 1636.7 	 1911.57 	 5774 	 0.968142 	 291.078 	 733.249 	 787.169 	 675.267 	 0 	 0 	 0 	 503.992 	 0.640259 	 0 	 0 	 NaN 	 NaN 	 0 	 0 	 0 	 NaN 	 NaN 	 NaN 	 NaN 	 0 	 0 	 NaN 	 NaN 	 70.6697 	 16.0009 	 26.4541 	 0.220426 	 120.013 	 121 	 232 	 131.132 	 38.0533 	 2 	 146.961 	 0.0304016 	 20.463 	 20.463 	 20.463 	 0 	 65 	 56 	 60.5 	 6.36396 	  Lymph 
68 	 1021.44 	 1093 	 1043.85 	 276.463 	 5766 	 124.291 	 59.6737 	 0.877207 	 0.94898 	 335.463 	 1265.83 	 400.751 	 0.316591 	 916.725 	 1172.49 	 10265 	 0.918979 	 483.245 	 1425.89 	 1667.92 	 1556.02 	 0.0849515 	 1494.14 	 1649.24 	 528.647 	 0.31695 	 45 	 45 	 306.489 	 106.203 	 1 	 0 	 0 	 NaN 	 NaN 	 NaN 	 NaN 	 45 	 45 	 45 	 0 	 190.048 	 -5.25556 	 29.4479 	 0.123011 	 239.392 	 413 	 645 	 189.286 	 96.2068 	 2 	 1465.36 	 0.254139 	 18.0365 	 18.0365 	 18.0365 	 0 	 314 	 99 	 206.5 	 152.028 	  Tumour 
69 	 1039.4 	 344.326 	 994.726 	 392.948 	 1723 	 50.7065 	 43.3837 	 0.517664 	 0.971251 	 160.51 	 1624.76 	 955.18 	 0.587889 	 1264.67 	 1531.42 	 2386 	 0.986766 	 179.882 	 297.019 	 242.925 	 131.023 	 0 	 0 	 0 	 32.8698 	 0.135308 	 0 	 0 	 NaN 	 NaN 	 0 	 0 	 0 	 NaN 	 NaN 	 NaN 	 NaN 	 0 	 0 	 NaN 	 NaN 	 12.5392 	 8.73799 	 6.53492 	 0.105602 	 61.8828 	 0 	 0 	 NaN 	 NaN 	 0 	 0 	 0 	 NaN 	 NaN 	 NaN 	 NaN 	 0 	 0 	 NaN 	 NaN 	  Lymph 
70 	 1082.49 	 835.188 	 1013.72 	 79.0759 	 9479 	 132.514 	 97.8244 	 0.674564 	 0.903364 	 427.889 	 1408.37 	 531.344 	 0.377275 	 1067.82 	 1315.03 	 12130 	 0.817496 	 549.227 	 1288.1 	 1416.25 	 1304.35 	 0.308026 	 1598.63 	 1375.96 	 607.662 	 0.429063 	 90 	 183 	 301.633 	 101.348 	 2 	 5057.38 	 0.533536 	 17.2047 	 17.2047 	 17.2047 	 0 	 45 	 45 	 45 	 0 	 136.413 	 4.67755 	 34.8432 	 0.187575 	 185.756 	 930 	 3361 	 215.273 	 122.194 	 9 	 3702.64 	 0.390615 	 89.2906 	 10.2861 	 42.4518 	 20.7962 	 405 	 19 	 103.333 	 130.136 	  Tumour 
71 	 1099.17 	 221.864 	 1037.09 	 411.655 	 2027 	 59.7821 	 44.4422 	 0.668843 	 0.966619 	 175.782 	 1436.83 	 503.845 	 0.350665 	 1147.93 	 1343.48 	 2758 	 0.972154 	 199.882 	 213.244 	 167.867 	 55.9647 	 0 	 0 	 0 	 44.1229 	 0.262845 	 43 	 44 	 131.419 	 -68.8669 	 1 	 0 	 0 	 NaN 	 NaN 	 NaN 	 NaN 	 43 	 43 	 43 	 0 	 6.28938 	 5.43126 	 7.08881 	 0.127421 	 55.633 	 63 	 64 	 89.8254 	 -3.2535 	 1 	 0 	 0 	 NaN 	 NaN 	 NaN 	 NaN 	 63 	 63 	 63 	 0 	  Lymph 
72 	 1120.81 	 1165.01 	 1165.82 	 332.074 	 10950 	 146.634 	 96.0036 	 0.755877 	 0.97611 	 416.96 	 1681.92 	 553.489 	 0.329082 	 1304.39 	 1588.57 	 14355 	 0.922439 	 531.772 	 1430.36 	 1411.27 	 1299.37 	 0.121951 	 1420.87 	 1409.3 	 468.843 	 0.332213 	 50 	 50 	 266.54 	 66.2544 	 1 	 0 	 0 	 NaN 	 NaN 	 NaN 	 NaN 	 50 	 50 	 50 	 0 	 148.85 	 -18.2597 	 31.094 	 0.156887 	 198.193 	 201 	 381 	 139.567 	 46.4883 	 2 	 8213.51 	 0.750092 	 25.1704 	 25.1704 	 25.1704 	 0 	 157 	 44 	 100.5 	 79.9031 	  Tumour 
73 	 1121.83 	 1579.92 	 1410.06 	 83.2166 	 7532 	 105.071 	 91.7989 	 0.486494 	 0.981496 	 333.806 	 1755.52 	 667.722 	 0.380355 	 1303.69 	 1662.18 	 12287 	 0.895554 	 494.215 	 996.837 	 1274.42 	 1162.52 	 0.399522 	 1257.07 	 1279.78 	 314.341 	 0.246654 	 90 	 469 	 307.933 	 107.648 	 2 	 1260.53 	 0.167356 	 54.1202 	 54.1202 	 54.1202 	 0 	 45 	 45 	 45 	 0 	 133.427 	 -38.5833 	 29.3639 	 0.16066 	 182.771 	 564 	 1377 	 255.443 	 162.364 	 4 	 1158.5 	 0.153811 	 54.3491 	 14.3132 	 29.8897 	 14.8536 	 357 	 26 	 141 	 148.878 	  Tumour 
74 	 1115.94 	 1994.82 	 1716.82 	 112.606 	 8113 	 133.133 	 78.7102 	 0.806515 	 0.957286 	 383.948 	 1819.07 	 657.981 	 0.361712 	 1206.62 	 1725.73 	 13293 	 0.885964 	 552.843 	 749.831 	 1096.24 	 984.343 	 0 	 0 	 0 	 372.26 	 0.339577 	 32 	 33 	 243.156 	 42.8707 	 1 	 0 	 0 	 NaN 	 NaN 	 NaN 	 NaN 	 32 	 32 	 32 	 0 	 85.3314 	 -46.5731 	 39.1578 	 0.290758 	 134.675 	 455 	 633 	 266.046 	 172.967 	 2 	 2306.66 	 0.284317 	 15.0456 	 15.0456 	 15.0456 	 0 	 309 	 146 	 227.5 	 115.258 	  Tumour 
75 	 1118.89 	 447.379 	 1097.24 	 275.523 	 2886 	 71.5935 	 51.6821 	 0.692015 	 0.979301 	 205.581 	 1970.69 	 1234.81 	 0.62659 	 1635.36 	 1877.34 	 3753 	 0.98169 	 229.338 	 269.762 	 237.421 	 125.519 	 0 	 0 	 0 	 53.5841 	 0.225693 	 0 	 0 	 NaN 	 NaN 	 0 	 0 	 0 	 NaN 	 NaN 	 NaN 	 NaN 	 0 	 0 	 NaN 	 NaN 	 13.3231 	 5.37837 	 6.89212 	 0.109981 	 62.6667 	 65 	 66 	 120.554 	 27.4749 	 1 	 0 	 0 	 NaN 	 NaN 	 NaN 	 NaN 	 65 	 65 	 65 	 0 	  Lymph 
76 	 1144.97 	 1686.78 	 1501.24 	 138.679 	 8303 	 109.832 	 96.8102 	 0.472298 	 0.98179 	 348.777 	 1385.59 	 383.549 	 0.276813 	 998.544 	 1292.24 	 16626 	 0.839443 	 651.595 	 658.023 	 987.682 	 875.78 	 0.182994 	 1246.7 	 950.381 	 381.987 	 0.386751 	 0 	 0 	 NaN 	 NaN 	 0 	 0 	 0 	 NaN 	 NaN 	 NaN 	 NaN 	 0 	 0 	 NaN 	 NaN 	 71.7842 	 -37.6192 	 28.3794 	 0.234293 	 121.128 	 0 	 0 	 NaN 	 NaN 	 0 	 0 	 0 	 NaN 	 NaN 	 NaN 	 NaN 	 0 	 0 	 NaN 	 NaN 	  Tumour 
77 	 1127.66 	 1496.76 	 1722.21 	 83.2166 	 1496 	 61.33 	 31.7179 	 0.855884 	 0.948035 	 163.539 	 949.273 	 223.085 	 0.235006 	 634.255 	 855.928 	 3154 	 0.909983 	 240.593 	 1202.88 	 1361.12 	 1249.22 	 0.25 	 1208.36 	 1389.03 	 377.492 	 0.277339 	 0 	 0 	 NaN 	 NaN 	 0 	 0 	 0 	 NaN 	 NaN 	 NaN 	 NaN 	 0 	 0 	 NaN 	 NaN 	 137.269 	 -10.884 	 15.7165 	 0.0842202 	 186.612 	 42 	 43 	 118.81 	 25.7306 	 1 	 0 	 0 	 NaN 	 NaN 	 NaN 	 NaN 	 42 	 42 	 42 	 0 	  Other 
78 	 1187.2 	 713.586 	 1099.29 	 209.124 	 8640 	 132.385 	 84.4403 	 0.770168 	 0.980259 	 373.505 	 1299.95 	 337.266 	 0.259445 	 944.915 	 1206.61 	 24861 	 0.917414 	 697.252 	 748.496 	 1202.78 	 1090.88 	 0 	 0 	 1207.89 	 412.379 	 0.342854 	 0 	 0 	 NaN 	 NaN 	 0 	 0 	 0 	 NaN 	 NaN 	 NaN 	 NaN 	 0 	 0 	 NaN 	 NaN 	 69.1477 	 -42.7174 	 30.3298 	 0.255967 	 118.491 	 352 	 438 	 272.426 	 179.347 	 1 	 0 	 0 	 NaN 	 NaN 	 NaN 	 NaN 	 352 	 352 	 352 	 0 	  Tumour 
79 	 1187.51 	 1299.58 	 1291.4 	 205.934 	 6768 	 103.338 	 85.4362 	 0.562553 	 0.948298 	 346.676 	 1318.08 	 428.8 	 0.325321 	 919.167 	 1224.74 	 17564 	 0.910996 	 585.571 	 954.884 	 1399.3 	 1287.4 	 0.208417 	 1253.11 	 1403.83 	 608.156 	 0.434615 	 0 	 0 	 NaN 	 NaN 	 0 	 0 	 0 	 NaN 	 NaN 	 NaN 	 NaN 	 0 	 0 	 NaN 	 NaN 	 111.844 	 -37.8625 	 24.654 	 0.152952 	 161.188 	 0 	 0 	 NaN 	 NaN 	 0 	 0 	 0 	 NaN 	 NaN 	 NaN 	 NaN 	 0 	 0 	 NaN 	 NaN 	  Tumour 
80 	 1205.73 	 887.958 	 1146.49 	 213.171 	 5605 	 99.4856 	 74.6088 	 0.6615 	 0.934011 	 326.635 	 892.721 	 209.751 	 0.234957 	 564.107 	 799.376 	 9555 	 0.81002 	 489.387 	 1034.72 	 1729.51 	 1617.61 	 0.178744 	 1659.77 	 1725.57 	 600.277 	 0.34708 	 81 	 121 	 277.654 	 77.3688 	 2 	 1722.21 	 0.307264 	 12.1451 	 12.1451 	 12.1451 	 0 	 45 	 36 	 40.5 	 6.36396 	 101.795 	 -40.0696 	 26.5811 	 0.175873 	 151.138 	 882 	 1747 	 232.02 	 138.942 	 3 	 953.485 	 0.170113 	 37.0668 	 14.8229 	 29.6257 	 11.4662 	 461 	 17 	 294 	 241.576 	  Tumour 
81 	 1220.55 	 1089.01 	 1223.69 	 347.333 	 10455 	 133.35 	 100.9 	 0.653817 	 0.960143 	 446.174 	 1271.97 	 367.223 	 0.288704 	 824.406 	 1178.63 	 13242 	 0.933456 	 497.387 	 765.696 	 1371.21 	 1259.31 	 0.21327 	 1186.97 	 1386.24 	 527.452 	 0.384661 	 0 	 0 	 NaN 	 NaN 	 0 	 0 	 0 	 NaN 	 NaN 	 NaN 	 NaN 	 0 	 0 	 NaN 	 NaN 	 108.898 	 -53.7642 	 39.8384 	 0.251757 	 158.242 	 0 	 0 	 NaN 	 NaN 	 0 	 0 	 0 	 NaN 	 NaN 	 NaN 	 NaN 	 0 	 0 	 NaN 	 NaN 	  Tumour 
82 	 1221.46 	 1571.03 	 1838.04 	 99.4082 	 8344 	 172.662 	 63.7062 	 0.929443 	 0.946032 	 429.446 	 1610.7 	 775.939 	 0.481741 	 1169.24 	 1517.35 	 11467 	 0.879641 	 541.63 	 767.829 	 923.09 	 811.188 	 0.434409 	 1148.11 	 855.233 	 330.021 	 0.357517 	 45 	 45 	 369.556 	 169.27 	 1 	 0 	 0 	 NaN 	 NaN 	 NaN 	 NaN 	 45 	 45 	 45 	 0 	 108.131 	 -22.6081 	 30.4743 	 0.193519 	 157.475 	 531 	 834 	 300.896 	 207.818 	 1 	 0 	 0 	 NaN 	 NaN 	 NaN 	 0 	 498 	 33 	 265.5 	 328.805 	  Fib 
83 	 1209.76 	 1932.66 	 2125.72 	 112.606 	 5011 	 150.389 	 43.9482 	 0.956348 	 0.951034 	 363.078 	 1627.83 	 849.398 	 0.521797 	 1253.39 	 1534.49 	 6440 	 0.946363 	 381.279 	 347.502 	 327.756 	 215.854 	 0 	 0 	 0 	 59.7934 	 0.182433 	 0 	 0 	 NaN 	 NaN 	 0 	 0 	 0 	 NaN 	 NaN 	 NaN 	 NaN 	 0 	 0 	 NaN 	 NaN 	 38.0949 	 11.0154 	 12.0226 	 0.137497 	 87.4384 	 133 	 154 	 143.346 	 50.267 	 1 	 0 	 0 	 NaN 	 NaN 	 NaN 	 NaN 	 133 	 133 	 133 	 0 	  Lymph 
84 	 1217.18 	 1448.67 	 1399.23 	 101.119 	 4319 	 107.826 	 51.5398 	 0.878365 	 0.962988 	 283.179 	 1048.85 	 273.841 	 0.261087 	 689.16 	 955.506 	 14692 	 0.906578 	 565.186 	 747.872 	 1029.13 	 917.232 	 0.237603 	 1204.06 	 992.237 	 357.306 	 0.347191 	 31 	 31 	 255.29 	 55.0048 	 1 	 0 	 0 	 NaN 	 NaN 	 NaN 	 NaN 	 31 	 31 	 31 	 0 	 106.388 	 -21.6277 	 24.3038 	 0.156062 	 155.732 	 365 	 473 	 251.83 	 158.751 	 1 	 0 	 0 	 NaN 	 NaN 	 NaN 	 NaN 	 365 	 365 	 365 	 0 	  Tumour 
85 	 1243.62 	 137.868 	 1179.01 	 384.832 	 5580 	 101.573 	 70.2122 	 0.722619 	 0.980151 	 296.191 	 2127.72 	 1067.65 	 0.501783 	 1722.99 	 2034.37 	 6637 	 0.971742 	 317.22 	 534.143 	 289.333 	 177.431 	 0 	 0 	 0 	 94.8278 	 0.327746 	 51 	 53 	 402.392 	 202.107 	 1 	 0 	 0 	 NaN 	 NaN 	 NaN 	 NaN 	 51 	 51 	 51 	 0 	 44.3602 	 34.4516 	 22.1114 	 0.235971 	 93.7038 	 147 	 170 	 149.347 	 56.268 	 1 	 0 	 0 	 NaN 	 NaN 	 NaN 	 NaN 	 147 	 147 	 147 	 0 	  Lymph 
86 	 1257.38 	 294.641 	 1201.78 	 253.221 	 3031 	 83.4029 	 49.072 	 0.80859 	 0.941889 	 248.836 	 1848.42 	 993.533 	 0.537504 	 1402.1 	 1755.08 	 3607 	 0.886459 	 270.25 	 389.954 	 316.746 	 204.844 	 0.504386 	 326.539 	 315.816 	 71.685 	 0.226317 	 0 	 0 	 NaN 	 NaN 	 0 	 0 	 0 	 NaN 	 NaN 	 NaN 	 NaN 	 0 	 0 	 NaN 	 NaN 	 31.3783 	 19.0717 	 14.9992 	 0.185813 	 80.7219 	 156 	 490 	 115.006 	 21.9275 	 3 	 953.39 	 0.314546 	 50.7478 	 15.9049 	 33.8359 	 15.6022 	 71 	 19 	 52 	 28.688 	  Lymph 
87 	 1271.82 	 239.045 	 1210.89 	 294.812 	 2165 	 75.1142 	 37.4489 	 0.866856 	 0.967382 	 197.966 	 1446.69 	 810.861 	 0.560495 	 1072.36 	 1353.34 	 2982 	 0.980276 	 217.823 	 290.172 	 239.441 	 127.54 	 0.223404 	 248.476 	 240.952 	 47.2629 	 0.197388 	 0 	 0 	 NaN 	 NaN 	 0 	 0 	 0 	 NaN 	 NaN 	 NaN 	 NaN 	 0 	 0 	 NaN 	 NaN 	 18.4398 	 12.4589 	 11.4513 	 0.168939 	 67.7834 	 0 	 0 	 NaN 	 NaN 	 0 	 0 	 0 	 NaN 	 NaN 	 NaN 	 NaN 	 0 	 0 	 NaN 	 NaN 	  Lymph 
88 	 1316.93 	 1149.63 	 1335.93 	 252.812 	 11108 	 149.104 	 95.4606 	 0.768183 	 0.974642 	 426.86 	 1887.96 	 706.381 	 0.37415 	 1423.72 	 1794.61 	 13620 	 0.934477 	 485.345 	 918.994 	 1245.87 	 1133.96 	 0.381295 	 1287.93 	 1232.64 	 372.345 	 0.298864 	 132 	 1168 	 288.159 	 87.8735 	 3 	 3162.79 	 0.284731 	 97.7998 	 21.0238 	 65.6926 	 35.6874 	 45 	 42 	 44 	 1.73205 	 130.751 	 -52.9526 	 46.1219 	 0.256098 	 180.095 	 652 	 1763 	 239.494 	 146.415 	 2 	 2862.01 	 0.257653 	 65.8513 	 65.8513 	 65.8513 	 0 	 383 	 269 	 326 	 80.6102 	  Tumour 
89 	 1318.39 	 287.856 	 1261.48 	 231.873 	 4480 	 113.757 	 51.1854 	 0.893051 	 0.96158 	 295.22 	 1968.75 	 757.618 	 0.384822 	 1500.4 	 1875.4 	 5673 	 0.95763 	 315.706 	 407.858 	 373.173 	 261.271 	 0.274436 	 371.945 	 369.832 	 149.507 	 0.400638 	 0 	 0 	 NaN 	 NaN 	 0 	 0 	 0 	 NaN 	 NaN 	 NaN 	 NaN 	 0 	 0 	 NaN 	 NaN 	 47.7256 	 23.3668 	 17.0074 	 0.175209 	 97.0692 	 68 	 69 	 123.632 	 30.5535 	 1 	 0 	 0 	 NaN 	 NaN 	 NaN 	 NaN 	 68 	 68 	 68 	 0 	  Lymph 
90 	 1324.61 	 926.935 	 1271.37 	 338.378 	 10879 	 124.781 	 111.563 	 0.447929 	 0.976571 	 408.032 	 1353.21 	 367.034 	 0.271232 	 991.068 	 1259.87 	 16530 	 0.970526 	 517.529 	 851.418 	 1550.46 	 1438.56 	 0.123288 	 1565.5 	 1544.92 	 759.796 	 0.490045 	 0 	 0 	 NaN 	 NaN 	 0 	 0 	 0 	 NaN 	 NaN 	 NaN 	 NaN 	 0 	 0 	 NaN 	 NaN 	 82.3233 	 -69.6635 	 39.0824 	 0.296828 	 131.667 	 291 	 1296 	 152.498 	 59.4194 	 3 	 5336.79 	 0.490559 	 47.6123 	 30.3242 	 37.9431 	 7.89292 	 206 	 26 	 97 	 95.828 	  Tumour 
91 	 1310.84 	 1930.21 	 2179.33 	 205.548 	 8648 	 193.708 	 58.1004 	 0.953958 	 0.928196 	 465.446 	 1786.19 	 1000.33 	 0.560034 	 1422.26 	 1692.84 	 10413 	 0.93777 	 469.22 	 279.25 	 218.832 	 106.93 	 0 	 0 	 0 	 58.4267 	 0.266994 	 31 	 31 	 223.258 	 22.9725 	 1 	 0 	 0 	 NaN 	 NaN 	 NaN 	 NaN 	 31 	 31 	 31 	 0 	 23.9271 	 11.3491 	 13.0395 	 0.177964 	 73.2707 	 77 	 77 	 145.221 	 52.1419 	 1 	 0 	 0 	 NaN 	 NaN 	 NaN 	 NaN 	 77 	 77 	 77 	 0 	  Fib 
92 	 1342.87 	 1303.89 	 1427.22 	 123.167 	 10111 	 146.928 	 95.2297 	 0.761523 	 0.933438 	 471.487 	 1742.8 	 683.961 	 0.392449 	 1140.83 	 1649.46 	 16651 	 0.870914 	 612.399 	 697.655 	 1131.92 	 1020.01 	 0.502857 	 1258.14 	 1079.13 	 334.609 	 0.295613 	 90 	 260 	 276.467 	 76.1811 	 2 	 5300.52 	 0.524233 	 26.9258 	 26.9258 	 26.9258 	 0 	 45 	 45 	 45 	 0 	 102.705 	 -26.4271 	 31.091 	 0.204481 	 152.048 	 353 	 433 	 278.558 	 185.479 	 0 	 0 	 0 	 NaN 	 NaN 	 NaN 	 NaN 	 0 	 0 	 353 	 0 	  Tumour 
93 	 1353.32 	 604.708 	 1261.06 	 279.959 	 10165 	 127.21 	 102.961 	 0.58729 	 0.96223 	 397.304 	 1106.64 	 258.599 	 0.233679 	 662.856 	 1013.3 	 20438 	 0.945197 	 586.926 	 669.214 	 890.229 	 778.327 	 0.387755 	 944.237 	 880.547 	 258.576 	 0.290461 	 113 	 445 	 247.965 	 47.6791 	 3 	 695.101 	 0.0683818 	 35.1745 	 15.3971 	 24.7069 	 8.89012 	 45 	 33 	 37.6667 	 6.4291 	 73.5409 	 -40.1395 	 30.1284 	 0.245176 	 122.885 	 803 	 1538 	 244.63 	 151.551 	 5 	 3535.61 	 0.347822 	 48.4047 	 12.3038 	 26.3801 	 10.9752 	 419 	 33 	 133.833 	 142.888 	  Tumour 
94 	 1396.71 	 505.628 	 1309.71 	 171.767 	 11989 	 128.814 	 118.939 	 0.383974 	 0.975985 	 419.688 	 1121.85 	 276.272 	 0.246265 	 818.653 	 1028.5 	 16327 	 0.876994 	 616.784 	 691.126 	 1123.1 	 1011.19 	 0.225191 	 828.237 	 1140.7 	 536.466 	 0.477667 	 30 	 30 	 252.333 	 52.0478 	 1 	 0 	 0 	 NaN 	 NaN 	 NaN 	 NaN 	 30 	 30 	 30 	 0 	 57.6808 	 -55.4657 	 31.1372 	 0.290936 	 107.024 	 40 	 40 	 90.2 	 -2.8789 	 1 	 0 	 0 	 NaN 	 NaN 	 NaN 	 NaN 	 40 	 40 	 40 	 0 	  Tumour 
95 	 1388.32 	 686.794 	 1297.89 	 344.688 	 5067 	 115.479 	 56.8739 	 0.870311 	 0.934009 	 320.434 	 988.512 	 287.61 	 0.290952 	 658.198 	 895.166 	 7840 	 0.841744 	 492.5 	 741.807 	 815.64 	 703.738 	 0.223039 	 1001.78 	 789.261 	 358.562 	 0.439608 	 0 	 0 	 NaN 	 NaN 	 0 	 0 	 0 	 NaN 	 NaN 	 NaN 	 NaN 	 0 	 0 	 NaN 	 NaN 	 94.6371 	 -4.46016 	 19.4288 	 0.13494 	 143.981 	 356 	 1594 	 159.694 	 66.6149 	 3 	 2047.94 	 0.404173 	 68.3517 	 18.9067 	 49.0927 	 23.677 	 167 	 27 	 118.667 	 79.425 	  Tumour 
96 	 1431 	 1253.46 	 1482.37 	 113.6 	 11260 	 142.239 	 102.137 	 0.695972 	 0.96264 	 427.446 	 1086.42 	 280.936 	 0.258589 	 708.889 	 993.072 	 16003 	 0.939584 	 555.612 	 699.344 	 1121.6 	 1009.7 	 0.426407 	 1228.82 	 1079.18 	 325.043 	 0.289802 	 90 	 270 	 249.678 	 49.3922 	 2 	 4331.83 	 0.38471 	 28.4605 	 28.4605 	 28.4605 	 0 	 45 	 45 	 45 	 0 	 100.872 	 -48.169 	 32.7897 	 0.218285 	 150.215 	 541 	 814 	 257.632 	 164.553 	 2 	 5015.05 	 0.445386 	 20.6981 	 20.6981 	 20.6981 	 0 	 485 	 56 	 270.5 	 303.349 	  Tumour 
97 	 1449.65 	 1365.36 	 1847.69 	 113.6 	 3214 	 123.385 	 36.4458 	 0.955379 	 0.901796 	 287.362 	 1162.28 	 406.385 	 0.349646 	 853.342 	 1068.93 	 4553 	 0.719842 	 368.375 	 717.171 	 634.38 	 522.478 	 0.265574 	 640.346 	 643.154 	 221.108 	 0.348542 	 39 	 39 	 314 	 113.714 	 1 	 0 	 0 	 NaN 	 NaN 	 NaN 	 NaN 	 39 	 39 	 39 	 0 	 102.278 	 8.51174 	 18.5783 	 0.122531 	 151.621 	 36 	 39 	 112.139 	 19.06 	 1 	 0 	 0 	 NaN 	 NaN 	 NaN 	 NaN 	 36 	 36 	 36 	 0 	  Fib 
98 	 1476.93 	 354.48 	 1427.83 	 67.1789 	 2752 	 110.751 	 33.1536 	 0.954143 	 0.919172 	 265.22 	 1205.95 	 430.146 	 0.356686 	 815.768 	 1112.61 	 4300 	 0.719064 	 427.772 	 907.843 	 1122.56 	 1010.66 	 0.345821 	 1029.42 	 1119.82 	 729.969 	 0.650272 	 0 	 0 	 NaN 	 NaN 	 0 	 0 	 0 	 NaN 	 NaN 	 NaN 	 NaN 	 0 	 0 	 NaN 	 NaN 	 106.858 	 -5.18095 	 47.2678 	 0.302608 	 156.202 	 78 	 400 	 125.474 	 32.3955 	 2 	 198.685 	 0.0721966 	 53.0684 	 53.0684 	 53.0684 	 0 	 67 	 11 	 39 	 39.598 	  Fib 
99 	 1523.92 	 929.778 	 1465.81 	 351.027 	 7616 	 136.207 	 71.8899 	 0.84937 	 0.959194 	 407.262 	 824.439 	 236.339 	 0.286667 	 542.114 	 731.094 	 20927 	 0.869278 	 765.921 	 818.871 	 1312.12 	 1200.22 	 0.560937 	 1514.46 	 1239.5 	 576.162 	 0.439106 	 0 	 0 	 NaN 	 NaN 	 0 	 0 	 0 	 NaN 	 NaN 	 NaN 	 NaN 	 0 	 0 	 NaN 	 NaN 	 88.2716 	 -45.3135 	 22.6115 	 0.16431 	 137.615 	 0 	 0 	 NaN 	 NaN 	 0 	 0 	 0 	 NaN 	 NaN 	 NaN 	 NaN 	 0 	 0 	 NaN 	 NaN 	  Tumour 
100 	 1492.36 	 303.611 	 1436.17 	 103.092 	 2853 	 99.2126 	 37.0783 	 0.927539 	 0.942517 	 238.593 	 1444.4 	 607.448 	 0.420553 	 1140.82 	 1351.06 	 6324 	 0.769437 	 442.558 	 587.454 	 783.141 	 671.239 	 0.255435 	 950.989 	 734.977 	 688.167 	 0.878726 	 0 	 0 	 NaN 	 NaN 	 0 	 0 	 0 	 NaN 	 NaN 	 NaN 	 NaN 	 0 	 0 	 NaN 	 NaN 	 46.573 	 1.42057 	 26.692 	 0.278284 	 95.9166 	 0 	 0 	 NaN 	 NaN 	 0 	 0 	 0 	 NaN 	 NaN 	 NaN 	 NaN 	 0 	 0 	 NaN 	 NaN 	  Fib 
101 	 1485.37 	 1371.85 	 1878.64 	 130.679 	 909 	 62.1055 	 19.0026 	 0.95204 	 0.92472 	 148.752 	 1032.57 	 374.876 	 0.363052 	 647.058 	 939.221 	 1481 	 0.96608 	 164.652 	 394.889 	 410.149 	 298.247 	 0.380597 	 515.235 	 382.525 	 125.183 	 0.305213 	 0 	 0 	 NaN 	 NaN 	 0 	 0 	 0 	 NaN 	 NaN 	 NaN 	 NaN 	 0 	 0 	 NaN 	 NaN 	 47.7708 	 4.78351 	 15.8077 	 0.162774 	 97.1144 	 0 	 0 	 NaN 	 NaN 	 0 	 0 	 0 	 NaN 	 NaN 	 NaN 	 NaN 	 0 	 0 	 NaN 	 NaN 	  Other 
102 	 1526.33 	 1026.19 	 1491.19 	 255.812 	 8319 	 129.526 	 83.2504 	 0.766094 	 0.939894 	 397.304 	 528.227 	 167.206 	 0.316542 	 202.631 	 434.881 	 14216 	 0.923657 	 550.517 	 681.345 	 1311.19 	 1199.29 	 0.283644 	 1270.87 	 1293.11 	 456.728 	 0.348332 	 0 	 0 	 NaN 	 NaN 	 0 	 0 	 0 	 NaN 	 NaN 	 NaN 	 NaN 	 0 	 0 	 NaN 	 NaN 	 86.5702 	 -58.6363 	 48.2193 	 0.354779 	 135.914 	 0 	 0 	 NaN 	 NaN 	 0 	 0 	 0 	 NaN 	 NaN 	 NaN 	 NaN 	 0 	 0 	 NaN 	 NaN 	  Tumour 
103 	 1523.58 	 402.283 	 1448.05 	 67.1789 	 8333 	 129.873 	 81.9849 	 0.775563 	 0.981276 	 363.019 	 1357.15 	 425.207 	 0.31331 	 975.009 	 1263.8 	 16725 	 0.921183 	 586.583 	 709.244 	 1088.53 	 976.633 	 0.366803 	 1164.42 	 1071.72 	 391.348 	 0.359518 	 90 	 331 	 247.578 	 47.2922 	 2 	 560.951 	 0.0673169 	 36.7696 	 36.7696 	 36.7696 	 0 	 45 	 45 	 45 	 0 	 62.0332 	 -64.7954 	 27.9651 	 0.251086 	 111.377 	 373 	 609 	 256.349 	 163.27 	 3 	 2507.18 	 0.300874 	 26.2264 	 9.93185 	 17.5448 	 7.33398 	 324 	 17 	 124.333 	 173.079 	  Tumour 
104 	 1536.32 	 784.469 	 1453.62 	 434.029 	 8086 	 107.952 	 95.9867 	 0.457593 	 0.977869 	 343.948 	 806.982 	 192.544 	 0.238597 	 582.241 	 713.637 	 35538 	 0.944557 	 820.833 	 756.024 	 1308.6 	 1196.69 	 0.241935 	 1850.29 	 1228.78 	 742.924 	 0.567727 	 0 	 0 	 NaN 	 NaN 	 0 	 0 	 0 	 NaN 	 NaN 	 NaN 	 NaN 	 0 	 0 	 NaN 	 NaN 	 33.5387 	 -12.1932 	 9.15845 	 0.1105 	 82.8823 	 0 	 0 	 NaN 	 NaN 	 0 	 0 	 0 	 NaN 	 NaN 	 NaN 	 NaN 	 0 	 0 	 NaN 	 NaN 	  Tumour 
105 	 1516.15 	 1478 	 1972.38 	 240.52 	 1404 	 53.6334 	 34.6108 	 0.763911 	 0.951864 	 149.539 	 966.031 	 222.939 	 0.230778 	 732.12 	 872.686 	 2035 	 0.963086 	 173.054 	 304.238 	 304.903 	 193.001 	 0 	 0 	 0 	 83.0816 	 0.272486 	 33 	 34 	 209.212 	 8.92657 	 1 	 0 	 0 	 NaN 	 NaN 	 NaN 	 NaN 	 33 	 33 	 33 	 0 	 29.0125 	 -3.70093 	 9.25839 	 0.118158 	 78.3561 	 103 	 247 	 112.825 	 19.7463 	 2 	 144.742 	 0.103093 	 21.053 	 21.053 	 21.053 	 0 	 77 	 26 	 51.5 	 36.0624 	  Other 
106 	 1569.69 	 1278.37 	 1885.61 	 141.23 	 2874 	 123.283 	 31.623 	 0.966542 	 0.914704 	 287.362 	 1136.64 	 404.513 	 0.355884 	 850.546 	 1043.3 	 7140 	 0.654806 	 673.235 	 882.5 	 963.722 	 851.82 	 0.0680147 	 904.216 	 965.54 	 701.653 	 0.728065 	 0 	 0 	 NaN 	 NaN 	 0 	 0 	 0 	 NaN 	 NaN 	 NaN 	 NaN 	 0 	 0 	 NaN 	 NaN 	 71.0527 	 -18.7668 	 32.2635 	 0.267978 	 120.396 	 0 	 0 	 NaN 	 NaN 	 0 	 0 	 0 	 NaN 	 NaN 	 NaN 	 NaN 	 0 	 0 	 NaN 	 NaN 	  Fib 
107 	 1567.22 	 1686.61 	 2154.77 	 216.393 	 3091 	 106.683 	 38.5604 	 0.932392 	 0.90885 	 260.066 	 1451.42 	 607.794 	 0.418758 	 1132.1 	 1358.07 	 3827 	 0.897725 	 280.995 	 316.366 	 286.139 	 174.237 	 0.297619 	 302.147 	 282.543 	 39.7644 	 0.138969 	 0 	 0 	 NaN 	 NaN 	 0 	 0 	 0 	 NaN 	 NaN 	 NaN 	 NaN 	 0 	 0 	 NaN 	 NaN 	 33.175 	 10.946 	 9.20394 	 0.111538 	 82.5186 	 0 	 0 	 NaN 	 NaN 	 0 	 0 	 0 	 NaN 	 NaN 	 NaN 	 NaN 	 0 	 0 	 NaN 	 NaN 	  Lymph 
108 	 1579.12 	 108.896 	 1514.36 	 276.921 	 2354 	 81.9261 	 36.9291 	 0.892645 	 0.968724 	 205.865 	 1375.18 	 574.584 	 0.417824 	 1099.74 	 1281.84 	 3288 	 0.975668 	 229.279 	 248.742 	 206.833 	 94.9314 	 0 	 0 	 0 	 85.3796 	 0.412794 	 45 	 45 	 200.644 	 0.358893 	 1 	 0 	 0 	 NaN 	 NaN 	 NaN 	 NaN 	 45 	 45 	 45 	 0 	 11.8314 	 8.61086 	 9.93575 	 0.162415 	 61.175 	 0 	 0 	 NaN 	 NaN 	 0 	 0 	 0 	 NaN 	 NaN 	 NaN 	 NaN 	 0 	 0 	 NaN 	 NaN 	  Lymph 
109 	 1655.64 	 374.679 	 1582.61 	 178.709 	 23680 	 217.926 	 139.725 	 0.76741 	 0.957193 	 631.328 	 1373.25 	 365.566 	 0.266205 	 977.912 	 1279.91 	 32154 	 0.877829 	 910.406 	 672.066 	 1238.98 	 1127.08 	 0.267263 	 968.057 	 1276.09 	 457.546 	 0.369293 	 90 	 497 	 222.789 	 22.5033 	 2 	 9402.8 	 0.397078 	 60.531 	 60.531 	 60.531 	 0 	 45 	 45 	 45 	 0 	 74.34 	 -69.8897 	 36.8263 	 0.297746 	 123.684 	 915 	 7847 	 163.109 	 70.0304 	 6 	 9060.34 	 0.382616 	 134.208 	 11.196 	 66.4534 	 35.7835 	 450 	 30 	 130.714 	 152.217 	  Tumour 
110 	 1601.18 	 1708.28 	 2193.55 	 196.115 	 2293 	 78.3389 	 40.449 	 0.856388 	 0.922736 	 215.137 	 1317.88 	 549.657 	 0.417077 	 972.886 	 1224.53 	 3218 	 0.937919 	 240.451 	 300.715 	 281.078 	 169.176 	 0.372549 	 303.25 	 275.614 	 40.8282 	 0.145255 	 0 	 0 	 NaN 	 NaN 	 0 	 0 	 0 	 NaN 	 NaN 	 NaN 	 NaN 	 0 	 0 	 NaN 	 NaN 	 28.9159 	 11.2453 	 9.50045 	 0.121397 	 78.2595 	 0 	 0 	 NaN 	 NaN 	 0 	 0 	 0 	 NaN 	 NaN 	 NaN 	 NaN 	 0 	 0 	 NaN 	 NaN 	  Lymph 
111 	 1630.7 	 1401.21 	 2009.34 	 235.951 	 2952 	 72.807 	 52.0795 	 0.698808 	 0.976837 	 211.48 	 1142.12 	 333.672 	 0.292151 	 886.404 	 1048.78 	 3816 	 0.982492 	 232.167 	 264.298 	 254.221 	 142.319 	 0 	 0 	 0 	 83.1027 	 0.326892 	 45 	 45 	 207.511 	 7.22556 	 1 	 0 	 0 	 NaN 	 NaN 	 NaN 	 NaN 	 45 	 45 	 45 	 0 	 28.5785 	 3.98532 	 8.04705 	 0.10327 	 77.9221 	 113 	 149 	 127.903 	 34.8238 	 2 	 448.191 	 0.151826 	 11.0616 	 11.0616 	 11.0616 	 0 	 71 	 42 	 56.5 	 20.5061 	  Lymph 
112 	 1666.33 	 151.129 	 1601.03 	 224.223 	 2701 	 110.644 	 32.9366 	 0.954665 	 0.883835 	 262.451 	 1260.84 	 516.663 	 0.409776 	 979.799 	 1167.5 	 3751 	 0.911322 	 282.309 	 324.493 	 284.792 	 172.89 	 0 	 0 	 0 	 45.8693 	 0.161062 	 0 	 0 	 NaN 	 NaN 	 0 	 0 	 0 	 NaN 	 NaN 	 NaN 	 NaN 	 0 	 0 	 NaN 	 NaN 	 24.2484 	 8.86411 	 8.64712 	 0.117501 	 73.592 	 0 	 0 	 NaN 	 NaN 	 0 	 0 	 0 	 NaN 	 NaN 	 NaN 	 NaN 	 0 	 0 	 NaN 	 NaN 	  Fib 
113 	 1697.92 	 1002.58 	 1651.74 	 219.42 	 6454 	 120.71 	 71.0411 	 0.808477 	 0.919897 	 332.208 	 1604.51 	 462.776 	 0.288422 	 973.999 	 1511.16 	 13658 	 0.95564 	 475.605 	 897.548 	 1211.36 	 1099.46 	 0.451537 	 1409.39 	 1151.27 	 388.075 	 0.320363 	 45 	 45 	 296.489 	 96.2033 	 1 	 0 	 0 	 NaN 	 NaN 	 NaN 	 NaN 	 45 	 45 	 45 	 0 	 97.8067 	 -61.5858 	 35.8083 	 0.243345 	 147.15 	 395 	 577 	 198.947 	 105.868 	 1 	 0 	 0 	 NaN 	 NaN 	 NaN 	 NaN 	 395 	 395 	 395 	 0 	  Tumour 
114 	 1686.57 	 613.967 	 1595 	 334.215 	 4410 	 96.6794 	 58.5681 	 0.795619 	 0.981308 	 260.451 	 1894.45 	 671.992 	 0.354716 	 1602.17 	 1801.11 	 5554 	 0.988784 	 285.966 	 278.04 	 286.905 	 175.003 	 0 	 0 	 0 	 161.783 	 0.563891 	 0 	 0 	 NaN 	 NaN 	 0 	 0 	 0 	 NaN 	 NaN 	 NaN 	 NaN 	 0 	 0 	 NaN 	 NaN 	 24.5084 	 0.166436 	 8.67487 	 0.117463 	 73.8519 	 119 	 320 	 94.2017 	 1.12278 	 2 	 237.405 	 0.0538333 	 26.134 	 26.134 	 26.134 	 0 	 90 	 29 	 59.5 	 43.1335 	  Tumour 
115 	 1733.67 	 920.486 	 1669.72 	 245.98 	 12126 	 139.446 	 111.508 	 0.600473 	 0.964755 	 438.96 	 986.373 	 270.481 	 0.274218 	 691.159 	 893.027 	 21741 	 0.861542 	 779.495 	 647.061 	 1141.24 	 1029.34 	 0.370871 	 1463.91 	 1075.49 	 424.58 	 0.372034 	 30 	 30 	 190.4 	 -9.88555 	 1 	 0 	 0 	 NaN 	 NaN 	 NaN 	 NaN 	 30 	 30 	 30 	 0 	 33.3072 	 -42.9842 	 31.2916 	 0.3786 	 82.6508 	 229 	 306 	 148.17 	 55.0914 	 1 	 0 	 0 	 NaN 	 NaN 	 NaN 	 NaN 	 229 	 229 	 229 	 0 	  Tumour 
116 	 1794 	 1781.87 	 2062.53 	 206.7 	 12579 	 144.108 	 111.899 	 0.63013 	 0.962212 	 445.831 	 803.492 	 186.488 	 0.232097 	 531.557 	 710.147 	 24072 	 0.936217 	 660.583 	 645.348 	 1184.7 	 1072.8 	 0.263345 	 1012.24 	 1216.92 	 498.613 	 0.420877 	 135 	 677 	 235.237 	 34.9515 	 3 	 5652.8 	 0.449384 	 37.0135 	 19.6469 	 28.7975 	 7.80026 	 45 	 45 	 45 	 0 	 80.1472 	 -84.3425 	 29.2805 	 0.226121 	 129.491 	 933 	 1377 	 271.31 	 178.231 	 1 	 0 	 0 	 NaN 	 NaN 	 NaN 	 NaN 	 933 	 933 	 933 	 0 	  Tumour 
117 	 1766.06 	 1601.82 	 1942.29 	 196.115 	 6257 	 168.173 	 50.9238 	 0.953052 	 0.904975 	 403.889 	 1147.49 	 346.982 	 0.302383 	 811.394 	 1054.15 	 16151 	 0.93084 	 649.772 	 794.252 	 1259.19 	 1147.29 	 0.151142 	 1870.57 	 1202.02 	 817.834 	 0.649493 	 37 	 38 	 254.946 	 54.6604 	 1 	 0 	 0 	 NaN 	 NaN 	 NaN 	 NaN 	 37 	 37 	 37 	 0 	 124.583 	 -13.467 	 50.1535 	 0.28836 	 173.927 	 396 	 598 	 247.308 	 154.229 	 2 	 2479.03 	 0.396201 	 12.8829 	 12.8829 	 12.8829 	 0 	 355 	 41 	 198 	 222.032 	  Tumour 
118 	 1794.97 	 438.479 	 1712.38 	 272.738 	 11427 	 127.851 	 113.976 	 0.453068 	 0.983221 	 415.404 	 918.925 	 250.712 	 0.272832 	 600.017 	 825.579 	 45247 	 0.940569 	 872.85 	 858.202 	 1097.15 	 985.249 	 0.128171 	 1106.46 	 1097.98 	 322.214 	 0.293682 	 30 	 30 	 225.6 	 25.3144 	 1 	 0 	 0 	 NaN 	 NaN 	 NaN 	 NaN 	 30 	 30 	 30 	 0 	 82.9075 	 -42.7347 	 29.6831 	 0.224445 	 132.251 	 132 	 174 	 120.295 	 27.2166 	 2 	 806.668 	 0.0705931 	 10.9775 	 10.9775 	 10.9775 	 0 	 69 	 63 	 66 	 4.24264 	  Tumour 
119 	 1791.42 	 1025.12 	 1747.3 	 130.384 	 7024 	 111.162 	 80.8374 	 0.686421 	 0.972718 	 331.12 	 1314.51 	 341.876 	 0.260078 	 966.855 	 1221.17 	 10763 	 0.873337 	 476.416 	 727.037 	 1091.33 	 979.433 	 0.527094 	 1149.75 	 1066.97 	 324.219 	 0.297084 	 0 	 0 	 NaN 	 NaN 	 0 	 0 	 0 	 NaN 	 NaN 	 NaN 	 NaN 	 0 	 0 	 NaN 	 NaN 	 76.9864 	 -46.2134 	 19.3364 	 0.153062 	 126.33 	 0 	 0 	 NaN 	 NaN 	 0 	 0 	 0 	 NaN 	 NaN 	 NaN 	 NaN 	 0 	 0 	 NaN 	 NaN 	  Tumour 
120 	 1840.03 	 169.367 	 1775.21 	 108.046 	 1655 	 93.8766 	 23.2667 	 0.9688 	 0.916898 	 232.309 	 942.319 	 303.129 	 0.321684 	 626.017 	 848.974 	 2662 	 0.890301 	 256.309 	 810.678 	 900.991 	 789.089 	 0 	 0 	 0 	 479.457 	 0.532144 	 0 	 0 	 NaN 	 NaN 	 0 	 0 	 0 	 NaN 	 NaN 	 NaN 	 NaN 	 0 	 0 	 NaN 	 NaN 	 120.173 	 5.77116 	 33.0348 	 0.194876 	 169.517 	 0 	 0 	 NaN 	 NaN 	 0 	 0 	 0 	 NaN 	 NaN 	 NaN 	 NaN 	 0 	 0 	 NaN 	 NaN 	  Fib 
121 	 1855.2 	 276.379 	 1795.68 	 108.046 	 10848 	 132.932 	 104.009 	 0.622742 	 0.981897 	 408.274 	 985.126 	 198.644 	 0.201644 	 593.103 	 891.781 	 21634 	 0.897602 	 682.382 	 658.977 	 1189.03 	 1077.13 	 0.273356 	 1264.58 	 1174.81 	 464.209 	 0.390409 	 126 	 703 	 224.841 	 24.5557 	 3 	 709.755 	 0.0654272 	 80.2276 	 25.8271 	 53.4959 	 24.3395 	 45 	 38 	 42 	 3.60555 	 68.0244 	 -46.3991 	 27.7848 	 0.236733 	 117.368 	 1086 	 1831 	 255.997 	 162.918 	 1 	 0 	 0 	 NaN 	 NaN 	 NaN 	 NaN 	 1086 	 1086 	 1086 	 0 	  Tumour 
122 	 1843.26 	 1580.05 	 1998.34 	 273.766 	 7612 	 145.762 	 68.5313 	 0.882582 	 0.959899 	 396.032 	 917.967 	 203.04 	 0.221185 	 595.453 	 824.621 	 14672 	 0.81802 	 600.683 	 769.21 	 1389.52 	 1277.62 	 0.168317 	 1837.91 	 1334.4 	 605.055 	 0.435442 	 119 	 385 	 226.244 	 25.9581 	 2 	 645.541 	 0.0848057 	 32.7605 	 32.7605 	 32.7605 	 0 	 74 	 45 	 59.5 	 20.5061 	 85.5672 	 -63.8472 	 33.6965 	 0.249769 	 134.911 	 547 	 831 	 240.32 	 147.241 	 3 	 1650.24 	 0.216795 	 21.0995 	 12.7329 	 17.8383 	 4.00514 	 317 	 110 	 182.333 	 116.732 	  Tumour 
123 	 1863.06 	 1444.18 	 1954.58 	 235.951 	 6131 	 91.7176 	 85.616 	 0.358644 	 0.977363 	 300.978 	 1573.58 	 530.02 	 0.336823 	 1216.38 	 1480.24 	 10577 	 0.965231 	 409.245 	 941.251 	 1427.14 	 1315.24 	 0.215976 	 1827.58 	 1368.98 	 587.869 	 0.411921 	 90 	 297 	 315.056 	 114.77 	 2 	 492.08 	 0.0802609 	 31.305 	 31.305 	 31.305 	 0 	 45 	 45 	 45 	 0 	 139.646 	 -63.3035 	 54.7597 	 0.289749 	 188.99 	 922 	 1563 	 277.36 	 184.281 	 1 	 0 	 0 	 NaN 	 NaN 	 NaN 	 0 	 880 	 42 	 461 	 592.555 	  Tumour 
124 	 1879.04 	 2031.55 	 2279.38 	 426.919 	 9984 	 119.512 	 107.749 	 0.432622 	 0.986074 	 390.392 	 775.047 	 159.604 	 0.205928 	 512.975 	 681.701 	 18853 	 0.940393 	 633.63 	 592.768 	 1266.32 	 1154.42 	 0.147217 	 2129.13 	 1234.95 	 618.46 	 0.48839 	 45 	 45 	 190.244 	 -10.0411 	 1 	 0 	 0 	 NaN 	 NaN 	 NaN 	 NaN 	 45 	 45 	 45 	 0 	 39.816 	 -33.8235 	 18.0201 	 0.202111 	 89.1596 	 341 	 946 	 147.029 	 53.9504 	 4 	 1770.86 	 0.177369 	 54.2919 	 11.6447 	 29.5018 	 16.6721 	 120 	 59 	 85.25 	 25.7083 	  Tumour 
125 	 1888.77 	 1110.83 	 2065.41 	 118.004 	 2190 	 106.592 	 26.7434 	 0.968014 	 0.947642 	 245.463 	 1090.98 	 436.535 	 0.40013 	 812.642 	 997.636 	 3349 	 0.968759 	 264.534 	 388.34 	 282.874 	 170.972 	 0 	 0 	 0 	 79.5328 	 0.28116 	 0 	 0 	 NaN 	 NaN 	 0 	 0 	 0 	 NaN 	 NaN 	 NaN 	 NaN 	 0 	 0 	 NaN 	 NaN 	 38.6322 	 10.9093 	 13.0093 	 0.147873 	 87.9758 	 0 	 0 	 NaN 	 NaN 	 0 	 0 	 0 	 NaN 	 NaN 	 NaN 	 NaN 	 0 	 0 	 NaN 	 NaN 	  Fib 
126 	 1891.13 	 1807.34 	 2156.97 	 306.433 	 8844 	 141.074 	 80.6625 	 0.82041 	 0.979727 	 379.262 	 1185.35 	 280.736 	 0.236838 	 888.431 	 1092.01 	 14883 	 0.864336 	 608.884 	 845.323 	 1265.96 	 1154.06 	 0.285164 	 1012.24 	 1304.13 	 493.604 	 0.389904 	 90 	 189 	 212.756 	 12.47 	 2 	 2076.35 	 0.234775 	 17.8885 	 17.8885 	 17.8885 	 0 	 45 	 45 	 45 	 0 	 82.1827 	 -55.5397 	 32.6595 	 0.248311 	 131.526 	 785 	 1799 	 222.669 	 129.59 	 4 	 1681.02 	 0.190075 	 44.2702 	 12.4823 	 25.806 	 9.79125 	 480 	 16 	 157 	 189.639 	  Tumour 
127 	 1890.43 	 992.676 	 1836.89 	 118.004 	 3731 	 79.4915 	 60.6527 	 0.646388 	 0.932051 	 253.765 	 992.003 	 191.262 	 0.192804 	 655.081 	 898.658 	 8006 	 0.801722 	 455.286 	 817.378 	 940.732 	 828.83 	 0.374005 	 835.128 	 961.207 	 252.438 	 0.268342 	 0 	 0 	 NaN 	 NaN 	 0 	 0 	 0 	 NaN 	 NaN 	 NaN 	 NaN 	 0 	 0 	 NaN 	 NaN 	 117.545 	 -26.4608 	 16.7105 	 0.10013 	 166.888 	 0 	 0 	 NaN 	 NaN 	 0 	 0 	 0 	 NaN 	 NaN 	 NaN 	 NaN 	 0 	 0 	 NaN 	 NaN 	  Tumour 
128 	 1907.91 	 1375.04 	 1967.85 	 264.683 	 7358 	 109.523 	 87.2937 	 0.603935 	 0.954345 	 343.161 	 1707.32 	 547.673 	 0.32078 	 1355.92 	 1613.97 	 9467 	 0.931883 	 396.274 	 776.442 	 1324.33 	 1212.43 	 0.221212 	 1815.6 	 1243.96 	 475.711 	 0.359208 	 44 	 46 	 298.818 	 98.5326 	 1 	 0 	 0 	 NaN 	 NaN 	 NaN 	 NaN 	 44 	 44 	 44 	 0 	 102.78 	 -63.8328 	 39.6056 	 0.260351 	 152.124 	 221 	 292 	 233.05 	 139.971 	 2 	 4133.25 	 0.561736 	 11.5866 	 11.5866 	 11.5866 	 0 	 180 	 41 	 110.5 	 98.2878 	  Tumour 
129 	 1989.86 	 894.829 	 1918.25 	 212.984 	 10614 	 186.245 	 78.8472 	 0.905966 	 0.891184 	 514.014 	 1126.56 	 297.695 	 0.26425 	 765.577 	 1033.22 	 17707 	 0.878323 	 712.365 	 857.06 	 1161.09 	 1049.19 	 0.204738 	 969.826 	 1166.31 	 405.964 	 0.349639 	 41 	 41 	 310.585 	 110.3 	 1 	 0 	 0 	 NaN 	 NaN 	 NaN 	 NaN 	 41 	 41 	 41 	 0 	 98.4302 	 -36.9769 	 32.8532 	 0.222321 	 147.774 	 536 	 987 	 193.47 	 100.391 	 3 	 6929.73 	 0.652886 	 37.5165 	 18.6614 	 26.8785 	 8.63825 	 313 	 87 	 178.667 	 118.888 	  Tumour 
130 	 1972.5 	 1959.23 	 2310.65 	 329.14 	 4694 	 115.821 	 53.2051 	 0.888243 	 0.90096 	 321.019 	 946.927 	 228.377 	 0.241177 	 657.397 	 853.582 	 11307 	 0.931077 	 479.428 	 1102.32 	 1532.79 	 1420.89 	 0.209068 	 2007.82 	 1469.54 	 651.374 	 0.42496 	 0 	 0 	 NaN 	 NaN 	 0 	 0 	 0 	 NaN 	 NaN 	 NaN 	 NaN 	 0 	 0 	 NaN 	 NaN 	 124.305 	 15.3788 	 26.0585 	 0.150064 	 173.649 	 0 	 0 	 NaN 	 NaN 	 0 	 0 	 0 	 NaN 	 NaN 	 NaN 	 NaN 	 0 	 0 	 NaN 	 NaN 	  Tumour 
131 	 1985.05 	 220.865 	 1933.98 	 154.042 	 8561 	 139.843 	 78.5785 	 0.827201 	 0.972178 	 384.032 	 1372.69 	 414.714 	 0.302117 	 979.882 	 1279.35 	 19211 	 0.922807 	 647.37 	 803.69 	 1183.73 	 1071.82 	 0.390991 	 1292.99 	 1173.86 	 439.02 	 0.37088 	 113 	 428 	 338.912 	 138.626 	 3 	 1569.65 	 0.183349 	 39.9209 	 19.0069 	 27.0179 	 10.0915 	 42 	 31 	 37.6667 	 5.85947 	 117.141 	 -34.3234 	 32.2251 	 0.193562 	 166.485 	 997 	 2173 	 243.588 	 150.509 	 3 	 2028.03 	 0.236892 	 66.0485 	 33.8053 	 45.4925 	 15.9724 	 637 	 10 	 332.333 	 313.873 	  Tumour 
132 	 2024.5 	 324.93 	 1953.94 	 241.23 	 7795 	 111.857 	 88.951 	 0.606318 	 0.986085 	 334.978 	 1078.29 	 250.353 	 0.232176 	 794.484 	 984.943 	 13243 	 0.915014 	 507.328 	 802.565 	 1463.63 	 1351.73 	 0.274882 	 1297.78 	 1465.3 	 564.534 	 0.385708 	 0 	 0 	 NaN 	 NaN 	 0 	 0 	 0 	 NaN 	 NaN 	 NaN 	 NaN 	 0 	 0 	 NaN 	 NaN 	 38.895 	 -36.8771 	 17.6181 	 0.199664 	 88.2386 	 0 	 0 	 NaN 	 NaN 	 0 	 0 	 0 	 NaN 	 NaN 	 NaN 	 NaN 	 0 	 0 	 NaN 	 NaN 	  Tumour 
133 	 2026.6 	 1696.69 	 2215.99 	 193.186 	 6904 	 112.509 	 78.6643 	 0.714943 	 0.977627 	 324.25 	 1018.11 	 230.075 	 0.225982 	 701.979 	 924.767 	 9727 	 0.936369 	 417.103 	 878.501 	 1358.3 	 1246.4 	 0.268571 	 1295.88 	 1352.71 	 436.925 	 0.321671 	 82 	 197 	 273.049 	 72.7632 	 2 	 459.89 	 0.0666121 	 20.5913 	 20.5913 	 20.5913 	 0 	 45 	 37 	 41 	 5.65685 	 104.142 	 -48.3106 	 33.4617 	 0.218012 	 153.486 	 534 	 950 	 279.62 	 186.541 	 2 	 1229.07 	 0.178023 	 35.5036 	 14.2215 	 23.6919 	 9.68888 	 416 	 56 	 178 	 206.136 	  Tumour 
134 	 2031.16 	 1103.92 	 2188.74 	 179.449 	 3649 	 88.346 	 53.406 	 0.796598 	 0.968418 	 246.593 	 1368.2 	 536.688 	 0.392257 	 931.595 	 1274.86 	 4716 	 0.973777 	 266.794 	 283.055 	 269.862 	 157.96 	 0 	 0 	 0 	 64.8013 	 0.240128 	 38 	 40 	 244.026 	 43.7408 	 1 	 0 	 0 	 NaN 	 NaN 	 NaN 	 NaN 	 38 	 38 	 38 	 0 	 33.1275 	 0.940832 	 11.0425 	 0.133896 	 82.4711 	 131 	 395 	 128.046 	 34.9669 	 3 	 518.716 	 0.142153 	 46.1026 	 16.5248 	 30.7385 	 13.2576 	 60 	 15 	 43.6667 	 24.9065 	  Fib 
135 	 2067.22 	 1599.21 	 2205.66 	 203.089 	 12901 	 146.255 	 114.414 	 0.62291 	 0.95648 	 457.345 	 892.369 	 180.045 	 0.201761 	 599.811 	 799.024 	 28195 	 0.936524 	 730.039 	 676.447 	 981.492 	 869.59 	 0.217949 	 1274.64 	 934.71 	 381.891 	 0.389092 	 135 	 844 	 240.074 	 39.7885 	 3 	 3406.59 	 0.264057 	 55.8016 	 13 	 40.3014 	 21.2122 	 45 	 45 	 45 	 0 	 78.2616 	 -68.7666 	 34.9079 	 0.273562 	 127.605 	 1116 	 2407 	 219.623 	 126.544 	 3 	 2031.56 	 0.157473 	 46.4178 	 17.7491 	 35.1756 	 13.6867 	 573 	 110 	 372 	 237.451 	  Tumour 
136 	 2136.86 	 61.1969 	 2073.58 	 165.052 	 2417 	 74.0195 	 42.4081 	 0.819603 	 0.942668 	 205.238 	 1678.16 	 964.084 	 0.574487 	 1353.43 	 1584.82 	 3159 	 0.945525 	 229.338 	 366.991 	 330.475 	 218.573 	 0.143564 	 357.69 	 328.971 	 79.5158 	 0.240611 	 97 	 98 	 365.464 	 165.178 	 1 	 0 	 0 	 NaN 	 NaN 	 NaN 	 NaN 	 97 	 97 	 97 	 0 	 25.2886 	 11.3709 	 11.9498 	 0.160116 	 74.6322 	 35 	 35 	 86.0571 	 -7.02176 	 1 	 0 	 0 	 NaN 	 NaN 	 NaN 	 NaN 	 35 	 35 	 35 	 0 	  Lymph 
137 	 2157.6 	 1680.68 	 2323.89 	 80.6226 	 7581 	 100.841 	 96.64 	 0.285643 	 0.964258 	 346.333 	 1257.73 	 347.242 	 0.276086 	 926.456 	 1164.39 	 9193 	 0.935294 	 394.032 	 826.578 	 1138.93 	 1027.03 	 0.306991 	 1089.84 	 1152.51 	 294.927 	 0.258951 	 77 	 245 	 291.662 	 91.3768 	 2 	 2052.06 	 0.270684 	 28.1021 	 28.1021 	 28.1021 	 0 	 45 	 32 	 38.5 	 9.19239 	 110.348 	 -58.1473 	 34.5154 	 0.216138 	 159.691 	 686 	 2267 	 244.633 	 151.554 	 3 	 1719.68 	 0.226841 	 58.538 	 19.9419 	 42.4301 	 17.9543 	 440 	 68 	 228.667 	 191.106 	  Tumour 
138 	 2175.07 	 2025.35 	 2514.23 	 238.6 	 5539 	 144.03 	 49.7528 	 0.938443 	 0.958802 	 344.517 	 1153.3 	 348.223 	 0.301936 	 768.276 	 1059.95 	 8392 	 0.867301 	 433.588 	 960.454 	 1449.29 	 1337.39 	 0 	 0 	 0 	 447.275 	 0.308616 	 0 	 0 	 NaN 	 NaN 	 0 	 0 	 0 	 NaN 	 NaN 	 NaN 	 NaN 	 0 	 0 	 NaN 	 NaN 	 107.117 	 -47.013 	 33.9619 	 0.217063 	 156.461 	 354 	 723 	 195.04 	 101.961 	 3 	 3853.77 	 0.695752 	 46.8308 	 19.4666 	 31.8997 	 12.3897 	 260 	 27 	 118 	 124.591 	  Tumour 
139 	 2208.46 	 210.15 	 2154.79 	 114.529 	 15398 	 175.982 	 112.683 	 0.768117 	 0.969831 	 503.973 	 1708.34 	 596.392 	 0.349107 	 1271.32 	 1614.99 	 23303 	 0.905252 	 735.252 	 776.144 	 1107.72 	 995.817 	 0.17175 	 1254.48 	 1096.96 	 307.454 	 0.277556 	 0 	 0 	 NaN 	 NaN 	 0 	 0 	 0 	 NaN 	 NaN 	 NaN 	 NaN 	 0 	 0 	 NaN 	 NaN 	 105.791 	 -57.7422 	 38.6705 	 0.24927 	 155.135 	 88 	 91 	 160.58 	 67.5006 	 1 	 0 	 0 	 NaN 	 NaN 	 NaN 	 NaN 	 88 	 88 	 88 	 0 	  Tumour 
140 	 2206.85 	 896.641 	 2271.16 	 217.009 	 4541 	 144.322 	 41.6291 	 0.957496 	 0.959839 	 340.09 	 1568.88 	 739.559 	 0.471394 	 1235.27 	 1475.53 	 12437 	 0.784421 	 662.34 	 737.729 	 841.83 	 729.928 	 0.0725664 	 1265.34 	 829.168 	 445.65 	 0.529383 	 0 	 0 	 NaN 	 NaN 	 0 	 0 	 0 	 NaN 	 NaN 	 NaN 	 NaN 	 0 	 0 	 NaN 	 NaN 	 50.5298 	 -5.7788 	 16.4417 	 0.164626 	 99.8734 	 56 	 58 	 109.214 	 16.1354 	 1 	 0 	 0 	 NaN 	 NaN 	 NaN 	 NaN 	 56 	 56 	 56 	 0 	  Fib 
141 	 2173.38 	 1884.36 	 2436.36 	 153.16 	 6100 	 115.747 	 67.8401 	 0.810233 	 0.969485 	 325.563 	 1210.57 	 413.537 	 0.341604 	 882.647 	 1117.23 	 8788 	 0.942615 	 397.019 	 862.477 	 996.163 	 884.261 	 0.197674 	 1218.19 	 965.225 	 461.905 	 0.463685 	 161 	 1778 	 330.59 	 130.305 	 4 	 1328.45 	 0.217778 	 79.1581 	 22.7345 	 48.8997 	 25.0552 	 45 	 35 	 40.25 	 5.5 	 95.5217 	 -23.264 	 22.5755 	 0.155838 	 144.865 	 943 	 2158 	 291.027 	 197.948 	 6 	 2714.08 	 0.444932 	 77.9267 	 9.90917 	 35.7003 	 18.5652 	 679 	 49 	 157.167 	 255.689 	  Tumour 
142 	 2196.53 	 95.5675 	 2132.5 	 114.529 	 1593 	 77.3325 	 28.4218 	 0.930013 	 0.892437 	 195.924 	 1252.91 	 650.112 	 0.518881 	 867.719 	 1159.57 	 2347 	 0.924744 	 212.368 	 384.19 	 350.5 	 238.598 	 0.157895 	 355.567 	 350.383 	 36.6884 	 0.104675 	 0 	 0 	 NaN 	 NaN 	 0 	 0 	 0 	 NaN 	 NaN 	 NaN 	 NaN 	 0 	 0 	 NaN 	 NaN 	 21.1228 	 7.2582 	 9.5552 	 0.135599 	 70.4664 	 0 	 0 	 NaN 	 NaN 	 0 	 0 	 0 	 NaN 	 NaN 	 NaN 	 NaN 	 0 	 0 	 NaN 	 NaN 	  Fib 
143 	 2206.52 	 1351.04 	 2238.75 	 165.003 	 6110 	 90.8712 	 86.0097 	 0.322701 	 0.982473 	 298.049 	 1507.09 	 501.876 	 0.333011 	 1166.83 	 1413.74 	 10385 	 0.856424 	 502.014 	 713.82 	 935.067 	 823.165 	 0.157143 	 997.955 	 929.111 	 314.142 	 0.335957 	 0 	 0 	 NaN 	 NaN 	 0 	 0 	 0 	 NaN 	 NaN 	 NaN 	 NaN 	 0 	 0 	 NaN 	 NaN 	 100.964 	 -58.7595 	 37.596 	 0.250127 	 150.308 	 282 	 386 	 248.184 	 155.105 	 2 	 988.278 	 0.161748 	 13.4371 	 13.4371 	 13.4371 	 0 	 150 	 132 	 141 	 12.7279 	  Tumour 
144 	 2206.25 	 1186.02 	 2381.98 	 165.003 	 2296 	 70.0744 	 42.5871 	 0.794135 	 0.961072 	 194.894 	 993.207 	 296.138 	 0.298163 	 717.662 	 899.861 	 3120 	 0.972266 	 216.853 	 352.937 	 342.531 	 230.629 	 0 	 0 	 0 	 147.991 	 0.432051 	 0 	 0 	 NaN 	 NaN 	 0 	 0 	 0 	 NaN 	 NaN 	 NaN 	 NaN 	 0 	 0 	 NaN 	 NaN 	 54.7954 	 4.62752 	 23.2259 	 0.223028 	 104.139 	 69 	 69 	 149.507 	 56.4283 	 1 	 0 	 0 	 NaN 	 NaN 	 NaN 	 NaN 	 69 	 69 	 69 	 0 	  Lymph 
145 	 2215.75 	 1736.83 	 2677.84 	 80.6226 	 6762 	 205.996 	 57.1162 	 0.960793 	 0.723286 	 482.357 	 1326.04 	 578.372 	 0.436163 	 931.502 	 1232.7 	 10751 	 0.681305 	 710.382 	 844.51 	 857.569 	 745.667 	 0.206271 	 1117.56 	 827.342 	 419.952 	 0.4897 	 45 	 45 	 279.8 	 79.5144 	 1 	 0 	 0 	 NaN 	 NaN 	 NaN 	 NaN 	 45 	 45 	 45 	 0 	 125.615 	 23.6738 	 48.539 	 0.277432 	 174.959 	 340 	 464 	 293.529 	 200.451 	 2 	 1566.7 	 0.231692 	 25.1253 	 25.1253 	 25.1253 	 0 	 219 	 121 	 170 	 69.2965 	  Fib 
146 	 2225.54 	 1462.95 	 2295.58 	 144.101 	 6945 	 109.426 	 81.4692 	 0.66761 	 0.959652 	 334.392 	 1059.4 	 266.976 	 0.252007 	 767.931 	 966.054 	 11542 	 0.884648 	 495.529 	 780.358 	 1004.34 	 892.442 	 0.158654 	 942.636 	 1006.86 	 291.678 	 0.290417 	 74 	 162 	 315.757 	 115.471 	 2 	 3449.22 	 0.496648 	 17.4172 	 17.4172 	 17.4172 	 0 	 45 	 29 	 37 	 11.3137 	 116.547 	 -39.5442 	 20.5486 	 0.123868 	 165.891 	 541 	 1568 	 250.697 	 157.618 	 4 	 2208.49 	 0.317998 	 64.4206 	 15.3557 	 37.7502 	 22.6567 	 375 	 25 	 135.25 	 163.435 	  Tumour 
147 	 2245.78 	 355.382 	 2169.88 	 263.594 	 9083 	 132.035 	 89.0946 	 0.73802 	 0.968234 	 391.605 	 1137.19 	 280.784 	 0.246911 	 777.422 	 1043.84 	 19936 	 0.946224 	 611.654 	 722.833 	 1243 	 1131.1 	 0.330724 	 1401.38 	 1207.31 	 420.447 	 0.338252 	 82 	 419 	 216.72 	 16.434 	 2 	 1752.35 	 0.192926 	 50.7242 	 50.7242 	 50.7242 	 0 	 45 	 37 	 41 	 5.65685 	 51.7092 	 -28.9409 	 22.2875 	 0.220554 	 101.053 	 457 	 1456 	 129.269 	 36.1902 	 4 	 4009.93 	 0.441477 	 54.836 	 17.7859 	 35.0617 	 14.091 	 240 	 37 	 114.25 	 87.937 	  Tumour 
148 	 2300.91 	 969.574 	 2384.38 	 319.916 	 2091 	 84.0474 	 33.4423 	 0.91743 	 0.944018 	 215.137 	 1446.72 	 755.471 	 0.522197 	 1146.68 	 1353.37 	 3005 	 0.958533 	 236.652 	 301.638 	 273.243 	 161.341 	 0 	 0 	 0 	 37.295 	 0.13649 	 0 	 0 	 NaN 	 NaN 	 0 	 0 	 0 	 NaN 	 NaN 	 NaN 	 NaN 	 0 	 0 	 NaN 	 NaN 	 25.6258 	 10.73 	 11.8186 	 0.157646 	 74.9694 	 0 	 0 	 NaN 	 NaN 	 0 	 0 	 0 	 NaN 	 NaN 	 NaN 	 NaN 	 0 	 0 	 NaN 	 NaN 	  Fib 
149 	 2340.85 	 293.175 	 2272.22 	 244.018 	 9276 	 116.515 	 101.988 	 0.483549 	 0.967661 	 380.333 	 1797.56 	 627.247 	 0.348945 	 1320.11 	 1704.21 	 11423 	 0.92173 	 462.357 	 822.174 	 1284.64 	 1172.73 	 0.573298 	 1224.67 	 1295.91 	 425.253 	 0.33103 	 131 	 1097 	 315.733 	 115.447 	 3 	 2862.24 	 0.308564 	 70.0766 	 15.7224 	 49.6235 	 26.4459 	 47 	 39 	 43.6667 	 4.16333 	 110.089 	 -50.7859 	 39.3444 	 0.246778 	 159.433 	 1097 	 3009 	 313.809 	 220.731 	 4 	 1784.55 	 0.192383 	 62.6901 	 15.4219 	 41.7428 	 17.0316 	 583 	 70 	 274.25 	 248.812 	  Tumour 
150 	 2324.97 	 1224.06 	 2505.66 	 94.8262 	 4576 	 105.826 	 56.824 	 0.84361 	 0.946041 	 287.948 	 1744.73 	 698.434 	 0.400312 	 1342.62 	 1651.38 	 6033 	 0.925165 	 320.534 	 323.281 	 322.026 	 210.124 	 0.281481 	 364.408 	 315.037 	 42.4327 	 0.131768 	 49 	 50 	 256.592 	 56.3063 	 1 	 0 	 0 	 NaN 	 NaN 	 NaN 	 NaN 	 49 	 49 	 49 	 0 	 45.4281 	 8.9101 	 13.2389 	 0.139692 	 94.7716 	 180 	 538 	 122.106 	 29.0267 	 3 	 929.544 	 0.203135 	 30.5235 	 16.6883 	 22.95 	 6.27016 	 70 	 45 	 60 	 13.2288 	  Lymph 
151 	 2347.48 	 382.081 	 2267.21 	 240.601 	 7137 	 114.762 	 83.806 	 0.683169 	 0.886254 	 365.907 	 1777.04 	 552.04 	 0.310651 	 1362.27 	 1683.7 	 8481 	 0.855802 	 419.404 	 1044.13 	 1276.54 	 1164.64 	 0.711911 	 1273.21 	 1276.43 	 343.698 	 0.269243 	 0 	 0 	 NaN 	 NaN 	 0 	 0 	 0 	 NaN 	 NaN 	 NaN 	 NaN 	 0 	 0 	 NaN 	 NaN 	 109.304 	 -35.3223 	 37.9196 	 0.239018 	 158.648 	 0 	 0 	 NaN 	 NaN 	 0 	 0 	 0 	 NaN 	 NaN 	 NaN 	 NaN 	 0 	 0 	 NaN 	 NaN 	  Tumour 
152 	 2349.29 	 1175.08 	 2506.74 	 134.495 	 3800 	 105.451 	 51.0003 	 0.875268 	 0.888473 	 291.463 	 1669.85 	 592.877 	 0.355048 	 1352.91 	 1576.51 	 4172 	 0.952947 	 262.108 	 312.301 	 311.562 	 199.661 	 0.339286 	 363.434 	 299.613 	 74.4928 	 0.239094 	 0 	 0 	 NaN 	 NaN 	 0 	 0 	 0 	 NaN 	 NaN 	 NaN 	 NaN 	 0 	 0 	 NaN 	 NaN 	 54.2264 	 13.1215 	 16.4318 	 0.158654 	 103.57 	 136 	 282 	 138.074 	 44.9946 	 2 	 530.143 	 0.139511 	 22.3735 	 22.3735 	 22.3735 	 0 	 73 	 63 	 68 	 7.07107 	  Lymph 
153 	 2373.2 	 490.836 	 2284.48 	 223.43 	 13400 	 137.722 	 124.091 	 0.433761 	 0.983775 	 444.517 	 1102.68 	 233.086 	 0.211382 	 754.176 	 1009.33 	 17934 	 0.938953 	 559.914 	 733.199 	 1377.41 	 1265.51 	 0.315789 	 1641.17 	 1327.27 	 477.557 	 0.346706 	 45 	 45 	 193.111 	 -7.17444 	 1 	 0 	 0 	 NaN 	 NaN 	 NaN 	 NaN 	 45 	 45 	 45 	 0 	 57.8292 	 -73.6052 	 33.0231 	 0.308129 	 107.173 	 503 	 1192 	 183.742 	 90.6626 	 4 	 5505.11 	 0.410829 	 38.517 	 13.0773 	 25.2006 	 7.91248 	 203 	 70 	 125.75 	 64.5671 	  Tumour 
154 	 2369.21 	 1308.17 	 2379.54 	 94.8262 	 2951 	 78.6123 	 50.6518 	 0.764752 	 0.942812 	 229.38 	 1051.09 	 329.896 	 0.313862 	 768.929 	 957.742 	 4181 	 0.91129 	 284.392 	 647.709 	 699.239 	 587.338 	 0 	 0 	 0 	 429.652 	 0.614457 	 0 	 0 	 NaN 	 NaN 	 0 	 0 	 0 	 NaN 	 NaN 	 NaN 	 NaN 	 0 	 0 	 NaN 	 NaN 	 55.7821 	 4.87161 	 14.7485 	 0.140294 	 105.126 	 0 	 0 	 NaN 	 NaN 	 0 	 0 	 0 	 NaN 	 NaN 	 NaN 	 NaN 	 0 	 0 	 NaN 	 NaN 	  Tumour 
155 	 2364.96 	 1500.78 	 2671.49 	 144.101 	 3651 	 108.846 	 43.6598 	 0.916028 	 0.951525 	 270.451 	 1448.81 	 639.936 	 0.441698 	 1128.58 	 1355.46 	 4769 	 0.961686 	 291.823 	 387.603 	 346.073 	 234.171 	 0 	 0 	 0 	 179.009 	 0.51726 	 109 	 229 	 290.248 	 89.9622 	 2 	 621.286 	 0.170169 	 19.6675 	 19.6675 	 19.6675 	 0 	 56 	 53 	 54.5 	 2.12132 	 44.001 	 14.7407 	 14.2149 	 0.152285 	 93.3446 	 157 	 324 	 143.752 	 50.6727 	 2 	 847.479 	 0.232122 	 19.7634 	 19.7634 	 19.7634 	 0 	 131 	 26 	 78.5 	 74.2462 	  Fib 
156 	 2392.78 	 1726.46 	 2815.78 	 239.27 	 4001 	 87.2366 	 59.0677 	 0.735893 	 0.973243 	 252.35 	 2062.61 	 1003.63 	 0.486581 	 1546.28 	 1969.27 	 4921 	 0.97253 	 270.593 	 326.463 	 280.1 	 168.198 	 0.130435 	 254.3 	 281.116 	 53.3292 	 0.190393 	 30 	 30 	 297.133 	 96.8478 	 1 	 0 	 0 	 NaN 	 NaN 	 NaN 	 NaN 	 30 	 30 	 30 	 0 	 34.9908 	 11.8483 	 11.6093 	 0.137658 	 84.3344 	 166 	 429 	 146.416 	 53.3368 	 3 	 2093.25 	 0.523181 	 28.2595 	 12.5709 	 20.4392 	 7.01627 	 115 	 22 	 55.3333 	 51.7912 	  Lymph 
157 	 2424.34 	 594.133 	 2332.11 	 155.801 	 11254 	 154.687 	 95.1237 	 0.788571 	 0.933167 	 455.387 	 1840.74 	 613.998 	 0.33356 	 1418.97 	 1747.4 	 14836 	 0.917161 	 546.24 	 882.774 	 1189.93 	 1078.03 	 0.475336 	 1212.4 	 1201.15 	 426.694 	 0.358586 	 135 	 2267 	 323.17 	 122.885 	 3 	 3029.98 	 0.269235 	 100.767 	 27.4591 	 74.9152 	 36.8084 	 45 	 45 	 45 	 0 	 107.89 	 -30.4502 	 41.8128 	 0.265929 	 157.233 	 822 	 2263 	 246.24 	 153.161 	 5 	 3629.01 	 0.322464 	 65.3717 	 11.5903 	 37.5706 	 20.2141 	 386 	 68 	 164.4 	 134.083 	  Tumour 
158 	 2402.4 	 1800.75 	 2865.98 	 243.578 	 2607 	 70.7712 	 47.4496 	 0.741942 	 0.94525 	 208.409 	 1553.69 	 683.947 	 0.440208 	 1043.47 	 1460.35 	 3420 	 0.953709 	 228.167 	 322.931 	 286 	 174.098 	 0.15 	 258.2 	 288.557 	 121.534 	 0.424943 	 0 	 0 	 NaN 	 NaN 	 0 	 0 	 0 	 NaN 	 NaN 	 NaN 	 NaN 	 0 	 0 	 NaN 	 NaN 	 40.2556 	 8.02612 	 15.5885 	 0.17398 	 89.5992 	 0 	 0 	 NaN 	 NaN 	 0 	 0 	 0 	 NaN 	 NaN 	 NaN 	 NaN 	 0 	 0 	 NaN 	 NaN 	  Lymph 
159 	 2403.95 	 1958.49 	 2961.21 	 238.6 	 1485 	 55.6348 	 34.7392 	 0.781093 	 0.974409 	 152.711 	 1411.42 	 669.828 	 0.474576 	 1117.63 	 1318.08 	 2118 	 0.979196 	 179.054 	 331.28 	 284.106 	 172.204 	 0 	 0 	 0 	 53.0464 	 0.186713 	 0 	 0 	 NaN 	 NaN 	 0 	 0 	 0 	 NaN 	 NaN 	 NaN 	 NaN 	 0 	 0 	 NaN 	 NaN 	 33.4807 	 10.606 	 10.6698 	 0.128824 	 82.8242 	 123 	 138 	 136.764 	 43.6853 	 1 	 0 	 0 	 NaN 	 NaN 	 NaN 	 NaN 	 123 	 123 	 123 	 0 	  Lymph 
160 	 2428.16 	 1132.41 	 2562 	 185.626 	 4048 	 89.8551 	 57.4586 	 0.768826 	 0.983479 	 247.765 	 1537.02 	 602.401 	 0.391927 	 1212.74 	 1443.68 	 5114 	 0.980633 	 272.451 	 302.274 	 229.475 	 117.573 	 0 	 0 	 0 	 70.9084 	 0.309003 	 35 	 36 	 243.943 	 43.6573 	 1 	 0 	 0 	 NaN 	 NaN 	 NaN 	 NaN 	 35 	 35 	 35 	 0 	 41.6018 	 18.4379 	 10.1637 	 0.111756 	 90.9454 	 158 	 201 	 143.734 	 50.6553 	 1 	 0 	 0 	 NaN 	 NaN 	 NaN 	 NaN 	 158 	 158 	 158 	 0 	  Lymph 
161 	 2488.7 	 252.468 	 2424.63 	 176.672 	 15899 	 159.745 	 127.878 	 0.599311 	 0.974741 	 508.541 	 2184.19 	 864.415 	 0.39576 	 1711.18 	 2090.85 	 19674 	 0.936723 	 601.127 	 723.368 	 1086.17 	 974.273 	 0.131373 	 1981.39 	 1015.25 	 605.425 	 0.557392 	 172 	 2410 	 372.593 	 172.307 	 3 	 3577.77 	 0.225031 	 84.158 	 50.708 	 65.2414 	 15.3397 	 83 	 36 	 57.3333 	 23.7978 	 86.9625 	 -29.641 	 30.3938 	 0.222982 	 136.306 	 962 	 3964 	 279.708 	 186.629 	 7 	 6178.7 	 0.388622 	 89.1307 	 8.28104 	 51.555 	 26.9766 	 563 	 26 	 137.429 	 191.369 	  Tumour 
162 	 2480.67 	 738.558 	 2488.67 	 101.178 	 3631 	 134.09 	 35.0981 	 0.965135 	 0.941649 	 303.706 	 1419.77 	 723.69 	 0.509724 	 1001.72 	 1326.42 	 6402 	 0.862803 	 435.588 	 735.21 	 851.997 	 740.095 	 0.0874317 	 550.312 	 873.115 	 542.343 	 0.636555 	 0 	 0 	 NaN 	 NaN 	 0 	 0 	 0 	 NaN 	 NaN 	 NaN 	 NaN 	 0 	 0 	 NaN 	 NaN 	 67.5325 	 -5.9821 	 36.975 	 0.316361 	 116.876 	 0 	 0 	 NaN 	 NaN 	 0 	 0 	 0 	 NaN 	 NaN 	 NaN 	 NaN 	 0 	 0 	 NaN 	 NaN 	  Fib 
163 	 2486.9 	 637.863 	 2395.09 	 101.178 	 6992 	 124.256 	 72.1938 	 0.813899 	 0.960308 	 352.233 	 1699.28 	 531.016 	 0.312495 	 1280.2 	 1605.93 	 11438 	 0.856843 	 569.068 	 786.794 	 1064.38 	 952.476 	 0.380342 	 1011.86 	 1070.86 	 202.749 	 0.190486 	 90 	 396 	 306.089 	 105.803 	 2 	 1482.62 	 0.212046 	 44.5982 	 44.5982 	 44.5982 	 0 	 45 	 45 	 45 	 0 	 103.796 	 -47.2854 	 41.5248 	 0.271157 	 153.139 	 515 	 945 	 250.74 	 157.661 	 3 	 3099.18 	 0.443246 	 27.1846 	 16.4336 	 21.7483 	 4.80892 	 373 	 22 	 171.667 	 181.114 	  Tumour 
164 	 2503.17 	 774.562 	 2518.84 	 137.931 	 1874 	 90.9616 	 26.6763 	 0.95603 	 0.938408 	 213.421 	 1169.19 	 533.12 	 0.455973 	 815.919 	 1075.85 	 2929 	 0.95594 	 237.907 	 316.738 	 301.825 	 189.923 	 0.123711 	 373.042 	 299.088 	 53.028 	 0.175691 	 0 	 0 	 NaN 	 NaN 	 0 	 0 	 0 	 NaN 	 NaN 	 NaN 	 NaN 	 0 	 0 	 NaN 	 NaN 	 19.4723 	 4.0313 	 6.67847 	 0.0970484 	 68.8159 	 0 	 0 	 NaN 	 NaN 	 0 	 0 	 0 	 NaN 	 NaN 	 NaN 	 NaN 	 0 	 0 	 NaN 	 NaN 	  Fib 
165 	 2537.97 	 1424.91 	 2786 	 205.548 	 6082 	 127.599 	 61.8032 	 0.874872 	 0.945732 	 333.12 	 2278.64 	 1197.4 	 0.525489 	 1883.13 	 2185.29 	 7416 	 0.959876 	 349.706 	 276.848 	 226.207 	 114.305 	 0 	 0 	 0 	 53.8512 	 0.238062 	 0 	 0 	 NaN 	 NaN 	 0 	 0 	 0 	 NaN 	 NaN 	 NaN 	 NaN 	 0 	 0 	 NaN 	 NaN 	 25.6242 	 11.9454 	 11.4514 	 0.152751 	 74.9678 	 226 	 1122 	 138.128 	 45.0494 	 4 	 1834.69 	 0.30166 	 71.3029 	 14.3732 	 39.2866 	 18.0027 	 82 	 16 	 56.5 	 30.8383 	  Lymph 
166 	 2551.85 	 1755.59 	 2964.82 	 400.031 	 2848 	 70.3312 	 51.8344 	 0.675888 	 0.975677 	 206.409 	 1491.32 	 658.184 	 0.441343 	 1136.19 	 1397.97 	 3663 	 0.978365 	 229.338 	 340.521 	 276.772 	 164.87 	 0 	 0 	 277.277 	 67.7343 	 0.244729 	 45 	 45 	 288.444 	 88.1589 	 1 	 0 	 0 	 NaN 	 NaN 	 NaN 	 NaN 	 45 	 45 	 45 	 0 	 36.7446 	 20.5754 	 14.2334 	 0.165335 	 86.0881 	 48 	 49 	 120.5 	 27.4211 	 1 	 0 	 0 	 NaN 	 NaN 	 NaN 	 NaN 	 48 	 48 	 48 	 0 	  Lymph 
167 	 2553.24 	 1617.88 	 2892.87 	 360.494 	 1784 	 59.3588 	 38.6037 	 0.759639 	 0.976464 	 164.368 	 1433.33 	 680.363 	 0.474674 	 1115.78 	 1339.98 	 2439 	 0.974431 	 189.296 	 302.43 	 254.74 	 142.838 	 0.0828402 	 331.714 	 251.04 	 74.2389 	 0.291431 	 0 	 0 	 NaN 	 NaN 	 0 	 0 	 0 	 NaN 	 NaN 	 NaN 	 NaN 	 0 	 0 	 NaN 	 NaN 	 30.176 	 17.4487 	 13.9941 	 0.175982 	 79.5196 	 137 	 223 	 138.263 	 45.1839 	 2 	 308.682 	 0.173028 	 14.5371 	 14.5371 	 14.5371 	 0 	 70 	 67 	 68.5 	 2.12132 	  Lymph 
168 	 2575.36 	 1176.02 	 2714.64 	 244.663 	 1753 	 50.9469 	 44.3558 	 0.491939 	 0.966373 	 163.439 	 1434.08 	 725.866 	 0.506154 	 1090.34 	 1340.73 	 2425 	 0.982577 	 182.711 	 300.908 	 213.784 	 101.882 	 0 	 0 	 0 	 32.2027 	 0.150632 	 0 	 0 	 NaN 	 NaN 	 0 	 0 	 0 	 NaN 	 NaN 	 NaN 	 NaN 	 0 	 0 	 NaN 	 NaN 	 35.795 	 20.6673 	 12.4915 	 0.146719 	 85.1386 	 0 	 0 	 NaN 	 NaN 	 0 	 0 	 0 	 NaN 	 NaN 	 NaN 	 NaN 	 0 	 0 	 NaN 	 NaN 	  Lymph 
169 	 2586.74 	 399.331 	 2535.06 	 176.672 	 7588 	 187.614 	 53.4979 	 0.958483 	 0.916204 	 453.588 	 1703.17 	 815.126 	 0.478593 	 1273.95 	 1609.82 	 12301 	 0.785655 	 694.784 	 963.228 	 991.525 	 879.623 	 0.169435 	 1525.93 	 934.571 	 765.853 	 0.772399 	 0 	 0 	 NaN 	 NaN 	 0 	 0 	 0 	 NaN 	 NaN 	 NaN 	 NaN 	 0 	 0 	 NaN 	 NaN 	 72.1519 	 9.14504 	 42.3757 	 0.348784 	 121.496 	 72 	 75 	 131.833 	 38.7544 	 1 	 0 	 0 	 NaN 	 NaN 	 NaN 	 NaN 	 72 	 72 	 72 	 0 	  Fib 
170 	 2581 	 1675.03 	 2946.24 	 413.484 	 1676 	 54.9667 	 39.0903 	 0.703026 	 0.971594 	 158.125 	 1390.45 	 518.206 	 0.37269 	 1072.92 	 1297.1 	 2431 	 0.957841 	 192.61 	 325.527 	 325.491 	 213.589 	 0.0887574 	 335.4 	 323.356 	 114.726 	 0.352471 	 0 	 0 	 NaN 	 NaN 	 0 	 0 	 0 	 NaN 	 NaN 	 NaN 	 NaN 	 0 	 0 	 NaN 	 NaN 	 25.6678 	 9.46324 	 8.06669 	 0.10754 	 75.0113 	 65 	 66 	 138.415 	 45.3365 	 1 	 0 	 0 	 NaN 	 NaN 	 NaN 	 NaN 	 65 	 65 	 65 	 0 	  Lymph 
171 	 2592.94 	 529.733 	 2557.6 	 151.327 	 2626 	 84.7941 	 39.8977 	 0.882387 	 0.940881 	 227.38 	 1500.11 	 969.919 	 0.646565 	 1102.86 	 1406.77 	 5089 	 0.796899 	 372.676 	 781.373 	 887.066 	 775.164 	 0.22327 	 933.803 	 886.067 	 512.471 	 0.577714 	 0 	 0 	 NaN 	 NaN 	 0 	 0 	 0 	 NaN 	 NaN 	 NaN 	 NaN 	 0 	 0 	 NaN 	 NaN 	 58.6892 	 -9.80278 	 33.0419 	 0.305851 	 108.033 	 0 	 0 	 NaN 	 NaN 	 0 	 0 	 0 	 NaN 	 NaN 	 NaN 	 NaN 	 0 	 0 	 NaN 	 NaN 	  Lymph 
172 	 2593.56 	 695.641 	 2588.97 	 121.709 	 1313 	 50.622 	 33.2557 	 0.753941 	 0.964732 	 142.853 	 1670.42 	 947.387 	 0.567155 	 1328.63 	 1577.07 	 1868 	 0.956967 	 166.61 	 289.819 	 281.21 	 169.308 	 0.167832 	 191.792 	 290.038 	 82.6305 	 0.293839 	 0 	 0 	 NaN 	 NaN 	 0 	 0 	 0 	 NaN 	 NaN 	 NaN 	 NaN 	 0 	 0 	 NaN 	 NaN 	 19.233 	 3.76231 	 9.31399 	 0.135819 	 68.5765 	 0 	 0 	 NaN 	 NaN 	 0 	 0 	 0 	 NaN 	 NaN 	 NaN 	 NaN 	 0 	 0 	 NaN 	 NaN 	  Lymph 
173 	 2619.48 	 1242.68 	 2781.21 	 258.312 	 4381 	 101.607 	 58.3651 	 0.81856 	 0.920765 	 295.563 	 1833.87 	 803.912 	 0.438369 	 1423.11 	 1740.53 	 5424 	 0.915907 	 313.664 	 351.492 	 320.849 	 208.947 	 0.169742 	 689.87 	 286.755 	 184.519 	 0.575096 	 0 	 0 	 NaN 	 NaN 	 0 	 0 	 0 	 NaN 	 NaN 	 NaN 	 NaN 	 0 	 0 	 NaN 	 NaN 	 38.2449 	 13.2608 	 20.435 	 0.233308 	 87.5885 	 590 	 2041 	 158.302 	 65.2228 	 5 	 657.493 	 0.150078 	 74.8036 	 13.6796 	 38.8949 	 18.1843 	 209 	 29 	 118 	 76.5114 	  Lymph 
174 	 2605.77 	 1783.21 	 3024.82 	 444.623 	 2128 	 72.3571 	 37.7114 	 0.853444 	 0.967713 	 189.681 	 1313.83 	 550.277 	 0.418836 	 921.861 	 1220.48 	 3537 	 0.95183 	 245.581 	 545.773 	 567.046 	 455.144 	 0 	 0 	 562.986 	 268.362 	 0.473263 	 0 	 0 	 NaN 	 NaN 	 0 	 0 	 0 	 NaN 	 NaN 	 NaN 	 NaN 	 0 	 0 	 NaN 	 NaN 	 27.7697 	 7.44479 	 10.5472 	 0.136776 	 77.1133 	 0 	 0 	 NaN 	 NaN 	 0 	 0 	 0 	 NaN 	 NaN 	 NaN 	 NaN 	 0 	 0 	 NaN 	 NaN 	  Lymph 
175 	 2629.94 	 653.911 	 2615.6 	 143.892 	 1547 	 64.6608 	 30.9342 	 0.878138 	 0.942718 	 167.439 	 1251.77 	 514.657 	 0.411144 	 981.114 	 1158.42 	 2233 	 0.955499 	 190.024 	 203.12 	 199.916 	 88.0137 	 0.150602 	 193.56 	 199.417 	 60.457 	 0.302412 	 35 	 36 	 153.343 	 -46.9427 	 1 	 0 	 0 	 NaN 	 NaN 	 NaN 	 NaN 	 35 	 35 	 35 	 0 	 4.35972 	 0.586903 	 4.26657 	 0.0794471 	 53.7033 	 43 	 45 	 77.3721 	 -15.7068 	 1 	 0 	 0 	 NaN 	 NaN 	 NaN 	 NaN 	 43 	 43 	 43 	 0 	  Lymph 
176 	 2695.13 	 1419.13 	 2923.63 	 344.379 	 3994 	 134.394 	 39.2708 	 0.956355 	 0.895516 	 332.877 	 1304.98 	 646.154 	 0.495145 	 952.173 	 1211.63 	 5267 	 0.922578 	 341.622 	 332.238 	 303.16 	 191.258 	 0 	 0 	 0 	 44.9803 	 0.148371 	 0 	 0 	 NaN 	 NaN 	 0 	 0 	 0 	 NaN 	 NaN 	 NaN 	 NaN 	 0 	 0 	 NaN 	 NaN 	 21.9581 	 7.24479 	 8.77129 	 0.123017 	 71.3017 	 0 	 0 	 NaN 	 NaN 	 0 	 0 	 0 	 NaN 	 NaN 	 NaN 	 NaN 	 0 	 0 	 NaN 	 NaN 	  Fib 
177 	 2689.06 	 1213.79 	 2834.53 	 333.521 	 4401 	 121.81 	 49.2546 	 0.914601 	 0.899632 	 313.605 	 1328.48 	 451.431 	 0.339811 	 949.075 	 1235.13 	 5252 	 0.864384 	 332.534 	 679.07 	 665.17 	 553.268 	 0.439716 	 892.871 	 590.75 	 321.628 	 0.483527 	 45 	 45 	 367.778 	 167.492 	 1 	 0 	 0 	 NaN 	 NaN 	 NaN 	 NaN 	 45 	 45 	 45 	 0 	 93.0995 	 29.9537 	 30.2304 	 0.212228 	 142.443 	 633 	 1344 	 250.787 	 157.708 	 4 	 964.399 	 0.219132 	 56.3909 	 17.9471 	 31.3179 	 14.4139 	 270 	 48 	 158.25 	 121.173 	  Fib 
178 	 2696.12 	 1695.17 	 3055.15 	 506.654 	 3209 	 71.1568 	 58.786 	 0.563453 	 0.943546 	 237.179 	 1916.62 	 914.461 	 0.477122 	 1550.15 	 1823.27 	 3966 	 0.928154 	 263.664 	 369.468 	 329.425 	 217.523 	 0.303167 	 297.791 	 337.059 	 126.866 	 0.385113 	 0 	 0 	 NaN 	 NaN 	 0 	 0 	 0 	 NaN 	 NaN 	 NaN 	 NaN 	 0 	 0 	 NaN 	 NaN 	 26.954 	 15.4191 	 8.70991 	 0.114157 	 76.2976 	 22 	 23 	 112.727 	 19.6484 	 1 	 0 	 0 	 NaN 	 NaN 	 NaN 	 NaN 	 22 	 22 	 22 	 0 	  Lymph 
179 	 2739.41 	 1178.15 	 2867.68 	 392.173 	 5560 	 87.9182 	 82.9212 	 0.332329 	 0.96881 	 297.421 	 1363.34 	 424.691 	 0.311509 	 973.861 	 1269.99 	 9546 	 0.951365 	 405.706 	 717.131 	 945.699 	 833.797 	 0.219101 	 1015.63 	 949.211 	 278.845 	 0.294856 	 45 	 45 	 326.8 	 126.514 	 1 	 0 	 0 	 NaN 	 NaN 	 NaN 	 NaN 	 45 	 45 	 45 	 0 	 112.697 	 -34.0663 	 26.557 	 0.163892 	 162.04 	 72 	 72 	 150.528 	 57.4489 	 1 	 0 	 0 	 NaN 	 NaN 	 NaN 	 NaN 	 72 	 72 	 72 	 0 	  Lymph 
180 	 2720.77 	 1737.78 	 3098.64 	 555.701 	 1830 	 91.3627 	 26.3872 	 0.957384 	 0.895303 	 228.451 	 1221.67 	 567.742 	 0.464728 	 874.136 	 1128.32 	 2697 	 0.916723 	 247.966 	 301.332 	 294.71 	 182.808 	 0.313084 	 297.045 	 292.659 	 85.0109 	 0.288456 	 0 	 0 	 0 	 -200.286 	 0 	 0 	 0 	 NaN 	 NaN 	 NaN 	 NaN 	 0 	 0 	 NaN 	 NaN 	 21.7149 	 10.5455 	 7.90702 	 0.111275 	 71.0585 	 0 	 0 	 0 	 -93.0789 	 0 	 0 	 0 	 NaN 	 NaN 	 NaN 	 NaN 	 0 	 0 	 NaN 	 NaN 	  Lymph 
181 	 2725.28 	 879.713 	 2760.48 	 339.423 	 2848 	 100.102 	 36.6439 	 0.930589 	 0.961512 	 244.309 	 1309.98 	 499.465 	 0.381277 	 1012.97 	 1216.63 	 3841 	 0.971421 	 265.338 	 291.579 	 274.668 	 162.766 	 0 	 0 	 0 	 87.2948 	 0.317819 	 0 	 0 	 0 	 -200.286 	 0 	 0 	 0 	 NaN 	 NaN 	 NaN 	 NaN 	 0 	 0 	 NaN 	 NaN 	 25.892 	 3.94099 	 12.2093 	 0.162281 	 75.2356 	 0 	 0 	 0 	 -93.0789 	 0 	 0 	 0 	 NaN 	 NaN 	 NaN 	 NaN 	 0 	 0 	 NaN 	 NaN 	  Lymph 
