rownames 	XLoc 	YLoc 	NNDistSame 	NNDistOpp 	dapi_Area 	dapi_MajorAxisLength 	dapi_MinorAxisLength 	dapi_Eccentricity 	dapi_Solidity 	dapi_Perimeter 	dapi_MeanIntensity 	dapi_PixelSD 	dapi_PixelCV 	dapi_NucAdjustedInt 	dapi_BackAdjustedInt 	memb_Area 	memb_Solidity 	memb_Perimeter 	memb_MeanIntensity 	memb_MembraneIntensity 	memb_temp 	memb_pcTouch 	memb_OverLapIntensity 	memb_nonLapIntensity 	memb_PixelSD 	memb_PixelCV 	cent_Area 	cent_ConvexArea 	cent_MeanIntensity 	cent_BackAdjustedInt 	cent_CN 	cent_AreaSD 	cent_CoeffVar 	cent_MaxSpotDist 	cent_MinSpotDist 	cent_MeanSpotDist 	cent_SDSpotDist 	cent_SpotAreaMax 	cent_SpotAreaMin 	cent_SpotAreaMean 	cent_SpotAreaSD 	nucl_BackgroundAdjust 	nucl_NuclearAdjustedInt 	nucl_PixelSD 	nucl_PixelCV 	nucl_MeanIntensity 	Her2_Area 	Her2_ConvexArea 	Her2_MeanIntensity 	Her2_BackAdjustedInt 	Her2_CN 	Her2_AreaSD 	Her2_CoeffVar 	Her2_MaxSpotDist 	Her2_MinSpotDist 	Her2_MeanSpotDist 	Her2_SDSpotDist 	Her2_SpotAreaMax 	Her2_SpotAreaMin 	Her2_SpotAreaMean 	Her2_SpotAreaSD 	CellLabels 	
1 	 58.5307 	 569.923 	 83.006 	 254.951 	 4545 	 111.147 	 52.269 	 0.882522 	 0.959671 	 287.522 	 2086.17 	 947.184 	 0.45403 	 1199.65 	 1962.44 	 5483 	 0.963959 	 301.966 	 114.562 	 127.422 	 76.7051 	 0.190299 	 162.137 	 124.097 	 35.5172 	 0.278738 	 0 	 0 	 NaN 	 NaN 	 0 	 0 	 0 	 NaN 	 NaN 	 NaN 	 NaN 	 0 	 0 	 NaN 	 NaN 	 58.9382 	 -71.1588 	 19.8985 	 0.185358 	 107.352 	 121 	 186 	 153.446 	 10.3249 	 2 	 1219.68 	 0.268357 	 12.7909 	 12.7909 	 12.7909 	 0 	 61 	 60 	 60.5 	 0.707107 	  DCIS 
2 	 58.8559 	 829.495 	 129.653 	 274.046 	 1860 	 62.5307 	 38.3169 	 0.790262 	 0.962733 	 176.51 	 974.935 	 235.957 	 0.242023 	 456.928 	 851.204 	 2534 	 0.98141 	 193.539 	 149.736 	 140.564 	 89.8474 	 0 	 0 	 0 	 17.7191 	 0.126057 	 0 	 0 	 NaN 	 NaN 	 0 	 0 	 0 	 NaN 	 NaN 	 NaN 	 NaN 	 0 	 0 	 NaN 	 NaN 	 95.0144 	 -9.28087 	 17.4212 	 0.121463 	 143.428 	 45 	 45 	 149.844 	 6.72302 	 1 	 0 	 0 	 NaN 	 NaN 	 NaN 	 NaN 	 45 	 45 	 45 	 0 	  DCIS 
3 	 98.094 	 224.978 	 347.197 	 299.475 	 6269 	 116.805 	 71.4368 	 0.791174 	 0.90046 	 377.345 	 1257.76 	 348.229 	 0.276865 	 440.641 	 1134.03 	 7594 	 0.94055 	 363.647 	 110.005 	 106.086 	 55.369 	 0.111842 	 125.5 	 105.301 	 22.3128 	 0.210328 	 45 	 45 	 435.511 	 -73.2735 	 1 	 0 	 0 	 NaN 	 NaN 	 NaN 	 NaN 	 45 	 45 	 45 	 0 	 48.6793 	 -79.936 	 17.5676 	 0.180936 	 97.0928 	 113 	 592 	 154.735 	 11.6131 	 2 	 67.8978 	 0.0108307 	 61.0665 	 61.0665 	 61.0665 	 0 	 69 	 44 	 56.5 	 17.6777 	  DCIS 
4 	 126.426 	 717.757 	 162.459 	 167.371 	 6432 	 97.6601 	 85.848 	 0.476732 	 0.942832 	 334.333 	 1361.69 	 461.51 	 0.338925 	 926.904 	 1237.96 	 7795 	 0.954451 	 342.049 	 110.108 	 103.136 	 52.4195 	 0.0782313 	 105.261 	 103.517 	 17.3764 	 0.168481 	 38 	 38 	 434.474 	 -74.3109 	 1 	 0 	 0 	 NaN 	 NaN 	 NaN 	 NaN 	 38 	 38 	 38 	 0 	 55.0427 	 -2.83668 	 12.6468 	 0.122243 	 103.456 	 148 	 362 	 165.135 	 22.0137 	 2 	 737.727 	 0.114696 	 30.7534 	 30.7534 	 30.7534 	 0 	 81 	 67 	 74 	 9.89949 	  DCIS 
5 	 99.8699 	 456.792 	 120.208 	 292.318 	 1138 	 44.7176 	 32.701 	 0.682081 	 0.981034 	 127.983 	 1056.75 	 248.291 	 0.234957 	 223.888 	 933.016 	 1668 	 0.988737 	 150.912 	 93.1727 	 90.2353 	 39.5188 	 0 	 0 	 0 	 39.8499 	 0.441623 	 0 	 0 	 NaN 	 NaN 	 0 	 0 	 0 	 NaN 	 NaN 	 NaN 	 NaN 	 0 	 0 	 NaN 	 NaN 	 30.1207 	 -66.915 	 27.7493 	 0.35334 	 78.5343 	 0 	 0 	 NaN 	 NaN 	 0 	 0 	 0 	 NaN 	 NaN 	 NaN 	 NaN 	 0 	 0 	 NaN 	 NaN 	  Lymph 
6 	 126.267 	 619.268 	 83.006 	 174.04 	 6298 	 127.733 	 66.2728 	 0.854873 	 0.917808 	 361.99 	 1072.46 	 394.148 	 0.367519 	 512.79 	 948.724 	 7465 	 0.946614 	 371.605 	 141.926 	 140.188 	 89.4716 	 0.213166 	 151.647 	 138.386 	 30.4936 	 0.217519 	 69 	 286 	 475.71 	 -33.0745 	 2 	 348.528 	 0.0553395 	 40.9997 	 40.9997 	 40.9997 	 0 	 39 	 30 	 34.5 	 6.36396 	 108.821 	 23.5663 	 39.5082 	 0.25127 	 157.234 	 129 	 248 	 169.109 	 25.9871 	 2 	 916.207 	 0.145476 	 19.5746 	 19.5746 	 19.5746 	 0 	 68 	 61 	 64.5 	 4.94975 	  DCIS 
7 	 116.985 	 365.617 	 212.085 	 313.037 	 2969 	 73.3818 	 51.8421 	 0.707742 	 0.973762 	 215.522 	 1364.42 	 539.365 	 0.395308 	 975.072 	 1240.69 	 3628 	 0.967209 	 237.137 	 124.458 	 110.407 	 59.6903 	 0.122549 	 103.32 	 111.131 	 30.1153 	 0.272767 	 89 	 176 	 475.831 	 -32.9532 	 2 	 456.465 	 0.153744 	 17.5279 	 17.5279 	 17.5279 	 0 	 45 	 44 	 44.5 	 0.707107 	 64.348 	 25.4027 	 25.9545 	 0.230171 	 112.762 	 109 	 164 	 165.514 	 22.3923 	 2 	 229.459 	 0.0772851 	 12.7762 	 12.7762 	 12.7762 	 0 	 69 	 40 	 54.5 	 20.5061 	  DCIS 
8 	 178.441 	 148.671 	 437.495 	 189.623 	 6410 	 135.706 	 66.3199 	 0.872451 	 0.858674 	 372.534 	 1742.85 	 606.003 	 0.347707 	 1379.92 	 1619.12 	 7788 	 0.871628 	 397.747 	 95.0218 	 100.46 	 49.7439 	 0.0997067 	 125.5 	 99.2145 	 21.2095 	 0.211123 	 88 	 452 	 411 	 -97.7846 	 2 	 2075.07 	 0.323723 	 54.7379 	 54.7379 	 54.7379 	 0 	 46 	 42 	 44 	 2.82843 	 32.2304 	 -1.18581 	 13.5627 	 0.16818 	 80.644 	 102 	 389 	 126.451 	 -16.6704 	 2 	 761.54 	 0.118805 	 43.0923 	 43.0923 	 43.0923 	 0 	 56 	 46 	 51 	 7.07107 	  DCIS 
9 	 174.847 	 319.783 	 275.601 	 248.805 	 4072 	 83.6339 	 62.1229 	 0.669518 	 0.985956 	 242.309 	 2258.32 	 1021.26 	 0.452223 	 1741 	 2134.59 	 5569 	 0.918674 	 341.907 	 144.93 	 159.534 	 108.817 	 0.0704698 	 105.238 	 161.717 	 75.9933 	 0.476347 	 44 	 44 	 459.909 	 -48.8755 	 1 	 0 	 0 	 NaN 	 NaN 	 NaN 	 NaN 	 44 	 44 	 44 	 0 	 57.6491 	 -50.9864 	 18.2658 	 0.172217 	 106.063 	 132 	 281 	 157.811 	 14.6892 	 2 	 103.366 	 0.0253845 	 18.0399 	 18.0399 	 18.0399 	 0 	 75 	 57 	 66 	 12.7279 	  DCIS 
10 	 214.235 	 505.71 	 167.693 	 189.476 	 4355 	 77.0452 	 72.1479 	 0.35084 	 0.981962 	 253.078 	 1685.57 	 653.834 	 0.3879 	 1309.08 	 1561.84 	 5432 	 0.980505 	 276.451 	 118.299 	 95.3167 	 44.6001 	 0 	 0 	 0 	 24.5133 	 0.257178 	 45 	 45 	 518.533 	 9.74872 	 1 	 0 	 0 	 NaN 	 NaN 	 NaN 	 NaN 	 45 	 45 	 45 	 0 	 70.0643 	 38.7651 	 21.1551 	 0.178557 	 118.478 	 71 	 75 	 198.254 	 55.1321 	 1 	 0 	 0 	 NaN 	 NaN 	 NaN 	 NaN 	 71 	 71 	 71 	 0 	  DCIS 
11 	 227.834 	 878.011 	 351.319 	 137.713 	 5259 	 87.2987 	 78.0797 	 0.447275 	 0.957052 	 287.38 	 1909.87 	 582.544 	 0.305017 	 1557.79 	 1786.14 	 5983 	 0.942056 	 307.48 	 110.779 	 114.446 	 63.7291 	 0.387681 	 139.505 	 108.53 	 41.4646 	 0.362309 	 67 	 75 	 417.299 	 -91.4861 	 1 	 0 	 0 	 NaN 	 NaN 	 NaN 	 NaN 	 67 	 67 	 67 	 0 	 49.5414 	 15.4679 	 22.9009 	 0.23379 	 97.9549 	 137 	 507 	 163.65 	 20.5282 	 2 	 318.877 	 0.0606345 	 42.9854 	 42.9854 	 42.9854 	 0 	 69 	 68 	 68.5 	 0.707107 	  DCIS 
12 	 208.496 	 935.569 	 395.167 	 188.905 	 2046 	 57.9196 	 46.3451 	 0.599784 	 0.965094 	 176.267 	 1491.59 	 562.381 	 0.377034 	 1091.26 	 1367.86 	 2604 	 0.973094 	 194.953 	 120.683 	 124.838 	 74.1216 	 0.265896 	 156.978 	 120.773 	 28.269 	 0.226445 	 0 	 0 	 NaN 	 NaN 	 0 	 0 	 0 	 NaN 	 NaN 	 NaN 	 NaN 	 0 	 0 	 NaN 	 NaN 	 51.8958 	 0.246527 	 12.2157 	 0.121781 	 100.309 	 0 	 0 	 NaN 	 NaN 	 0 	 0 	 0 	 NaN 	 NaN 	 NaN 	 NaN 	 0 	 0 	 NaN 	 NaN 	  DCIS 
13 	 264.348 	 208.448 	 416.016 	 152.453 	 6713 	 158.038 	 57.9947 	 0.930234 	 0.894828 	 385.446 	 1535.17 	 520.995 	 0.339373 	 1165.44 	 1411.44 	 8864 	 0.882693 	 440.759 	 141.748 	 149.651 	 98.934 	 0 	 0 	 149.785 	 82.2371 	 0.549528 	 37 	 37 	 540.189 	 31.4046 	 1 	 0 	 0 	 NaN 	 NaN 	 NaN 	 NaN 	 37 	 37 	 37 	 0 	 47.6149 	 3.72015 	 14.7366 	 0.153461 	 96.0285 	 131 	 264 	 173.237 	 30.1152 	 2 	 1218.55 	 0.181521 	 21.8539 	 21.8539 	 21.8539 	 0 	 68 	 63 	 65.5 	 3.53553 	  DCIS 
14 	 263.171 	 989.619 	 466.922 	 200.943 	 2776 	 61.8763 	 57.5713 	 0.366481 	 0.975061 	 199.924 	 1517.14 	 605.389 	 0.399033 	 1115.61 	 1393.41 	 3589 	 0.983288 	 222.024 	 108.341 	 120.869 	 70.1522 	 0 	 0 	 121.189 	 60.1542 	 0.497682 	 39 	 40 	 385.974 	 -122.81 	 1 	 0 	 0 	 NaN 	 NaN 	 NaN 	 NaN 	 39 	 39 	 39 	 0 	 54.0515 	 -1.44831 	 29.8154 	 0.290981 	 102.465 	 77 	 79 	 158.481 	 15.3591 	 1 	 0 	 0 	 NaN 	 NaN 	 NaN 	 NaN 	 77 	 77 	 77 	 0 	  DCIS 
15 	 288.51 	 679.854 	 139.205 	 167.371 	 7528 	 170.009 	 57.5012 	 0.941065 	 0.947157 	 427.144 	 1113.69 	 289.606 	 0.260041 	 802.977 	 989.962 	 9834 	 0.911907 	 476.073 	 206.776 	 215.998 	 165.281 	 0 	 0 	 0 	 148.801 	 0.6889 	 147 	 1170 	 507.374 	 -1.41047 	 4 	 1574.91 	 0.209207 	 54.9678 	 12.5906 	 38.814 	 17.8086 	 39 	 34 	 36.75 	 2.21736 	 89.1636 	 -4.08783 	 50.8764 	 0.369803 	 137.577 	 233 	 2350 	 148.176 	 5.05454 	 4 	 1208.6 	 0.160547 	 86.0775 	 13.4112 	 52.1692 	 31.4799 	 74 	 34 	 58.25 	 17.0563 	  Tumour 
16 	 298.938 	 3.03704 	 254.031 	 189.623 	 324 	 88.769 	 6.52344 	 0.997296 	 0.635294 	 160.77 	 756.336 	 122.624 	 0.162128 	 372.202 	 632.605 	 588 	 0.820084 	 172.284 	 115.543 	 116.262 	 65.5457 	 0 	 0 	 0 	 15.5835 	 0.134037 	 0 	 0 	 NaN 	 NaN 	 0 	 0 	 0 	 NaN 	 NaN 	 NaN 	 NaN 	 0 	 0 	 NaN 	 NaN 	 41.8426 	 1.20953 	 13.5368 	 0.149982 	 90.2562 	 0 	 0 	 NaN 	 NaN 	 0 	 0 	 0 	 NaN 	 NaN 	 NaN 	 NaN 	 0 	 0 	 NaN 	 NaN 	  Tumour 
17 	 299.681 	 874.536 	 388.724 	 82.0975 	 4326 	 79.7331 	 71.3389 	 0.446626 	 0.951815 	 267.622 	 1734.99 	 585.072 	 0.33722 	 1318.12 	 1611.26 	 5228 	 0.96779 	 280.024 	 118.186 	 114.492 	 63.7757 	 0.234375 	 126.033 	 113.511 	 22.7999 	 0.199139 	 45 	 45 	 487.244 	 -21.5402 	 1 	 0 	 0 	 NaN 	 NaN 	 NaN 	 NaN 	 45 	 45 	 45 	 0 	 57.2725 	 -6.22591 	 15.7941 	 0.149443 	 105.686 	 126 	 285 	 186.754 	 43.6325 	 2 	 670.085 	 0.154897 	 22.3231 	 22.3231 	 22.3231 	 0 	 67 	 59 	 63 	 5.65685 	  DCIS 
18 	 345.688 	 807.217 	 139.205 	 82.0975 	 3730 	 103.288 	 47.4184 	 0.888391 	 0.934369 	 274.149 	 954.754 	 268.519 	 0.281245 	 613.157 	 831.023 	 6101 	 0.88716 	 351.362 	 183.296 	 210.783 	 160.067 	 0.203333 	 304.033 	 199.911 	 132.15 	 0.626949 	 0 	 0 	 NaN 	 NaN 	 0 	 0 	 0 	 NaN 	 NaN 	 NaN 	 NaN 	 0 	 0 	 NaN 	 NaN 	 57.8395 	 -18.5757 	 48.7089 	 0.458423 	 106.253 	 0 	 0 	 NaN 	 NaN 	 0 	 0 	 0 	 NaN 	 NaN 	 NaN 	 NaN 	 0 	 0 	 NaN 	 NaN 	  Tumour 
19 	 388.855 	 923.28 	 483.228 	 109.289 	 4372 	 84.0338 	 66.389 	 0.613071 	 0.982031 	 251.622 	 1808.98 	 755.846 	 0.41783 	 1442.08 	 1685.25 	 5457 	 0.981651 	 275.966 	 137.558 	 130.401 	 79.6843 	 0 	 0 	 0 	 52.541 	 0.402919 	 0 	 0 	 NaN 	 NaN 	 0 	 0 	 0 	 NaN 	 NaN 	 NaN 	 NaN 	 0 	 0 	 NaN 	 NaN 	 63.1189 	 -5.69008 	 36.8259 	 0.330181 	 111.532 	 117 	 234 	 164.778 	 21.6563 	 2 	 514.468 	 0.117673 	 21.0584 	 21.0584 	 21.0584 	 0 	 81 	 36 	 58.5 	 31.8198 	  DCIS 
20 	 415.369 	 229.06 	 468.27 	 152.453 	 5107 	 94.3821 	 72.8065 	 0.636348 	 0.908881 	 309.907 	 1664.15 	 613.154 	 0.368448 	 1302.54 	 1540.42 	 7057 	 0.903469 	 358.291 	 184.421 	 219.557 	 168.84 	 0.161812 	 161.28 	 222.623 	 126.959 	 0.578253 	 45 	 45 	 519.822 	 11.0376 	 1 	 0 	 0 	 NaN 	 NaN 	 NaN 	 NaN 	 45 	 45 	 45 	 0 	 108.429 	 1.6612 	 24.6944 	 0.157447 	 156.842 	 121 	 256 	 176.198 	 33.0769 	 2 	 397.062 	 0.0777485 	 23.3645 	 23.3645 	 23.3645 	 0 	 67 	 54 	 60.5 	 9.19239 	  Tumour 
21 	 423.48 	 300.248 	 402.934 	 183.698 	 6046 	 127.726 	 61.4556 	 0.876638 	 0.963352 	 333.262 	 1609.74 	 605.578 	 0.376195 	 1237.46 	 1486.01 	 8176 	 0.846464 	 472.759 	 248.244 	 248.604 	 197.887 	 0.148515 	 244.867 	 245.512 	 121.85 	 0.490137 	 45 	 45 	 522.022 	 13.2376 	 1 	 0 	 0 	 NaN 	 NaN 	 NaN 	 NaN 	 45 	 45 	 45 	 0 	 144.987 	 -3.86513 	 68.0818 	 0.352025 	 193.4 	 83 	 257 	 169.976 	 26.8545 	 2 	 1113.51 	 0.184173 	 29.4195 	 29.4195 	 29.4195 	 0 	 45 	 38 	 41.5 	 4.94975 	  Tumour 
22 	 451.31 	 832.617 	 222.83 	 109.289 	 6506 	 142.441 	 59.1771 	 0.909616 	 0.923754 	 363.203 	 930.712 	 317.24 	 0.340858 	 629.155 	 806.981 	 8090 	 0.77669 	 469.588 	 287.597 	 303.382 	 252.666 	 0.2975 	 308.874 	 299.392 	 93.4785 	 0.308121 	 74 	 123 	 616.068 	 107.283 	 2 	 1326.69 	 0.203917 	 12.9233 	 12.9233 	 12.9233 	 0 	 38 	 36 	 37 	 1.41421 	 177.082 	 -0.934325 	 40.7749 	 0.180824 	 225.495 	 101 	 107 	 212.851 	 69.7301 	 1 	 0 	 0 	 NaN 	 NaN 	 NaN 	 NaN 	 101 	 101 	 101 	 0 	  Tumour 
23 	 560.203 	 679.773 	 271 	 227.178 	 12018 	 159.482 	 96.8461 	 0.794508 	 0.983631 	 435.931 	 1575.19 	 481.422 	 0.305627 	 1188.08 	 1451.46 	 20735 	 0.956676 	 609.897 	 228.153 	 342.65 	 291.933 	 0.023622 	 340 	 340.485 	 119.838 	 0.349738 	 33 	 34 	 686.242 	 177.458 	 1 	 0 	 0 	 NaN 	 NaN 	 NaN 	 NaN 	 33 	 33 	 33 	 0 	 151.606 	 -69.7018 	 47.4618 	 0.237286 	 200.02 	 122 	 895 	 178.459 	 35.3376 	 2 	 2961.53 	 0.246425 	 101.324 	 101.324 	 101.324 	 0 	 84 	 38 	 61 	 32.5269 	  Tumour 
24 	 519.284 	 872.225 	 299.606 	 139.646 	 2079 	 72.423 	 40.1086 	 0.832643 	 0.884681 	 199.238 	 856.024 	 208.673 	 0.24377 	 564.98 	 732.293 	 3534 	 0.86554 	 279.664 	 245.573 	 261.439 	 210.722 	 0.21097 	 326.34 	 253.285 	 111.715 	 0.427308 	 33 	 33 	 565.061 	 56.276 	 1 	 0 	 0 	 NaN 	 NaN 	 NaN 	 NaN 	 33 	 33 	 33 	 0 	 124.498 	 -1.38444 	 44.3607 	 0.256551 	 172.911 	 0 	 0 	 NaN 	 NaN 	 0 	 0 	 0 	 NaN 	 NaN 	 NaN 	 NaN 	 0 	 0 	 NaN 	 NaN 	  Tumour 
25 	 576.212 	 306.252 	 471.429 	 237.966 	 7131 	 100.173 	 90.9481 	 0.419161 	 0.980745 	 323.706 	 1422.54 	 375.481 	 0.263951 	 893.14 	 1298.81 	 11562 	 0.945922 	 442.517 	 252.411 	 404.504 	 353.787 	 0.0106667 	 638.5 	 401.217 	 138.027 	 0.341226 	 45 	 45 	 706.333 	 197.549 	 1 	 0 	 0 	 NaN 	 NaN 	 NaN 	 NaN 	 45 	 45 	 45 	 0 	 207.955 	 -65.631 	 44.1093 	 0.172054 	 256.369 	 151 	 306 	 198.377 	 55.2561 	 2 	 2114.34 	 0.2965 	 20.7381 	 20.7381 	 20.7381 	 0 	 80 	 71 	 75.5 	 6.36396 	  Tumour 
26 	 599.912 	 426.143 	 401.543 	 246.077 	 5290 	 101.38 	 70.0964 	 0.722451 	 0.887286 	 321.463 	 1938.27 	 652.671 	 0.336728 	 1223.29 	 1814.54 	 8432 	 0.92365 	 387.688 	 290.905 	 411.031 	 360.315 	 0.252336 	 562.802 	 387.781 	 173.896 	 0.423073 	 45 	 45 	 654.356 	 145.571 	 1 	 0 	 0 	 NaN 	 NaN 	 NaN 	 NaN 	 45 	 45 	 45 	 0 	 314.348 	 55.4462 	 80.2035 	 0.221091 	 362.762 	 420 	 1709 	 215.774 	 72.6524 	 4 	 1172.89 	 0.221718 	 51.7982 	 20.6361 	 37.0324 	 10.9308 	 164 	 61 	 105 	 49.632 	  Tumour 
27 	 655.35 	 377.058 	 475.147 	 235.308 	 6161 	 106.801 	 74.3873 	 0.717555 	 0.9461 	 326.291 	 1329.77 	 296.052 	 0.222634 	 653.999 	 1206.04 	 7971 	 0.842511 	 445.571 	 334.957 	 443.078 	 392.361 	 0.147632 	 659.17 	 423.708 	 139.107 	 0.313957 	 0 	 0 	 NaN 	 NaN 	 0 	 0 	 0 	 NaN 	 NaN 	 NaN 	 NaN 	 0 	 0 	 NaN 	 NaN 	 254.769 	 -72.444 	 63.3313 	 0.208888 	 303.183 	 0 	 0 	 NaN 	 NaN 	 0 	 0 	 0 	 NaN 	 NaN 	 NaN 	 NaN 	 0 	 0 	 NaN 	 NaN 	  Tumour 
28 	 655.304 	 828.624 	 395.167 	 256.726 	 5016 	 115.569 	 56.4072 	 0.872797 	 0.967406 	 303.019 	 1008.82 	 225.866 	 0.223892 	 653.602 	 885.085 	 8646 	 0.872892 	 463.671 	 239.703 	 315.742 	 265.026 	 0.305263 	 264.147 	 325.443 	 80.7595 	 0.255777 	 0 	 0 	 NaN 	 NaN 	 0 	 0 	 0 	 NaN 	 NaN 	 NaN 	 NaN 	 0 	 0 	 NaN 	 NaN 	 168.97 	 -46.3846 	 32.4042 	 0.149064 	 217.384 	 0 	 0 	 NaN 	 NaN 	 0 	 0 	 0 	 NaN 	 NaN 	 NaN 	 NaN 	 0 	 0 	 NaN 	 NaN 	  Tumour 
29 	 664.546 	 476.607 	 427.3 	 164.438 	 4365 	 79.4563 	 70.3389 	 0.46511 	 0.975201 	 257.421 	 1227.24 	 309.29 	 0.252021 	 818.431 	 1103.51 	 6100 	 0.873926 	 364.434 	 350.699 	 477.605 	 426.888 	 0.511254 	 563.535 	 447.359 	 162.412 	 0.340055 	 0 	 0 	 NaN 	 NaN 	 0 	 0 	 0 	 NaN 	 NaN 	 NaN 	 NaN 	 0 	 0 	 NaN 	 NaN 	 293.352 	 -13.5102 	 47.9345 	 0.140256 	 341.765 	 0 	 0 	 NaN 	 NaN 	 0 	 0 	 0 	 NaN 	 NaN 	 NaN 	 NaN 	 0 	 0 	 NaN 	 NaN 	  Tumour 
30 	 679.068 	 170.694 	 641.234 	 95.0474 	 2760 	 83.9625 	 43.0823 	 0.85832 	 0.950741 	 222.51 	 1261.01 	 456.365 	 0.361904 	 827.723 	 1137.28 	 3509 	 0.942773 	 253.238 	 240.002 	 247.74 	 197.023 	 0.147982 	 383.242 	 235.588 	 121.789 	 0.491601 	 0 	 0 	 NaN 	 NaN 	 0 	 0 	 0 	 NaN 	 NaN 	 NaN 	 NaN 	 0 	 0 	 NaN 	 NaN 	 117.352 	 -13.9346 	 54.5467 	 0.329058 	 165.766 	 0 	 0 	 NaN 	 NaN 	 0 	 0 	 0 	 NaN 	 NaN 	 NaN 	 NaN 	 0 	 0 	 NaN 	 NaN 	  Tumour 
31 	 684.15 	 790.187 	 410.03 	 208.907 	 3506 	 105.589 	 44.5217 	 0.906758 	 0.917081 	 268.593 	 1219.29 	 346.528 	 0.284204 	 777.054 	 1095.56 	 9632 	 0.767184 	 606.583 	 259.535 	 285.116 	 234.4 	 0.415354 	 246.142 	 295.848 	 67.8351 	 0.237921 	 0 	 0 	 NaN 	 NaN 	 0 	 0 	 0 	 NaN 	 NaN 	 NaN 	 NaN 	 0 	 0 	 NaN 	 NaN 	 178.383 	 -4.20981 	 21.6565 	 0.0954889 	 226.796 	 0 	 0 	 NaN 	 NaN 	 0 	 0 	 0 	 NaN 	 NaN 	 NaN 	 NaN 	 0 	 0 	 NaN 	 NaN 	  Tumour 
32 	 715.303 	 283.932 	 581.629 	 124.824 	 15447 	 170.204 	 115.923 	 0.732206 	 0.980513 	 485.103 	 2443.86 	 694.847 	 0.284323 	 1555.23 	 2320.13 	 21062 	 0.944103 	 641.127 	 257.268 	 424.404 	 373.687 	 0.174545 	 376.083 	 429.174 	 116.823 	 0.275264 	 195 	 2243 	 679.21 	 170.426 	 5 	 2726.79 	 0.176526 	 59.2071 	 15.5652 	 39.7794 	 14.3776 	 48 	 29 	 39 	 7.44983 	 173.62 	 -120.375 	 82.0378 	 0.369485 	 222.033 	 897 	 3969 	 241.633 	 98.5118 	 7 	 4048.48 	 0.262089 	 79.4261 	 10.738 	 40.4557 	 17.8458 	 398 	 42 	 112.125 	 121.209 	  Tumour 
33 	 695.02 	 625.473 	 409.708 	 81.6088 	 3702 	 99.7156 	 48.5441 	 0.873499 	 0.957331 	 268.007 	 1135.1 	 300.333 	 0.264587 	 750.005 	 1011.37 	 4956 	 0.954178 	 290.593 	 218.147 	 276.676 	 225.959 	 0.1 	 256.92 	 276.314 	 140.059 	 0.50622 	 0 	 0 	 NaN 	 NaN 	 0 	 0 	 0 	 NaN 	 NaN 	 NaN 	 NaN 	 0 	 0 	 NaN 	 NaN 	 124.117 	 -14.4329 	 36.2719 	 0.210234 	 172.531 	 0 	 0 	 NaN 	 NaN 	 0 	 0 	 0 	 NaN 	 NaN 	 NaN 	 NaN 	 0 	 0 	 NaN 	 NaN 	  Tumour 
34 	 738.392 	 523.245 	 475.657 	 85.4927 	 7674 	 111.457 	 90.8324 	 0.579526 	 0.966864 	 355.404 	 1689.09 	 568.063 	 0.336313 	 1254.13 	 1565.36 	 10003 	 0.919393 	 427.487 	 310.02 	 495.127 	 444.41 	 0.405634 	 555.507 	 469.816 	 164.684 	 0.33261 	 34 	 35 	 509.324 	 0.538914 	 1 	 0 	 0 	 NaN 	 NaN 	 NaN 	 NaN 	 34 	 34 	 34 	 0 	 180.099 	 -101.985 	 67.7853 	 0.296637 	 228.513 	 563 	 1396 	 230.694 	 87.5731 	 4 	 2553.62 	 0.332762 	 35.8021 	 16.2923 	 25.4669 	 7.00744 	 321 	 59 	 140.75 	 121.569 	  Tumour 
35 	 738.11 	 754.068 	 455.057 	 156.952 	 6931 	 138.847 	 65.3457 	 0.88233 	 0.943122 	 366.291 	 1391.2 	 469.575 	 0.337533 	 982.359 	 1267.47 	 8459 	 0.924077 	 414.777 	 171.842 	 177.322 	 126.606 	 0.286501 	 209.452 	 172.37 	 65.3411 	 0.368488 	 82 	 130 	 376.366 	 -132.419 	 2 	 1229.2 	 0.177349 	 11.7934 	 11.7934 	 11.7934 	 0 	 45 	 37 	 41 	 5.65685 	 79.8101 	 3.90351 	 37.2027 	 0.290139 	 128.224 	 82 	 83 	 178.817 	 35.6956 	 1 	 0 	 0 	 NaN 	 NaN 	 NaN 	 NaN 	 82 	 82 	 82 	 0 	  Tumour 
36 	 771.683 	 959.46 	 557.79 	 325.074 	 5170 	 102.805 	 67.5737 	 0.753627 	 0.949844 	 306.191 	 1285.47 	 363.969 	 0.283141 	 801.1 	 1161.74 	 10545 	 0.923542 	 446.801 	 317.404 	 405.323 	 354.607 	 0.0296496 	 434.727 	 404.854 	 108.202 	 0.266953 	 0 	 0 	 NaN 	 NaN 	 0 	 0 	 0 	 NaN 	 NaN 	 NaN 	 NaN 	 0 	 0 	 NaN 	 NaN 	 192.543 	 -49.7812 	 43.2122 	 0.179336 	 240.956 	 443 	 1518 	 185.944 	 42.8221 	 5 	 1844.94 	 0.356855 	 81.5691 	 13.1815 	 39.7099 	 23.0372 	 181 	 47 	 88.6 	 55.1434 	  Tumour 
37 	 773.755 	 173.883 	 817.338 	 95.0474 	 2686 	 99.2169 	 35.3346 	 0.934434 	 0.958601 	 240.392 	 1060.06 	 290.999 	 0.274512 	 730.798 	 936.328 	 4027 	 0.953813 	 283.321 	 134.27 	 159.41 	 108.694 	 0 	 0 	 159.717 	 70.5182 	 0.44237 	 0 	 0 	 NaN 	 NaN 	 0 	 0 	 0 	 NaN 	 NaN 	 NaN 	 NaN 	 0 	 0 	 NaN 	 NaN 	 51.9848 	 -10.5155 	 21.4555 	 0.213704 	 100.398 	 0 	 0 	 NaN 	 NaN 	 0 	 0 	 0 	 NaN 	 NaN 	 NaN 	 NaN 	 0 	 0 	 NaN 	 NaN 	  DCIS 
38 	 771.779 	 664.157 	 483.265 	 63.0079 	 4114 	 79.5726 	 66.2025 	 0.554812 	 0.973497 	 247.765 	 1385.32 	 491.997 	 0.355151 	 907.408 	 1261.59 	 4714 	 0.963023 	 268.108 	 176.994 	 208.174 	 157.457 	 0.395652 	 271.462 	 196.591 	 96.6621 	 0.464333 	 0 	 0 	 NaN 	 NaN 	 0 	 0 	 0 	 NaN 	 NaN 	 NaN 	 NaN 	 0 	 0 	 NaN 	 NaN 	 119.822 	 8.79711 	 52.6555 	 0.312987 	 168.235 	 63 	 63 	 149.73 	 6.60873 	 1 	 0 	 0 	 NaN 	 NaN 	 NaN 	 NaN 	 63 	 63 	 63 	 0 	  Tumour 
39 	 776.441 	 443.231 	 541.607 	 158.028 	 6047 	 112.488 	 72.8114 	 0.76225 	 0.915241 	 342.049 	 1900.86 	 580.044 	 0.305149 	 1392.52 	 1777.12 	 7137 	 0.891791 	 400.759 	 267.876 	 339.63 	 288.913 	 0.53012 	 364.057 	 330.566 	 142.035 	 0.418205 	 34 	 35 	 438.294 	 -70.4905 	 1 	 0 	 0 	 NaN 	 NaN 	 NaN 	 NaN 	 34 	 34 	 34 	 0 	 135.863 	 -57.0359 	 37.5635 	 0.203843 	 184.277 	 228 	 571 	 183.706 	 40.5847 	 2 	 2673.53 	 0.442125 	 30.1587 	 30.1587 	 30.1587 	 0 	 161 	 67 	 114 	 66.468 	  Tumour 
40 	 773.472 	 601.137 	 714.673 	 63.0079 	 1814 	 70.6763 	 33.9429 	 0.877127 	 0.888345 	 208.593 	 871.108 	 138.637 	 0.159151 	 444.743 	 747.377 	 4306 	 0.74926 	 332.534 	 370.964 	 367.982 	 317.266 	 0.429078 	 317.05 	 380.491 	 113.672 	 0.308907 	 0 	 0 	 NaN 	 NaN 	 0 	 0 	 0 	 NaN 	 NaN 	 NaN 	 NaN 	 0 	 0 	 NaN 	 NaN 	 224.524 	 -31.1956 	 42.575 	 0.155988 	 272.937 	 0 	 0 	 NaN 	 NaN 	 0 	 0 	 0 	 NaN 	 NaN 	 NaN 	 NaN 	 0 	 0 	 NaN 	 NaN 	  Other 
41 	 791.923 	 333.076 	 611.079 	 160.016 	 1608 	 62.2897 	 34.8383 	 0.828969 	 0.933256 	 171.296 	 1192.48 	 281.222 	 0.235829 	 808.94 	 1068.75 	 3712 	 0.874441 	 312.652 	 391.764 	 411.436 	 360.72 	 0.382979 	 422.63 	 412.066 	 106.08 	 0.257829 	 0 	 0 	 NaN 	 NaN 	 0 	 0 	 0 	 NaN 	 NaN 	 NaN 	 NaN 	 0 	 0 	 NaN 	 NaN 	 299.805 	 -16.4875 	 49.1665 	 0.141194 	 348.219 	 0 	 0 	 NaN 	 NaN 	 0 	 0 	 0 	 NaN 	 NaN 	 NaN 	 NaN 	 0 	 0 	 NaN 	 NaN 	  Tumour 
42 	 825.23 	 419.049 	 596.169 	 189.283 	 4531 	 119.483 	 50.1269 	 0.907741 	 0.920748 	 301.38 	 1578.79 	 463.933 	 0.293853 	 1121.18 	 1455.06 	 6597 	 0.913206 	 373.948 	 286.008 	 319.635 	 268.918 	 0.510836 	 289.855 	 329.231 	 90.5744 	 0.283369 	 73 	 602 	 557.877 	 49.0921 	 2 	 780.982 	 0.172364 	 81.8784 	 81.8784 	 81.8784 	 0 	 40 	 33 	 36.5 	 4.94975 	 187.414 	 -43.7569 	 66.9054 	 0.283705 	 235.827 	 278 	 795 	 222.108 	 78.9865 	 4 	 1248.39 	 0.275522 	 60.0094 	 10.1167 	 32.8059 	 18.7822 	 133 	 41 	 69.5 	 43.147 	  Tumour 
43 	 853.881 	 741.409 	 568.283 	 161.744 	 5757 	 103.935 	 71.3553 	 0.727092 	 0.967888 	 309.019 	 2054.27 	 873.887 	 0.4254 	 1588.86 	 1930.54 	 8033 	 0.828571 	 469.671 	 248.963 	 254.319 	 203.602 	 0.111399 	 455 	 242.498 	 130.394 	 0.51272 	 90 	 411 	 410.356 	 -98.4291 	 2 	 995.721 	 0.172958 	 46.6905 	 46.6905 	 46.6905 	 0 	 45 	 45 	 45 	 0 	 114.796 	 -9.41612 	 68.9746 	 0.422612 	 163.21 	 143 	 237 	 180.245 	 37.1233 	 2 	 520.905 	 0.0904821 	 17.0782 	 17.0782 	 17.0782 	 0 	 77 	 66 	 71.5 	 7.77817 	  Tumour 
44 	 877.364 	 632.837 	 589.875 	 108.812 	 9963 	 127.69 	 103.857 	 0.581771 	 0.931557 	 414.274 	 1673.12 	 516.421 	 0.308657 	 1262.23 	 1549.39 	 19143 	 0.930356 	 611.186 	 303.359 	 329.691 	 278.974 	 0.241509 	 354.977 	 327.07 	 90.7804 	 0.27535 	 122 	 620 	 565.852 	 57.0678 	 3 	 2491.91 	 0.250117 	 41.3898 	 14.8437 	 30.4003 	 12.3877 	 48 	 36 	 40.6667 	 6.4291 	 166.675 	 -61.4371 	 49.5319 	 0.230286 	 215.088 	 712 	 2295 	 224.454 	 81.3322 	 5 	 2397.2 	 0.24061 	 79.2236 	 16.4346 	 46.213 	 21.6618 	 411 	 38 	 142.4 	 152.808 	  Tumour 
45 	 912.708 	 133.065 	 829.81 	 144.921 	 7636 	 101.305 	 96.4669 	 0.305347 	 0.973731 	 341.019 	 1395.61 	 445.791 	 0.319425 	 998.703 	 1271.88 	 10684 	 0.898117 	 470.701 	 226.877 	 251.372 	 200.656 	 0 	 0 	 0 	 126.684 	 0.503968 	 90 	 366 	 567.944 	 59.1598 	 2 	 183.295 	 0.024004 	 43.2897 	 43.2897 	 43.2897 	 0 	 45 	 45 	 45 	 0 	 125.898 	 3.53402 	 39.2211 	 0.225006 	 174.311 	 135 	 178 	 165.874 	 22.7526 	 2 	 899.185 	 0.117756 	 11.0433 	 11.0433 	 11.0433 	 0 	 70 	 65 	 67.5 	 3.53553 	  Tumour 
46 	 894.331 	 416.288 	 660.092 	 221.057 	 2788 	 83.4882 	 42.96 	 0.857452 	 0.968392 	 219.581 	 1157.08 	 327.772 	 0.283276 	 773.472 	 1033.35 	 5408 	 0.779363 	 436.132 	 228.206 	 266.439 	 215.722 	 0.13369 	 315.5 	 263.147 	 102.003 	 0.382837 	 29 	 30 	 514.828 	 6.04297 	 1 	 0 	 0 	 NaN 	 NaN 	 NaN 	 NaN 	 29 	 29 	 29 	 0 	 103.405 	 -17.8407 	 21.5782 	 0.142132 	 151.818 	 67 	 69 	 166.313 	 23.192 	 1 	 0 	 0 	 NaN 	 NaN 	 NaN 	 NaN 	 67 	 67 	 67 	 0 	  Tumour 
47 	 920.593 	 524.656 	 650.73 	 166.373 	 3177 	 87.1436 	 48.8552 	 0.828068 	 0.949776 	 241.137 	 1086.52 	 233.87 	 0.215247 	 777.765 	 962.788 	 6580 	 0.809249 	 458.759 	 213.42 	 262.892 	 212.176 	 0.117949 	 309.109 	 258.632 	 126.134 	 0.479795 	 0 	 0 	 NaN 	 NaN 	 0 	 0 	 0 	 NaN 	 NaN 	 NaN 	 NaN 	 0 	 0 	 NaN 	 NaN 	 78.0542 	 -17.3867 	 23.9877 	 0.189674 	 126.468 	 0 	 0 	 NaN 	 NaN 	 0 	 0 	 0 	 NaN 	 NaN 	 NaN 	 NaN 	 0 	 0 	 NaN 	 NaN 	  Tumour 
48 	 1028.54 	 730.541 	 983.271 	 175.285 	 3455 	 86.0226 	 52.0842 	 0.795867 	 0.967787 	 240.551 	 1339.96 	 457.97 	 0.341779 	 1003.5 	 1216.23 	 4429 	 0.968087 	 263.823 	 153.685 	 155.415 	 104.698 	 0 	 0 	 0 	 45.3471 	 0.291781 	 0 	 0 	 NaN 	 NaN 	 0 	 0 	 0 	 NaN 	 NaN 	 NaN 	 NaN 	 0 	 0 	 NaN 	 NaN 	 94.2776 	 5.31962 	 27.7684 	 0.194605 	 142.691 	 79 	 83 	 168.19 	 25.0684 	 1 	 0 	 0 	 NaN 	 NaN 	 NaN 	 NaN 	 79 	 79 	 79 	 0 	  DCIS 
49 	 1066.15 	 245.178 	 1058.15 	 189.613 	 4812 	 94.0695 	 65.6521 	 0.716184 	 0.975867 	 273.279 	 1892.24 	 716.069 	 0.378425 	 1546.86 	 1768.51 	 5921 	 0.978031 	 295.137 	 115.149 	 106.565 	 55.8484 	 0 	 0 	 0 	 30.544 	 0.286624 	 90 	 278 	 458.2 	 -50.5846 	 2 	 185.194 	 0.038486 	 31.257 	 31.257 	 31.257 	 0 	 45 	 45 	 45 	 0 	 70.069 	 24.2862 	 16.4994 	 0.139256 	 118.483 	 137 	 398 	 156.65 	 13.5282 	 2 	 143.385 	 0.0297973 	 34.0255 	 34.0255 	 34.0255 	 0 	 71 	 66 	 68.5 	 3.53553 	  DCIS 
50 	 1089.36 	 887.326 	 1077.68 	 276.66 	 1751 	 54.0718 	 41.5217 	 0.64057 	 0.973319 	 163.439 	 1444.22 	 719.88 	 0.498454 	 1140.82 	 1320.49 	 2404 	 0.986459 	 182.225 	 87.4318 	 80.1768 	 29.4603 	 0 	 0 	 0 	 14.1078 	 0.175959 	 42 	 43 	 357.762 	 -151.023 	 1 	 0 	 0 	 NaN 	 NaN 	 NaN 	 NaN 	 42 	 42 	 42 	 0 	 35.9399 	 18.4293 	 11.3256 	 0.134264 	 84.3535 	 0 	 0 	 NaN 	 NaN 	 0 	 0 	 0 	 NaN 	 NaN 	 NaN 	 NaN 	 0 	 0 	 NaN 	 NaN 	  Lymph 
51 	 1127.39 	 431.734 	 1076.88 	 226.02 	 1722 	 51.1442 	 43.0551 	 0.53973 	 0.970141 	 161.681 	 1668.27 	 966.761 	 0.579499 	 1290.14 	 1544.54 	 2352 	 0.986577 	 178.225 	 110.866 	 113.425 	 62.7085 	 0 	 0 	 0 	 30.4229 	 0.268221 	 0 	 0 	 NaN 	 NaN 	 0 	 0 	 0 	 NaN 	 NaN 	 NaN 	 NaN 	 0 	 0 	 NaN 	 NaN 	 39.7525 	 10.6433 	 14.131 	 0.160277 	 88.1661 	 54 	 56 	 127.87 	 -15.2511 	 1 	 0 	 0 	 NaN 	 NaN 	 NaN 	 NaN 	 54 	 54 	 54 	 0 	  Lymph 
52 	 1153.67 	 664.109 	 1099.03 	 271.312 	 3679 	 74.7959 	 64.876 	 0.497657 	 0.962585 	 241.765 	 1665.45 	 635.776 	 0.381744 	 1292.19 	 1541.72 	 4430 	 0.96979 	 259.279 	 112.373 	 106.842 	 56.1258 	 0.252252 	 124.375 	 103.68 	 39.1402 	 0.366336 	 0 	 0 	 NaN 	 NaN 	 0 	 0 	 0 	 NaN 	 NaN 	 NaN 	 NaN 	 0 	 0 	 NaN 	 NaN 	 42.0363 	 12.5358 	 22.6546 	 0.250466 	 90.4499 	 0 	 0 	 NaN 	 NaN 	 0 	 0 	 0 	 NaN 	 NaN 	 NaN 	 NaN 	 0 	 0 	 NaN 	 NaN 	  DCIS 
53 	 1180.88 	 609.394 	 1122.68 	 273.233 	 5999 	 115.922 	 67.9847 	 0.809972 	 0.941315 	 321.321 	 1442.04 	 419.758 	 0.291087 	 1125.41 	 1318.3 	 7175 	 0.952602 	 342.936 	 115.161 	 112.224 	 61.5071 	 0.190789 	 123.724 	 110.758 	 34.1659 	 0.304445 	 36 	 36 	 460.833 	 -47.9513 	 1 	 0 	 0 	 NaN 	 NaN 	 NaN 	 NaN 	 36 	 36 	 36 	 0 	 56.6698 	 10.9353 	 24.1407 	 0.229729 	 105.083 	 82 	 86 	 153.561 	 10.4395 	 1 	 0 	 0 	 NaN 	 NaN 	 NaN 	 NaN 	 82 	 82 	 82 	 0 	  DCIS 
54 	 1159.08 	 163.557 	 1172.53 	 247.946 	 1795 	 62.5205 	 36.8814 	 0.80747 	 0.960407 	 169.095 	 1124.87 	 238.242 	 0.211795 	 797.603 	 1001.14 	 2460 	 0.97852 	 190.368 	 93.5907 	 88.6429 	 37.9263 	 0.0238095 	 61.25 	 88.6325 	 21.1341 	 0.238419 	 45 	 45 	 437.889 	 -70.8957 	 1 	 0 	 0 	 NaN 	 NaN 	 NaN 	 NaN 	 45 	 45 	 45 	 0 	 35.5692 	 6.95372 	 12.016 	 0.143077 	 83.9827 	 118 	 268 	 132.398 	 -10.7231 	 2 	 409.028 	 0.227871 	 26.2375 	 26.2375 	 26.2375 	 0 	 65 	 53 	 59 	 8.48528 	  DCIS 
55 	 1182.69 	 498.808 	 1126.24 	 263.287 	 3632 	 89.4672 	 53.1819 	 0.804148 	 0.941909 	 250.208 	 1644.29 	 597.408 	 0.363323 	 1318.08 	 1520.56 	 4653 	 0.96057 	 270.995 	 84.3909 	 78.0537 	 27.3372 	 0 	 0 	 0 	 18.1639 	 0.23271 	 0 	 0 	 NaN 	 NaN 	 0 	 0 	 0 	 NaN 	 NaN 	 NaN 	 NaN 	 0 	 0 	 NaN 	 NaN 	 21.1365 	 4.89389 	 11.5706 	 0.166364 	 69.5501 	 54 	 55 	 125.315 	 -17.8066 	 1 	 0 	 0 	 NaN 	 NaN 	 NaN 	 NaN 	 54 	 54 	 54 	 0 	  DCIS 
56 	 1191.11 	 839.402 	 1163.52 	 350.96 	 2174 	 73.8523 	 37.7442 	 0.859535 	 0.967943 	 194.894 	 1348.58 	 655.398 	 0.485993 	 1004.09 	 1224.85 	 2958 	 0.974629 	 213.823 	 115.096 	 98.1359 	 47.4193 	 0 	 0 	 0 	 21.6741 	 0.220858 	 45 	 45 	 594.8 	 86.0154 	 1 	 0 	 0 	 NaN 	 NaN 	 NaN 	 NaN 	 45 	 45 	 45 	 0 	 49.2249 	 21.9377 	 12.1636 	 0.124578 	 97.6385 	 0 	 0 	 NaN 	 NaN 	 0 	 0 	 0 	 NaN 	 NaN 	 NaN 	 NaN 	 0 	 0 	 NaN 	 NaN 	  DCIS 
57 	 1212.15 	 130.32 	 1234.1 	 299.015 	 3791 	 97.1632 	 50.6424 	 0.853429 	 0.943739 	 266.936 	 1593.82 	 483.654 	 0.303455 	 1268.95 	 1470.09 	 4777 	 0.965441 	 282.25 	 92.0117 	 76.9375 	 26.221 	 0.204167 	 74.7347 	 77.3318 	 12.8669 	 0.167238 	 0 	 0 	 NaN 	 NaN 	 0 	 0 	 0 	 NaN 	 NaN 	 NaN 	 NaN 	 0 	 0 	 NaN 	 NaN 	 33.3345 	 17.4391 	 10.7441 	 0.131429 	 81.7481 	 0 	 0 	 NaN 	 NaN 	 0 	 0 	 0 	 NaN 	 NaN 	 NaN 	 NaN 	 0 	 0 	 NaN 	 NaN 	  DCIS 
58 	 1208.61 	 403.868 	 1161.92 	 312.386 	 3594 	 72.6071 	 64.4276 	 0.461104 	 0.97214 	 233.865 	 1708.48 	 738.009 	 0.431969 	 1358.23 	 1584.74 	 4588 	 0.978252 	 255.48 	 116.626 	 101.991 	 51.2745 	 0 	 0 	 0 	 42.5495 	 0.417188 	 45 	 45 	 462.111 	 -46.6735 	 1 	 0 	 0 	 NaN 	 NaN 	 NaN 	 NaN 	 45 	 45 	 45 	 0 	 60.3544 	 26.2213 	 25.4539 	 0.23402 	 108.768 	 0 	 0 	 NaN 	 NaN 	 0 	 0 	 0 	 NaN 	 NaN 	 NaN 	 NaN 	 0 	 0 	 NaN 	 NaN 	  DCIS 
59 	 1220.44 	 182.009 	 1224.12 	 310.886 	 1545 	 68.7613 	 31.1412 	 0.891567 	 0.869443 	 182.368 	 1045.77 	 330.826 	 0.316347 	 655.77 	 922.037 	 2134 	 0.940088 	 190.569 	 69.2362 	 65.1437 	 14.4271 	 0.385057 	 72.1045 	 63.9858 	 10.2409 	 0.157204 	 0 	 0 	 NaN 	 NaN 	 0 	 0 	 0 	 NaN 	 NaN 	 NaN 	 NaN 	 0 	 0 	 NaN 	 NaN 	 16.8363 	 7.88087 	 6.17803 	 0.0946828 	 65.2498 	 0 	 0 	 NaN 	 NaN 	 0 	 0 	 0 	 NaN 	 NaN 	 NaN 	 NaN 	 0 	 0 	 NaN 	 NaN 	  DCIS 
60 	 1253.9 	 46.1326 	 1304.84 	 351.923 	 2722 	 100.92 	 34.9019 	 0.938295 	 0.928377 	 259.664 	 1054.52 	 305.684 	 0.289878 	 648.626 	 930.793 	 3753 	 0.963543 	 267.279 	 125.627 	 122.043 	 71.3269 	 0 	 0 	 0 	 36.8776 	 0.302167 	 45 	 45 	 577.444 	 68.6598 	 1 	 0 	 0 	 NaN 	 NaN 	 NaN 	 NaN 	 45 	 45 	 45 	 0 	 59.9318 	 10.6527 	 17.8785 	 0.165014 	 108.345 	 0 	 0 	 NaN 	 NaN 	 0 	 0 	 0 	 NaN 	 NaN 	 NaN 	 NaN 	 0 	 0 	 NaN 	 NaN 	  DCIS 
61 	 1271.45 	 839.534 	 1241.71 	 428.591 	 4251 	 88.6062 	 61.7656 	 0.716994 	 0.964821 	 258.836 	 1307.21 	 409.135 	 0.312984 	 995.392 	 1183.47 	 5342 	 0.973751 	 279.765 	 131.553 	 129.492 	 78.7751 	 0 	 0 	 0 	 40.5087 	 0.312829 	 47 	 48 	 476.34 	 -32.4442 	 1 	 0 	 0 	 NaN 	 NaN 	 NaN 	 NaN 	 47 	 47 	 47 	 0 	 71.6772 	 9.75907 	 20.079 	 0.167198 	 120.091 	 0 	 0 	 NaN 	 NaN 	 0 	 0 	 0 	 NaN 	 NaN 	 NaN 	 NaN 	 0 	 0 	 NaN 	 NaN 	  DCIS 
62 	 1325.82 	 149.361 	 1335.11 	 413.31 	 5554 	 113.821 	 63.7089 	 0.828675 	 0.958743 	 310.877 	 1666.78 	 556.439 	 0.333841 	 1334.68 	 1543.05 	 6813 	 0.959037 	 336.392 	 107.154 	 91.7138 	 40.9973 	 0 	 0 	 0 	 30.9506 	 0.33747 	 90 	 254 	 415.156 	 -93.6291 	 2 	 316.084 	 0.056911 	 25.9422 	 25.9422 	 25.9422 	 0 	 45 	 45 	 45 	 0 	 62.078 	 29.4386 	 14.6319 	 0.132425 	 110.492 	 119 	 298 	 130.403 	 -12.7181 	 2 	 1133.66 	 0.204115 	 25.8543 	 25.8543 	 25.8543 	 0 	 60 	 59 	 59.5 	 0.707107 	  DCIS 
63 	 1321.75 	 307.17 	 1290.09 	 441.662 	 7256 	 114.1 	 81.3778 	 0.700944 	 0.9685 	 353.605 	 1210.26 	 299.537 	 0.247498 	 930.029 	 1086.53 	 8627 	 0.974472 	 356.25 	 75.2748 	 69.0573 	 18.3408 	 0 	 0 	 0 	 13.9303 	 0.201721 	 74 	 390 	 291.392 	 -217.393 	 2 	 3335.08 	 0.459631 	 47.8438 	 47.8438 	 47.8438 	 0 	 41 	 33 	 37 	 5.65685 	 20.0659 	 5.30254 	 10.1491 	 0.148207 	 68.4795 	 147 	 481 	 125.279 	 -17.8425 	 2 	 1371.81 	 0.189058 	 38.9164 	 38.9164 	 38.9164 	 0 	 84 	 63 	 73.5 	 14.8492 	  DCIS 
