rownames 	XLoc 	YLoc 	NNDistSame 	NNDistOpp 	dapi_Area 	dapi_MajorAxisLength 	dapi_MinorAxisLength 	dapi_Eccentricity 	dapi_Solidity 	dapi_Perimeter 	dapi_MeanIntensity 	dapi_PixelSD 	dapi_PixelCV 	dapi_NucAdjustedInt 	dapi_BackAdjustedInt 	nucl_BackgroundAdjust 	nucl_NuclearAdjustedInt 	nucl_PixelSD 	nucl_PixelCV 	nucl_MeanIntensity 	memb_Area 	memb_Solidity 	memb_Perimeter 	memb_MeanIntensity 	memb_MembraneIntensity 	memb_temp 	memb_pcTouch 	memb_OverLapIntensity 	memb_nonLapIntensity 	memb_PixelSD 	memb_PixelCV 	Her2_Area 	Her2_ConvexArea 	Her2_MeanIntensity 	Her2_BackAdjustedInt 	Her2_CN 	Her2_AreaSD 	Her2_CoeffVar 	Her2_MaxSpotDist 	Her2_MinSpotDist 	Her2_MeanSpotDist 	Her2_SDSpotDist 	Her2_SpotAreaMax 	Her2_SpotAreaMin 	Her2_SpotAreaMean 	Her2_SpotAreaSD 	cent_Area 	cent_ConvexArea 	cent_MeanIntensity 	cent_BackAdjustedInt 	cent_CN 	cent_AreaSD 	cent_CoeffVar 	cent_MaxSpotDist 	cent_MinSpotDist 	cent_MeanSpotDist 	cent_SDSpotDist 	cent_SpotAreaMax 	cent_SpotAreaMin 	cent_SpotAreaMean 	cent_SpotAreaSD 	CellLabels 	
1 	 96.5984 	 494.199 	 62.9365 	 259.725 	 5231 	 116.855 	 63.3781 	 0.840142 	 0.88646 	 334.877 	 1157.54 	 303.834 	 0.262483 	 313.088 	 1016.44 	 387.583 	 -272.441 	 94.5136 	 0.173324 	 545.299 	 6175 	 0.936173 	 353.948 	 267.39 	 275.828 	 206.149 	 0.350993 	 436.17 	 242.89 	 149.062 	 0.540418 	 45 	 45 	 148.444 	 -12.8864 	 1 	 0 	 0 	 NaN 	 NaN 	 NaN 	 NaN 	 45 	 45 	 45 	 0 	 91 	 177 	 155.319 	 16.5429 	 2 	 945.766 	 0.1808 	 15.56 	 15.56 	 15.56 	 0 	 48 	 43 	 45.5 	 3.53553 	  Tumour 
2 	 116.321 	 434.115 	 62.9365 	 204.475 	 4485 	 98.2379 	 59.6631 	 0.794447 	 0.898798 	 299.421 	 1654.04 	 507.759 	 0.306981 	 609.71 	 1512.93 	 744.168 	 -30.7437 	 123.546 	 0.136987 	 901.884 	 6111 	 0.900531 	 365.789 	 708.514 	 1021.85 	 952.169 	 0.695364 	 928.633 	 1065.56 	 573.225 	 0.560969 	 463 	 1795 	 215.179 	 53.8484 	 5 	 1169.89 	 0.260845 	 56.6913 	 17.8021 	 32.6002 	 11.9011 	 125 	 46 	 92.6 	 29.653 	 0 	 0 	 NaN 	 NaN 	 0 	 0 	 0 	 NaN 	 NaN 	 NaN 	 NaN 	 0 	 0 	 NaN 	 NaN 	  Tumour 
3 	 164.942 	 745.184 	 260.048 	 119.206 	 3384 	 181.036 	 37.1048 	 0.978771 	 0.63052 	 388.475 	 1074.83 	 410.509 	 0.381931 	 3.06774 	 933.721 	 508.677 	 -137.088 	 104.058 	 0.15615 	 666.393 	 6355 	 0.695752 	 545.085 	 651.509 	 692.216 	 622.537 	 0.343413 	 1047.72 	 612.872 	 438.574 	 0.633579 	 159 	 1319 	 159.686 	 -1.64535 	 3 	 838.879 	 0.247896 	 108.112 	 47.7438 	 72.5011 	 28.2761 	 69 	 32 	 53 	 19 	 0 	 0 	 NaN 	 NaN 	 0 	 0 	 0 	 NaN 	 NaN 	 NaN 	 NaN 	 0 	 0 	 NaN 	 NaN 	  Tumour 
4 	 168.893 	 383.341 	 132.306 	 131.21 	 6787 	 117.197 	 75.0612 	 0.767984 	 0.94277 	 346.777 	 1545.56 	 456.608 	 0.295432 	 795.514 	 1404.45 	 795.711 	 11.6343 	 143.753 	 0.150775 	 953.427 	 8741 	 0.897433 	 425.304 	 927.464 	 1434.6 	 1364.93 	 0.5 	 1789.46 	 1294.1 	 883.481 	 0.615836 	 541 	 3109 	 201.771 	 40.4399 	 6 	 1262 	 0.185944 	 84.1822 	 13.294 	 47.9178 	 22.7754 	 156 	 23 	 90.1667 	 52.0785 	 123 	 540 	 181.894 	 43.1186 	 2 	 538.555 	 0.079351 	 49.5229 	 49.5229 	 49.5229 	 0 	 70 	 53 	 61.5 	 12.0208 	  Tumour 
5 	 187.737 	 125.175 	 93.6483 	 258.699 	 2973 	 92.5765 	 44.458 	 0.877143 	 0.915333 	 249.38 	 1060.67 	 305.437 	 0.287967 	 348.437 	 919.565 	 346.051 	 -226.336 	 47.2405 	 0.0937746 	 503.767 	 3687 	 0.924987 	 265.581 	 153.753 	 161.595 	 91.9158 	 0 	 0 	 0 	 103.495 	 0.64046 	 0 	 0 	 NaN 	 NaN 	 0 	 0 	 0 	 NaN 	 NaN 	 NaN 	 NaN 	 0 	 0 	 NaN 	 NaN 	 0 	 0 	 NaN 	 NaN 	 0 	 0 	 0 	 NaN 	 NaN 	 NaN 	 NaN 	 0 	 0 	 NaN 	 NaN 	  DCIS 
6 	 172.319 	 778.559 	 294.703 	 90.2718 	 3941 	 103.447 	 56.2511 	 0.839236 	 0.787098 	 305.22 	 1666.18 	 510.57 	 0.306431 	 833.236 	 1525.08 	 594.577 	 -180.143 	 59.5264 	 0.0791266 	 752.293 	 4613 	 0.780145 	 345.019 	 795.726 	 1059.63 	 989.954 	 0.678082 	 1125.06 	 1008.43 	 437.595 	 0.412969 	 286 	 1714 	 191.42 	 30.0887 	 5 	 780.339 	 0.198005 	 89.5677 	 9.05539 	 45.0928 	 23.2943 	 89 	 33 	 57.2 	 23.3281 	 0 	 0 	 NaN 	 NaN 	 0 	 0 	 0 	 NaN 	 NaN 	 NaN 	 NaN 	 0 	 0 	 NaN 	 NaN 	  Tumour 
7 	 179.566 	 504.75 	 83.7257 	 222.38 	 3079 	 94.7332 	 41.8419 	 0.897172 	 0.964297 	 242.108 	 1073.99 	 308.009 	 0.286789 	 642.72 	 932.886 	 495.069 	 -93.8167 	 255.942 	 0.392076 	 652.786 	 5378 	 0.876753 	 380.434 	 945.388 	 1071.15 	 1001.47 	 0.207951 	 1119.78 	 1053.16 	 878.888 	 0.820507 	 45 	 45 	 148.2 	 -13.1309 	 1 	 0 	 0 	 NaN 	 NaN 	 NaN 	 NaN 	 45 	 45 	 45 	 0 	 45 	 45 	 142.844 	 4.06871 	 1 	 0 	 0 	 NaN 	 NaN 	 NaN 	 NaN 	 45 	 45 	 45 	 0 	  Tumour 
8 	 217.931 	 772.141 	 303.191 	 68.352 	 2511 	 96.4257 	 34.2541 	 0.934776 	 0.895187 	 247.765 	 1319.42 	 518.715 	 0.39314 	 -127.489 	 1178.31 	 619.853 	 -135.082 	 62.7361 	 0.0806823 	 777.569 	 3542 	 0.918568 	 274.836 	 749.398 	 984.567 	 914.887 	 0.738197 	 1109.03 	 899.736 	 436.941 	 0.44379 	 61 	 63 	 212.738 	 51.4068 	 1 	 0 	 0 	 NaN 	 NaN 	 NaN 	 NaN 	 61 	 61 	 61 	 0 	 0 	 0 	 NaN 	 NaN 	 0 	 0 	 0 	 NaN 	 NaN 	 NaN 	 NaN 	 0 	 0 	 NaN 	 NaN 	  Tumour 
9 	 234.869 	 43.571 	 49.8197 	 324.299 	 2282 	 63.453 	 47.0671 	 0.670663 	 0.963276 	 202.853 	 1410.22 	 574.099 	 0.4071 	 775.484 	 1269.11 	 352.144 	 -51.8052 	 48.251 	 0.0946356 	 509.861 	 5092 	 0.888036 	 337.279 	 457.489 	 632.59 	 562.911 	 0.27 	 522.704 	 641.484 	 389.112 	 0.615109 	 75 	 133 	 161.773 	 0.442451 	 2 	 101.963 	 0.0446815 	 12.2143 	 12.2143 	 12.2143 	 0 	 44 	 31 	 37.5 	 9.19239 	 0 	 0 	 NaN 	 NaN 	 0 	 0 	 0 	 NaN 	 NaN 	 NaN 	 NaN 	 0 	 0 	 NaN 	 NaN 	  DCIS 
10 	 264.511 	 378.082 	 204.157 	 75.4255 	 5431 	 100.293 	 70.0756 	 0.715408 	 0.957342 	 303.806 	 1390.99 	 395.878 	 0.284601 	 900.885 	 1249.89 	 790.531 	 -236.717 	 158.265 	 0.166902 	 948.248 	 6921 	 0.939715 	 355.362 	 1233.85 	 2206.84 	 2137.16 	 0.417763 	 2666.79 	 2065.15 	 713.669 	 0.32339 	 626 	 2107 	 199.757 	 38.4263 	 7 	 615.991 	 0.113421 	 80.7417 	 12.6491 	 40.4834 	 20.0358 	 128 	 45 	 89.4286 	 34.297 	 165 	 616 	 198.903 	 60.1273 	 3 	 983.213 	 0.181037 	 54.231 	 19.7984 	 36.4613 	 15.4226 	 75 	 45 	 55 	 17.3205 	  Tumour 
11 	 241.517 	 835.878 	 713.048 	 68.352 	 2441 	 87.2037 	 37.9598 	 0.900285 	 0.945025 	 225.037 	 686.077 	 182.095 	 0.265415 	 314.431 	 544.972 	 301.837 	 8.6244 	 29.7702 	 0.0647808 	 459.553 	 3099 	 0.955891 	 239.723 	 174.603 	 176.348 	 106.669 	 0 	 0 	 177.708 	 33.0054 	 0.187161 	 0 	 0 	 NaN 	 NaN 	 0 	 0 	 0 	 NaN 	 NaN 	 NaN 	 NaN 	 0 	 0 	 NaN 	 NaN 	 0 	 0 	 NaN 	 NaN 	 0 	 0 	 0 	 NaN 	 NaN 	 NaN 	 NaN 	 0 	 0 	 NaN 	 NaN 	  DCIS 
12 	 273.143 	 303.257 	 197.254 	 75.4255 	 2135 	 107.562 	 28.1917 	 0.965041 	 0.900464 	 265.22 	 747.022 	 109.543 	 0.146639 	 399.238 	 605.917 	 269.99 	 -2.25398 	 53.9037 	 0.12603 	 427.706 	 4702 	 0.745048 	 440.517 	 631.888 	 956.225 	 886.546 	 0.286863 	 1919.22 	 767.74 	 1007.36 	 1.05348 	 0 	 0 	 NaN 	 NaN 	 0 	 0 	 0 	 NaN 	 NaN 	 NaN 	 NaN 	 0 	 0 	 NaN 	 NaN 	 58 	 296 	 112.345 	 -26.4309 	 2 	 85.5819 	 0.0400852 	 40.7829 	 40.7829 	 40.7829 	 0 	 35 	 23 	 29 	 8.48528 	  Fib 
13 	 268.265 	 734.585 	 295.503 	 98.4124 	 1406 	 51.5334 	 35.5602 	 0.723769 	 0.945528 	 154.024 	 919.618 	 207.193 	 0.225303 	 507.015 	 778.514 	 591.429 	 -40.9721 	 91.2397 	 0.121792 	 749.145 	 2828 	 0.820662 	 275.078 	 636.093 	 814.13 	 744.451 	 0.645022 	 896.336 	 766.974 	 315.803 	 0.387902 	 79 	 85 	 152.367 	 -8.96379 	 1 	 0 	 0 	 NaN 	 NaN 	 NaN 	 NaN 	 79 	 79 	 79 	 0 	 0 	 0 	 NaN 	 NaN 	 0 	 0 	 0 	 NaN 	 NaN 	 NaN 	 NaN 	 0 	 0 	 NaN 	 NaN 	  Tumour 
14 	 283.782 	 34.8626 	 131.59 	 296.547 	 3318 	 80.6782 	 54.5092 	 0.737235 	 0.953997 	 231.238 	 1417.66 	 501.097 	 0.353468 	 1022.64 	 1276.55 	 274.3 	 100.586 	 81.5903 	 0.188859 	 432.016 	 4257 	 0.843639 	 298.652 	 246.619 	 285.187 	 215.507 	 0.298507 	 486.613 	 252.675 	 258.477 	 0.906343 	 0 	 0 	 NaN 	 NaN 	 0 	 0 	 0 	 NaN 	 NaN 	 NaN 	 NaN 	 0 	 0 	 NaN 	 NaN 	 0 	 0 	 NaN 	 NaN 	 0 	 0 	 0 	 NaN 	 NaN 	 NaN 	 NaN 	 0 	 0 	 NaN 	 NaN 	  DCIS 
15 	 310.41 	 824.179 	 709.567 	 98.4124 	 3999 	 105.348 	 50.0965 	 0.879698 	 0.934346 	 275.421 	 658.715 	 195.737 	 0.29715 	 323.891 	 517.611 	 267.657 	 28.3144 	 40.7362 	 0.0957656 	 425.374 	 4810 	 0.945362 	 293.622 	 144.395 	 144.039 	 74.3597 	 0 	 0 	 143.733 	 30.792 	 0.213776 	 0 	 0 	 NaN 	 NaN 	 0 	 0 	 0 	 NaN 	 NaN 	 NaN 	 NaN 	 0 	 0 	 NaN 	 NaN 	 0 	 0 	 NaN 	 NaN 	 0 	 0 	 0 	 NaN 	 NaN 	 NaN 	 NaN 	 0 	 0 	 NaN 	 NaN 	  DCIS 
16 	 308.916 	 498.531 	 212.059 	 199.279 	 2679 	 64.925 	 57.1403 	 0.474794 	 0.937041 	 220.551 	 1095.7 	 347.063 	 0.316752 	 665.914 	 954.591 	 762.871 	 -91.1168 	 143.716 	 0.156114 	 920.588 	 4377 	 0.850233 	 322.108 	 1434.72 	 1688.01 	 1618.33 	 0.369718 	 1204.45 	 1781.26 	 703.796 	 0.416938 	 329 	 809 	 182.237 	 20.9062 	 4 	 771.06 	 0.287816 	 26.0715 	 9.93971 	 19.7724 	 5.44681 	 178 	 33 	 82.25 	 65.9968 	 93 	 102 	 168.742 	 29.9662 	 1 	 0 	 0 	 NaN 	 NaN 	 NaN 	 NaN 	 93 	 93 	 93 	 0 	  Tumour 
17 	 319.392 	 894.576 	 781.064 	 159.154 	 2589 	 76.944 	 43.795 	 0.822213 	 0.964246 	 212.551 	 1118.97 	 387.792 	 0.346563 	 741.454 	 977.863 	 236.998 	 48.1944 	 45.5953 	 0.115515 	 394.715 	 3207 	 0.971524 	 227.681 	 145.754 	 134.307 	 64.6278 	 0 	 0 	 134.495 	 25.1276 	 0.187091 	 0 	 0 	 NaN 	 NaN 	 0 	 0 	 0 	 NaN 	 NaN 	 NaN 	 NaN 	 0 	 0 	 NaN 	 NaN 	 0 	 0 	 NaN 	 NaN 	 0 	 0 	 0 	 NaN 	 NaN 	 NaN 	 NaN 	 0 	 0 	 NaN 	 NaN 	  DCIS 
18 	 314.24 	 685.408 	 289.085 	 139.058 	 3548 	 80.4765 	 57.2181 	 0.7032 	 0.943617 	 246.693 	 994.727 	 263.499 	 0.264895 	 590.504 	 853.622 	 366.295 	 0.188076 	 111.059 	 0.21194 	 524.011 	 6081 	 0.79887 	 426.759 	 553.394 	 559.003 	 489.324 	 0.22067 	 921.025 	 509.212 	 403.863 	 0.722471 	 161 	 440 	 166.193 	 4.86166 	 2 	 1098.45 	 0.309596 	 27.7269 	 27.7269 	 27.7269 	 0 	 95 	 66 	 80.5 	 20.5061 	 0 	 0 	 NaN 	 NaN 	 0 	 0 	 0 	 NaN 	 NaN 	 NaN 	 NaN 	 0 	 0 	 NaN 	 NaN 	  Tumour 
19 	 361.27 	 504.226 	 264.189 	 219.42 	 3880 	 104.677 	 52.5296 	 0.864968 	 0.84883 	 295.806 	 1196.48 	 367.623 	 0.307254 	 718.882 	 1055.37 	 715.526 	 -28.3319 	 182.228 	 0.20868 	 873.242 	 5599 	 0.774412 	 377.948 	 887.29 	 1338.12 	 1268.44 	 0.844037 	 1445.39 	 1256.78 	 563.186 	 0.420879 	 267 	 802 	 147.876 	 -13.4545 	 5 	 793.571 	 0.204529 	 62.4116 	 11.4018 	 32.6433 	 16.6076 	 90 	 42 	 53.4 	 20.5012 	 0 	 0 	 NaN 	 NaN 	 0 	 0 	 0 	 NaN 	 NaN 	 NaN 	 NaN 	 0 	 0 	 NaN 	 NaN 	  Tumour 
20 	 393.698 	 440.917 	 301.692 	 183.535 	 4517 	 101.113 	 57.9597 	 0.819403 	 0.950147 	 287.078 	 1307.89 	 393.247 	 0.300673 	 789.944 	 1166.79 	 790.719 	 -186.077 	 197.586 	 0.208328 	 948.435 	 5527 	 0.825049 	 372.676 	 972.092 	 1326.86 	 1257.18 	 0.851266 	 1235.59 	 1375.84 	 592.447 	 0.446503 	 148 	 927 	 183.655 	 22.3245 	 3 	 955.832 	 0.211608 	 54.5251 	 30.217 	 38.6088 	 12.3348 	 77 	 29 	 49.3333 	 24.8261 	 50 	 50 	 173.22 	 34.4443 	 1 	 0 	 0 	 NaN 	 NaN 	 NaN 	 NaN 	 50 	 50 	 50 	 0 	  Tumour 
21 	 392.889 	 550.611 	 301.438 	 189.021 	 2069 	 71.5875 	 39.7769 	 0.831423 	 0.889128 	 207.38 	 919.027 	 227.538 	 0.247586 	 475.785 	 777.923 	 639.672 	 -19.5643 	 133.566 	 0.167504 	 797.388 	 3857 	 0.891792 	 281.421 	 1245.66 	 1319.36 	 1249.68 	 0.295833 	 1131.34 	 1340.79 	 730.29 	 0.553519 	 29 	 30 	 150.828 	 -10.5033 	 1 	 0 	 0 	 NaN 	 NaN 	 NaN 	 NaN 	 29 	 29 	 29 	 0 	 30 	 30 	 150.7 	 11.9243 	 1 	 0 	 0 	 NaN 	 NaN 	 NaN 	 NaN 	 30 	 30 	 30 	 0 	  Tumour 
22 	 423.98 	 385.562 	 344.373 	 172.308 	 5121 	 110.527 	 60.3547 	 0.837743 	 0.95541 	 310.007 	 1414.8 	 479.095 	 0.338631 	 765.247 	 1273.69 	 698.617 	 -90.7238 	 82.6025 	 0.0964607 	 856.333 	 9069 	 0.912191 	 458.718 	 858.769 	 1166.59 	 1096.91 	 0.412776 	 803.143 	 1258.24 	 556.401 	 0.476947 	 260 	 1321 	 179.031 	 17.6999 	 5 	 763.502 	 0.149092 	 61.1383 	 9.21954 	 36.2288 	 17.9567 	 80 	 45 	 52 	 15.6525 	 45 	 45 	 165.689 	 26.9132 	 1 	 0 	 0 	 NaN 	 NaN 	 NaN 	 NaN 	 45 	 45 	 45 	 0 	  Tumour 
23 	 439.831 	 105.016 	 252.792 	 160.1 	 2229 	 81.6373 	 35.0752 	 0.902997 	 0.969552 	 202.024 	 1118.88 	 384.387 	 0.343545 	 791.839 	 977.778 	 173.98 	 46.3157 	 33.8373 	 0.102013 	 331.697 	 2789 	 0.974493 	 217.054 	 78.6942 	 72.4545 	 2.77544 	 0 	 0 	 0 	 6.84531 	 0.0944774 	 0 	 0 	 NaN 	 NaN 	 0 	 0 	 0 	 NaN 	 NaN 	 NaN 	 NaN 	 0 	 0 	 NaN 	 NaN 	 0 	 0 	 NaN 	 NaN 	 0 	 0 	 0 	 NaN 	 NaN 	 NaN 	 NaN 	 0 	 0 	 NaN 	 NaN 	  DCIS 
24 	 475.903 	 261.165 	 444.893 	 160.1 	 3374 	 106.558 	 41.5758 	 0.920743 	 0.945098 	 261.706 	 1021.99 	 270.375 	 0.264557 	 649.258 	 880.888 	 346.318 	 19.8429 	 96.1426 	 0.190746 	 504.034 	 4523 	 0.929511 	 324.434 	 404.37 	 522.535 	 452.856 	 0 	 0 	 0 	 451.687 	 0.864414 	 44 	 45 	 136.682 	 -24.6491 	 1 	 0 	 0 	 NaN 	 NaN 	 NaN 	 NaN 	 44 	 44 	 44 	 0 	 52 	 54 	 133.731 	 -5.04497 	 1 	 0 	 0 	 NaN 	 NaN 	 NaN 	 NaN 	 52 	 52 	 52 	 0 	  Tumour 
25 	 473.171 	 461.766 	 377.359 	 224.179 	 2251 	 69.1508 	 43.2044 	 0.780796 	 0.944608 	 201.581 	 1191.31 	 372.736 	 0.312878 	 539.266 	 1050.21 	 727.954 	 -38.7843 	 83.4856 	 0.0942626 	 885.67 	 5717 	 0.697791 	 468.86 	 886.31 	 1106.12 	 1036.44 	 0.947761 	 1049.52 	 1163.08 	 572.33 	 0.517423 	 0 	 0 	 NaN 	 NaN 	 0 	 0 	 0 	 NaN 	 NaN 	 NaN 	 NaN 	 0 	 0 	 NaN 	 NaN 	 47 	 50 	 179.638 	 40.8626 	 1 	 0 	 0 	 NaN 	 NaN 	 NaN 	 NaN 	 47 	 47 	 47 	 0 	  Tumour 
26 	 514.609 	 370.792 	 435.721 	 196.469 	 4340 	 101.097 	 59.4541 	 0.808794 	 0.811518 	 336.978 	 1030.4 	 262.629 	 0.254881 	 514.064 	 889.294 	 713.732 	 59.194 	 109.443 	 0.125587 	 871.449 	 8179 	 0.601132 	 613.914 	 736.101 	 706.306 	 636.627 	 0.413989 	 846.982 	 662.976 	 298.41 	 0.422494 	 0 	 0 	 NaN 	 NaN 	 0 	 0 	 0 	 NaN 	 NaN 	 NaN 	 NaN 	 0 	 0 	 NaN 	 NaN 	 45 	 45 	 153.8 	 15.0243 	 1 	 0 	 0 	 NaN 	 NaN 	 NaN 	 NaN 	 45 	 45 	 45 	 0 	  Tumour 
27 	 534.996 	 507.946 	 438.224 	 170.012 	 5639 	 135.187 	 55.7757 	 0.91092 	 0.924275 	 338.167 	 2108.56 	 503.337 	 0.238711 	 951.928 	 1967.46 	 835.69 	 -165.34 	 150.45 	 0.151449 	 993.406 	 9019 	 0.867212 	 471.605 	 953.366 	 1368.44 	 1298.76 	 0.649165 	 1388.61 	 1343.24 	 621.957 	 0.454499 	 337 	 1857 	 217.861 	 56.5297 	 7 	 841.483 	 0.149226 	 85.1974 	 10.6869 	 43.8154 	 23.2212 	 59 	 34 	 48.1429 	 8.17371 	 57 	 61 	 210.491 	 71.7155 	 1 	 0 	 0 	 NaN 	 NaN 	 NaN 	 NaN 	 57 	 57 	 57 	 0 	  Tumour 
28 	 607.698 	 438.37 	 514.059 	 198.6 	 8091 	 240.673 	 54.0654 	 0.974441 	 0.735612 	 544.558 	 1316.09 	 337.934 	 0.256771 	 602.818 	 1174.99 	 824.399 	 -99.3893 	 172.876 	 0.176024 	 982.115 	 11004 	 0.646761 	 707.897 	 980.831 	 1212.02 	 1142.34 	 0.777228 	 1148.79 	 1256.55 	 476.018 	 0.392747 	 226 	 2163 	 192.761 	 31.4302 	 4 	 1394.61 	 0.172366 	 125.314 	 11.6566 	 78.1237 	 42.7094 	 73 	 39 	 56.5 	 16.1142 	 45 	 45 	 182.578 	 43.802 	 1 	 0 	 0 	 NaN 	 NaN 	 NaN 	 NaN 	 45 	 45 	 45 	 0 	  Tumour 
29 	 532.912 	 677.634 	 651.793 	 107.564 	 1416 	 47.2048 	 39.0212 	 0.562735 	 0.952253 	 151.397 	 916.754 	 311.597 	 0.339892 	 509.069 	 775.649 	 305.792 	 -7.45981 	 99.5456 	 0.214765 	 463.508 	 1825 	 0.980129 	 161.012 	 148.705 	 145.309 	 75.6296 	 0 	 0 	 0 	 29.1622 	 0.200691 	 0 	 0 	 NaN 	 NaN 	 0 	 0 	 0 	 NaN 	 NaN 	 NaN 	 NaN 	 0 	 0 	 NaN 	 NaN 	 0 	 0 	 NaN 	 NaN 	 0 	 0 	 0 	 NaN 	 NaN 	 NaN 	 NaN 	 0 	 0 	 NaN 	 NaN 	  Other 
30 	 603.527 	 468.031 	 507.666 	 221.678 	 2256 	 91.7468 	 32.1304 	 0.936672 	 0.899522 	 240.167 	 1631.36 	 380.515 	 0.233251 	 588.776 	 1490.25 	 726.854 	 -76.7592 	 120.082 	 0.135752 	 884.57 	 3258 	 0.893337 	 287.38 	 859.747 	 1242.6 	 1172.92 	 1.01581 	 1231.44 	 1210.4 	 612.399 	 0.492837 	 215 	 645 	 198.335 	 37.004 	 3 	 713.183 	 0.316127 	 26.7817 	 16.0979 	 22.7687 	 5.20262 	 91 	 59 	 71.6667 	 17.0098 	 0 	 0 	 NaN 	 NaN 	 0 	 0 	 0 	 NaN 	 NaN 	 NaN 	 NaN 	 0 	 0 	 NaN 	 NaN 	  Tumour 
31 	 611.576 	 605.114 	 526.826 	 107.564 	 1649 	 61.1032 	 37.7953 	 0.785747 	 0.955388 	 172.711 	 860.935 	 159.414 	 0.185164 	 423.059 	 719.831 	 567.964 	 -0.124424 	 121.177 	 0.166983 	 725.68 	 3147 	 0.729655 	 318.149 	 826.862 	 1227.58 	 1157.9 	 0.344322 	 1937.01 	 1073.18 	 845.218 	 0.688522 	 0 	 0 	 NaN 	 NaN 	 0 	 0 	 0 	 NaN 	 NaN 	 NaN 	 NaN 	 0 	 0 	 NaN 	 NaN 	 0 	 0 	 NaN 	 NaN 	 0 	 0 	 0 	 NaN 	 NaN 	 NaN 	 NaN 	 0 	 0 	 NaN 	 NaN 	  Tumour 
32 	 645.051 	 552.495 	 551.061 	 168.582 	 6797 	 116.398 	 75.3089 	 0.762495 	 0.968786 	 340.291 	 1584.45 	 467.916 	 0.295317 	 944.062 	 1443.35 	 836.488 	 12.3356 	 135.731 	 0.136522 	 994.204 	 8183 	 0.91145 	 415.362 	 761.542 	 1261.18 	 1191.5 	 0.821429 	 1347.97 	 1197.27 	 586.517 	 0.465053 	 450 	 2353 	 209.007 	 47.6758 	 6 	 925.046 	 0.136096 	 77.6151 	 12.8825 	 37.1601 	 19.4739 	 108 	 44 	 75 	 33.2866 	 45 	 45 	 192.978 	 54.202 	 1 	 0 	 0 	 NaN 	 NaN 	 NaN 	 NaN 	 45 	 45 	 45 	 0 	  Tumour 
33 	 668.595 	 509.639 	 572.224 	 216.148 	 3376 	 139.355 	 40.7923 	 0.956198 	 0.67493 	 340.25 	 1603.47 	 397.989 	 0.248204 	 528.471 	 1462.37 	 905.507 	 -61.4338 	 117.663 	 0.110666 	 1063.22 	 5154 	 0.747173 	 386.534 	 892.232 	 1242.15 	 1172.47 	 0.946429 	 1254.69 	 1221.99 	 431.941 	 0.347737 	 139 	 401 	 193.64 	 32.3094 	 3 	 980.013 	 0.290288 	 39.5064 	 16.6836 	 26.41 	 10.5352 	 62 	 38 	 46.3333 	 13.5769 	 44 	 46 	 194.364 	 55.5879 	 1 	 0 	 0 	 NaN 	 NaN 	 NaN 	 NaN 	 44 	 44 	 44 	 0 	  Tumour 
34 	 668.524 	 248.888 	 496.726 	 163.377 	 4630 	 112.321 	 52.9665 	 0.881831 	 0.966597 	 296.735 	 1690.38 	 781.451 	 0.462292 	 1305.41 	 1549.28 	 309.318 	 78.3434 	 52.9853 	 0.113451 	 467.034 	 6085 	 0.945904 	 344.978 	 194.794 	 270.756 	 201.077 	 0 	 0 	 0 	 221.515 	 0.818135 	 57 	 57 	 172.456 	 11.1253 	 1 	 0 	 0 	 NaN 	 NaN 	 NaN 	 NaN 	 57 	 57 	 57 	 0 	 81 	 84 	 177.049 	 38.2736 	 1 	 0 	 0 	 NaN 	 NaN 	 NaN 	 NaN 	 81 	 81 	 81 	 0 	  DCIS 
35 	 741.933 	 681.957 	 671.84 	 151.222 	 4458 	 97.0328 	 59.7991 	 0.78753 	 0.968078 	 274.25 	 1473.53 	 644.336 	 0.437274 	 1064.17 	 1332.42 	 422.389 	 195.196 	 105.453 	 0.181783 	 580.105 	 5307 	 0.917848 	 317.078 	 426.37 	 275.154 	 205.475 	 0.124542 	 291.794 	 271.25 	 118.255 	 0.429779 	 304 	 963 	 192.023 	 30.6921 	 4 	 1057 	 0.237101 	 34.325 	 17.3721 	 24.6947 	 6.93311 	 106 	 43 	 76 	 28.0357 	 178 	 373 	 163.14 	 24.3647 	 3 	 807.614 	 0.181161 	 25.3476 	 10.8167 	 17.2241 	 6.63298 	 88 	 45 	 59.3333 	 24.8261 	  Tumour 
36 	 746.052 	 432.935 	 651.86 	 187.883 	 3933 	 103.232 	 50.307 	 0.873224 	 0.92389 	 282.894 	 1730.97 	 617.15 	 0.356534 	 817.686 	 1589.87 	 946.468 	 54.6378 	 132.299 	 0.119816 	 1104.18 	 4660 	 0.844968 	 343.664 	 766.465 	 980.542 	 910.862 	 0.900332 	 1065.61 	 932.115 	 602.197 	 0.614147 	 168 	 556 	 195.161 	 33.8298 	 3 	 923.799 	 0.234884 	 51.3005 	 8.544 	 34.2073 	 20.2408 	 78 	 45 	 56 	 19.0526 	 85 	 249 	 195.941 	 57.1654 	 2 	 737.997 	 0.187642 	 25.118 	 25.118 	 25.118 	 0 	 45 	 40 	 42.5 	 3.53553 	  Tumour 
37 	 772.627 	 375.209 	 686.394 	 126.479 	 3429 	 128.997 	 34.979 	 0.962534 	 0.912696 	 302.735 	 1206.42 	 351.181 	 0.291094 	 486.238 	 1065.31 	 478.022 	 24.0244 	 127.12 	 0.199956 	 635.739 	 5527 	 0.713806 	 468.375 	 403.334 	 447.644 	 377.965 	 0.288889 	 756.752 	 395.877 	 374.303 	 0.836162 	 0 	 0 	 NaN 	 NaN 	 0 	 0 	 0 	 NaN 	 NaN 	 NaN 	 NaN 	 0 	 0 	 NaN 	 NaN 	 24 	 25 	 177.333 	 38.5576 	 1 	 0 	 0 	 NaN 	 NaN 	 NaN 	 NaN 	 24 	 24 	 24 	 0 	  Tumour 
38 	 741.998 	 548.575 	 647.341 	 169.098 	 3142 	 68.6626 	 61.7053 	 0.438619 	 0.939874 	 226.894 	 1403.94 	 397.563 	 0.283178 	 893.898 	 1262.83 	 731.359 	 86.6754 	 218.066 	 0.245273 	 889.075 	 3895 	 0.9195 	 267.238 	 732.882 	 1144.86 	 1075.18 	 0.852321 	 1243.55 	 1070.8 	 548.32 	 0.478942 	 426 	 902 	 188.582 	 27.2513 	 4 	 230.323 	 0.0733045 	 37.9879 	 10.5861 	 23.5206 	 10.9824 	 179 	 58 	 106.5 	 56.6774 	 135 	 193 	 165.459 	 26.6835 	 2 	 1315.94 	 0.418822 	 13.1244 	 13.1244 	 13.1244 	 0 	 90 	 45 	 67.5 	 31.8198 	  Tumour 
39 	 773.387 	 490.512 	 676.007 	 164.259 	 5273 	 107.59 	 63.3037 	 0.808587 	 0.935095 	 307.907 	 1485.22 	 500.799 	 0.33719 	 868.34 	 1344.11 	 889.696 	 -211.452 	 194.476 	 0.185673 	 1047.41 	 6456 	 0.924002 	 344.735 	 795.427 	 1320.74 	 1251.06 	 0.953177 	 1346.22 	 1290.17 	 418.985 	 0.317235 	 127 	 368 	 175.016 	 13.6849 	 2 	 1198.46 	 0.227282 	 25.834 	 25.834 	 25.834 	 0 	 84 	 43 	 63.5 	 28.9914 	 45 	 45 	 181.578 	 42.802 	 1 	 0 	 0 	 NaN 	 NaN 	 NaN 	 NaN 	 45 	 45 	 45 	 0 	  Tumour 
40 	 758.668 	 193.756 	 575.154 	 181.541 	 763 	 53.5547 	 18.6453 	 0.937437 	 0.922612 	 131.64 	 935.693 	 318.287 	 0.340162 	 548.136 	 794.589 	 271.166 	 -22.2852 	 48.6436 	 0.11342 	 428.882 	 1980 	 0.619331 	 287.622 	 306.238 	 316.69 	 247.011 	 0.293651 	 643.716 	 260.393 	 224.143 	 0.707768 	 0 	 0 	 NaN 	 NaN 	 0 	 0 	 0 	 NaN 	 NaN 	 NaN 	 NaN 	 0 	 0 	 NaN 	 NaN 	 0 	 0 	 NaN 	 NaN 	 0 	 0 	 0 	 NaN 	 NaN 	 NaN 	 NaN 	 0 	 0 	 NaN 	 NaN 	  Other 
41 	 807.464 	 544.172 	 711.758 	 108.462 	 3154 	 73.9358 	 57.445 	 0.629552 	 0.86696 	 257.421 	 1089.82 	 325.161 	 0.298361 	 593.828 	 948.718 	 657.243 	 186.334 	 211.28 	 0.259252 	 814.959 	 5476 	 0.775088 	 423.605 	 675.721 	 801.329 	 731.65 	 0.490566 	 1174.2 	 671.182 	 564.583 	 0.704558 	 95 	 99 	 188.958 	 27.627 	 1 	 0 	 0 	 NaN 	 NaN 	 NaN 	 NaN 	 95 	 95 	 95 	 0 	 0 	 0 	 NaN 	 NaN 	 0 	 0 	 0 	 NaN 	 NaN 	 NaN 	 NaN 	 0 	 0 	 NaN 	 NaN 	  Tumour 
42 	 848.511 	 861.722 	 837.214 	 132.699 	 10609 	 159.594 	 86.5383 	 0.840223 	 0.912288 	 477.002 	 1685.24 	 620.6 	 0.368256 	 999.597 	 1544.14 	 455.188 	 201.13 	 178.684 	 0.291537 	 612.904 	 15898 	 0.77608 	 678.056 	 732.282 	 539.389 	 469.71 	 0 	 0 	 0 	 339.99 	 0.630324 	 192 	 1514 	 168.161 	 6.83058 	 3 	 1800.2 	 0.169686 	 110.142 	 40.5131 	 73.8104 	 31.2277 	 72 	 53 	 64 	 9.84886 	 0 	 0 	 NaN 	 NaN 	 0 	 0 	 0 	 NaN 	 NaN 	 NaN 	 NaN 	 0 	 0 	 NaN 	 NaN 	  Tumour 
43 	 784.281 	 248.646 	 608.763 	 126.479 	 712 	 36.3263 	 25.5664 	 0.7104 	 0.940555 	 106.326 	 884.617 	 202.715 	 0.229156 	 411.485 	 743.512 	 422.094 	 0.641643 	 23.0555 	 0.0397638 	 579.81 	 2334 	 0.780341 	 260.208 	 388.725 	 451.636 	 381.956 	 0.324444 	 599.178 	 412.003 	 246.567 	 0.545943 	 38 	 38 	 146.447 	 -14.8835 	 1 	 0 	 0 	 NaN 	 NaN 	 NaN 	 NaN 	 38 	 38 	 38 	 0 	 0 	 0 	 NaN 	 NaN 	 0 	 0 	 0 	 NaN 	 NaN 	 NaN 	 NaN 	 0 	 0 	 NaN 	 NaN 	  Other 
44 	 814.136 	 657.02 	 735.294 	 104.062 	 2801 	 69.3126 	 52.3451 	 0.655492 	 0.969875 	 210.551 	 1247.31 	 498.169 	 0.399393 	 826.141 	 1106.21 	 364.387 	 97.7227 	 42.9716 	 0.0823048 	 522.104 	 3435 	 0.961915 	 229.137 	 247.391 	 242.173 	 172.494 	 0.173469 	 291.471 	 237.291 	 69.9307 	 0.288763 	 129 	 369 	 175.023 	 13.6924 	 2 	 352.765 	 0.125942 	 29.917 	 29.917 	 29.917 	 0 	 83 	 46 	 64.5 	 26.163 	 90 	 102 	 138.533 	 -0.242402 	 1 	 0 	 0 	 NaN 	 NaN 	 NaN 	 NaN 	 90 	 90 	 90 	 0 	  Tumour 
45 	 839.475 	 421.62 	 745.485 	 163.248 	 5667 	 94.2182 	 80.9077 	 0.512434 	 0.86374 	 350.09 	 1626.62 	 507.467 	 0.311977 	 725.144 	 1485.52 	 968.687 	 79.6743 	 205.849 	 0.182749 	 1126.4 	 6739 	 0.812907 	 410.333 	 869.327 	 833.774 	 764.095 	 0.70339 	 915.321 	 794.458 	 446.087 	 0.535022 	 157 	 825 	 193.554 	 32.2233 	 4 	 913.138 	 0.161132 	 52.2279 	 9.67181 	 33.8209 	 16.7578 	 48 	 22 	 39.25 	 11.7011 	 0 	 0 	 NaN 	 NaN 	 0 	 0 	 0 	 NaN 	 NaN 	 NaN 	 NaN 	 0 	 0 	 NaN 	 NaN 	  Tumour 
46 	 848.002 	 258.523 	 673.466 	 114.56 	 472 	 39.7641 	 15.86 	 0.917016 	 0.947791 	 97.598 	 793.847 	 190.916 	 0.240494 	 392.114 	 652.743 	 252.752 	 19.9075 	 23.9932 	 0.0584532 	 410.468 	 749 	 0.971466 	 111.941 	 125.539 	 123.392 	 53.7131 	 0 	 0 	 0 	 14.8512 	 0.120358 	 0 	 0 	 NaN 	 NaN 	 0 	 0 	 0 	 NaN 	 NaN 	 NaN 	 NaN 	 0 	 0 	 NaN 	 NaN 	 0 	 0 	 NaN 	 NaN 	 0 	 0 	 0 	 NaN 	 NaN 	 NaN 	 NaN 	 0 	 0 	 NaN 	 NaN 	  Other 
47 	 883.597 	 733.753 	 924.823 	 104.062 	 1791 	 59.6847 	 38.7245 	 0.760944 	 0.957754 	 168.409 	 1075.6 	 394.258 	 0.366546 	 736.151 	 934.497 	 153.166 	 79.5725 	 40.4544 	 0.130128 	 310.882 	 2314 	 0.966583 	 188.267 	 171.54 	 133.73 	 64.051 	 0 	 0 	 0 	 62.8516 	 0.469988 	 94 	 262 	 128.681 	 -32.65 	 2 	 163.75 	 0.0914296 	 25.5751 	 25.5751 	 25.5751 	 0 	 49 	 45 	 47 	 2.82843 	 0 	 0 	 NaN 	 NaN 	 0 	 0 	 0 	 NaN 	 NaN 	 NaN 	 NaN 	 0 	 0 	 NaN 	 NaN 	  DCIS 
48 	 927.907 	 340.879 	 844.967 	 114.56 	 3321 	 153.683 	 35.7977 	 0.972493 	 0.760825 	 377.588 	 923.612 	 235.676 	 0.255168 	 450.817 	 782.507 	 605.83 	 122.808 	 162.584 	 0.212933 	 763.547 	 4883 	 0.762969 	 435.546 	 553.514 	 457.67 	 387.991 	 0.525469 	 644.898 	 388.758 	 297.568 	 0.650179 	 0 	 0 	 NaN 	 NaN 	 0 	 0 	 0 	 NaN 	 NaN 	 NaN 	 NaN 	 0 	 0 	 NaN 	 NaN 	 0 	 0 	 NaN 	 NaN 	 0 	 0 	 0 	 NaN 	 NaN 	 NaN 	 NaN 	 0 	 0 	 NaN 	 NaN 	  Tumour 
49 	 968.128 	 451.258 	 872.061 	 115.135 	 11215 	 226.966 	 87.0738 	 0.923482 	 0.789622 	 567.47 	 2376.59 	 656.001 	 0.276026 	 1283.38 	 2235.48 	 780.99 	 -16.9253 	 176.528 	 0.188055 	 938.706 	 13766 	 0.700453 	 717.21 	 560.94 	 844.574 	 774.894 	 0.550654 	 1187.58 	 700.759 	 633.59 	 0.750189 	 243 	 2996 	 209.774 	 48.4428 	 3 	 2504.94 	 0.223357 	 149.491 	 31.5267 	 101.505 	 55.4374 	 90 	 67 	 81 	 12.2882 	 241 	 2438 	 206.083 	 67.3073 	 4 	 2160.27 	 0.192623 	 181.793 	 28.4728 	 96.7829 	 62.6342 	 109 	 39 	 60.25 	 32.7147 	  Tumour 
50 	 903.469 	 392.427 	 812.428 	 143.924 	 2344 	 76.6483 	 40.7107 	 0.847287 	 0.878561 	 227.924 	 1456.86 	 403.244 	 0.276791 	 453.038 	 1315.75 	 928.832 	 -131.715 	 114.946 	 0.10579 	 1086.55 	 4172 	 0.857907 	 314.735 	 757.267 	 942.411 	 872.732 	 1.01481 	 921.536 	 944.042 	 562.852 	 0.597247 	 0 	 0 	 NaN 	 NaN 	 0 	 0 	 0 	 NaN 	 NaN 	 NaN 	 NaN 	 0 	 0 	 NaN 	 NaN 	 0 	 0 	 NaN 	 NaN 	 0 	 0 	 0 	 NaN 	 NaN 	 NaN 	 NaN 	 0 	 0 	 NaN 	 NaN 	  Tumour 
51 	 915.234 	 143.267 	 727.223 	 198.426 	 2994 	 84.7133 	 45.5853 	 0.842873 	 0.95808 	 228.208 	 1394.21 	 571.307 	 0.409772 	 1024.9 	 1253.1 	 476.52 	 121.604 	 113.168 	 0.178432 	 634.236 	 4546 	 0.871215 	 341.848 	 406.575 	 341.594 	 271.915 	 0 	 0 	 0 	 195.153 	 0.571303 	 0 	 0 	 NaN 	 NaN 	 0 	 0 	 0 	 NaN 	 NaN 	 NaN 	 NaN 	 0 	 0 	 NaN 	 NaN 	 0 	 0 	 NaN 	 NaN 	 0 	 0 	 0 	 NaN 	 NaN 	 NaN 	 NaN 	 0 	 0 	 NaN 	 NaN 	  DCIS 
52 	 907.053 	 585.938 	 854.097 	 108.462 	 549 	 44.198 	 16.2412 	 0.930038 	 0.956446 	 106.184 	 928.443 	 285.489 	 0.307493 	 529.215 	 787.338 	 309.378 	 -22.8895 	 22.0769 	 0.0472643 	 467.095 	 754 	 0.92402 	 118.77 	 135.167 	 138.222 	 68.5431 	 0.333333 	 153.361 	 135.816 	 20.7402 	 0.15005 	 0 	 0 	 NaN 	 NaN 	 0 	 0 	 0 	 NaN 	 NaN 	 NaN 	 NaN 	 0 	 0 	 NaN 	 NaN 	 0 	 0 	 NaN 	 NaN 	 0 	 0 	 0 	 NaN 	 NaN 	 NaN 	 NaN 	 0 	 0 	 NaN 	 NaN 	  Other 
53 	 934.286 	 560.974 	 864.067 	 115.135 	 1390 	 65.9278 	 27.4331 	 0.909315 	 0.952055 	 169.196 	 961.35 	 292.777 	 0.304548 	 535.791 	 820.246 	 274.766 	 22.9139 	 30.7855 	 0.0711832 	 432.482 	 1882 	 0.957274 	 186.711 	 147.671 	 151.825 	 82.1462 	 0.222892 	 150.73 	 151.288 	 53.0807 	 0.349617 	 0 	 0 	 NaN 	 NaN 	 0 	 0 	 0 	 NaN 	 NaN 	 NaN 	 NaN 	 0 	 0 	 NaN 	 NaN 	 0 	 0 	 NaN 	 NaN 	 0 	 0 	 0 	 NaN 	 NaN 	 NaN 	 NaN 	 0 	 0 	 NaN 	 NaN 	  DCIS 
54 	 1006.94 	 345.235 	 922.118 	 158.202 	 5813 	 141.066 	 62.7964 	 0.895452 	 0.757987 	 393.203 	 1220.24 	 412.139 	 0.337752 	 566.912 	 1079.14 	 739.061 	 90.6649 	 257.649 	 0.287306 	 896.777 	 7744 	 0.762956 	 481.446 	 651.86 	 667.75 	 598.071 	 0.495238 	 985.341 	 555.876 	 633.062 	 0.948053 	 0 	 0 	 NaN 	 NaN 	 0 	 0 	 0 	 NaN 	 NaN 	 NaN 	 NaN 	 0 	 0 	 NaN 	 NaN 	 0 	 0 	 NaN 	 NaN 	 0 	 0 	 0 	 NaN 	 NaN 	 NaN 	 NaN 	 0 	 0 	 NaN 	 NaN 	  Tumour 
55 	 1014.76 	 186.728 	 829.321 	 158.202 	 891 	 42.2506 	 27.4469 	 0.760257 	 0.969532 	 117.74 	 974.753 	 275.192 	 0.28232 	 615.48 	 833.649 	 278.672 	 37.831 	 34.0143 	 0.077945 	 436.388 	 1256 	 0.975913 	 134.912 	 106.154 	 103.925 	 34.2459 	 0 	 0 	 0 	 13.9206 	 0.133949 	 0 	 0 	 NaN 	 NaN 	 0 	 0 	 0 	 NaN 	 NaN 	 NaN 	 NaN 	 0 	 0 	 NaN 	 NaN 	 0 	 0 	 NaN 	 NaN 	 0 	 0 	 0 	 NaN 	 NaN 	 NaN 	 NaN 	 0 	 0 	 NaN 	 NaN 	  DCIS 
56 	 1044.22 	 84.9487 	 856.934 	 262.619 	 2339 	 77.5733 	 40.0004 	 0.856801 	 0.892748 	 219.38 	 1136.3 	 513.856 	 0.452218 	 710.94 	 995.198 	 324.071 	 76.0392 	 46.3309 	 0.0961646 	 481.788 	 2972 	 0.936063 	 230.995 	 104.831 	 93.6188 	 23.9397 	 0 	 0 	 0 	 14.0726 	 0.150318 	 0 	 0 	 NaN 	 NaN 	 0 	 0 	 0 	 NaN 	 NaN 	 NaN 	 NaN 	 0 	 0 	 NaN 	 NaN 	 0 	 0 	 NaN 	 NaN 	 0 	 0 	 0 	 NaN 	 NaN 	 NaN 	 NaN 	 0 	 0 	 NaN 	 NaN 	  DCIS 
57 	 1106.72 	 418.344 	 1012.86 	 189.13 	 6683 	 213.048 	 60.1215 	 0.959356 	 0.648331 	 540.943 	 1537.18 	 625.158 	 0.406693 	 824.326 	 1396.07 	 871.364 	 77.8609 	 133.609 	 0.129833 	 1029.08 	 8611 	 0.679691 	 598.357 	 1057.03 	 1053.59 	 983.914 	 0.793436 	 1113.18 	 1011.48 	 645.443 	 0.612611 	 85 	 693 	 165.882 	 4.55147 	 2 	 2461.06 	 0.368257 	 80.711 	 80.711 	 80.711 	 0 	 45 	 40 	 42.5 	 3.53553 	 0 	 0 	 NaN 	 NaN 	 0 	 0 	 0 	 NaN 	 NaN 	 NaN 	 NaN 	 0 	 0 	 NaN 	 NaN 	  Tumour 
58 	 1027.57 	 593.472 	 961.574 	 141.662 	 2335 	 73.0324 	 43.7147 	 0.801074 	 0.90539 	 218.652 	 935.133 	 219.111 	 0.23431 	 575.673 	 794.028 	 341.652 	 30.9534 	 53.4377 	 0.107011 	 499.368 	 3398 	 0.927655 	 267.238 	 297.858 	 286.262 	 216.583 	 0 	 0 	 283.731 	 216.907 	 0.75772 	 0 	 0 	 NaN 	 NaN 	 0 	 0 	 0 	 NaN 	 NaN 	 NaN 	 NaN 	 0 	 0 	 NaN 	 NaN 	 69 	 72 	 131.304 	 -7.47139 	 1 	 0 	 0 	 NaN 	 NaN 	 NaN 	 NaN 	 69 	 69 	 69 	 0 	  DCIS 
59 	 1072.84 	 864.282 	 1152.97 	 224.009 	 2909 	 140.66 	 36.1428 	 0.966424 	 0.723992 	 324.576 	 1029.03 	 321.845 	 0.312765 	 723.368 	 887.928 	 187.25 	 55.2893 	 32.4006 	 0.0939238 	 344.967 	 3904 	 0.773835 	 346.191 	 89.3258 	 88.4116 	 18.7325 	 0 	 0 	 0 	 27.0268 	 0.305693 	 0 	 0 	 NaN 	 NaN 	 0 	 0 	 0 	 NaN 	 NaN 	 NaN 	 NaN 	 0 	 0 	 NaN 	 NaN 	 0 	 0 	 NaN 	 NaN 	 0 	 0 	 0 	 NaN 	 NaN 	 NaN 	 NaN 	 0 	 0 	 NaN 	 NaN 	  Fib 
60 	 1110.55 	 376.216 	 1020.84 	 155.724 	 1989 	 74.3463 	 35.7988 	 0.876438 	 0.944444 	 194.995 	 1312.85 	 476.304 	 0.362801 	 634.663 	 1171.75 	 498.538 	 -28.0199 	 66.5129 	 0.101352 	 656.254 	 3721 	 0.913353 	 271.279 	 482.268 	 705.628 	 635.949 	 0.534188 	 1008.42 	 587.094 	 498.741 	 0.706804 	 0 	 0 	 NaN 	 NaN 	 0 	 0 	 0 	 NaN 	 NaN 	 NaN 	 NaN 	 0 	 0 	 NaN 	 NaN 	 0 	 0 	 NaN 	 NaN 	 0 	 0 	 0 	 NaN 	 NaN 	 NaN 	 NaN 	 0 	 0 	 NaN 	 NaN 	  Tumour 
61 	 1125.07 	 480.652 	 1028.08 	 148.165 	 2051 	 65.7718 	 40.6412 	 0.786247 	 0.979465 	 179.296 	 1776.22 	 238.435 	 0.134237 	 837.424 	 1635.12 	 513.514 	 -49.8916 	 39.7913 	 0.0592812 	 671.231 	 6080 	 0.590922 	 638.642 	 603.137 	 789.896 	 720.217 	 0.492727 	 1102.63 	 680.108 	 618.243 	 0.782689 	 45 	 45 	 151.844 	 -9.48644 	 1 	 0 	 0 	 NaN 	 NaN 	 NaN 	 NaN 	 45 	 45 	 45 	 0 	 0 	 0 	 NaN 	 NaN 	 0 	 0 	 0 	 NaN 	 NaN 	 NaN 	 NaN 	 0 	 0 	 NaN 	 NaN 	  Tumour 
62 	 1168.62 	 43.4078 	 984.421 	 275.409 	 4198 	 157.393 	 34.4524 	 0.975749 	 0.921625 	 373.647 	 1037.5 	 332.737 	 0.32071 	 671.013 	 896.395 	 236.946 	 42.7132 	 62.4066 	 0.158127 	 394.663 	 5264 	 0.923671 	 378.049 	 86.0078 	 82.8848 	 13.2057 	 0.0333333 	 91.8182 	 82.017 	 17.3709 	 0.209579 	 65 	 72 	 145.938 	 -15.3924 	 1 	 0 	 0 	 NaN 	 NaN 	 NaN 	 NaN 	 65 	 65 	 65 	 0 	 64 	 66 	 134.328 	 -4.44761 	 1 	 0 	 0 	 NaN 	 NaN 	 NaN 	 NaN 	 64 	 64 	 64 	 0 	  Fib 
63 	 1166.4 	 561.171 	 1071.1 	 141.662 	 4068 	 93.7147 	 62.0381 	 0.749514 	 0.889764 	 292.836 	 1764.31 	 406.265 	 0.230269 	 1014.24 	 1623.2 	 603.202 	 -94.0404 	 68.2688 	 0.089719 	 760.918 	 6342 	 0.893743 	 357.848 	 835.123 	 1194.49 	 1124.81 	 0.513158 	 884.019 	 1289.65 	 558.769 	 0.46779 	 297 	 2746 	 204.404 	 43.0732 	 5 	 687.03 	 0.168886 	 75.7772 	 22.572 	 47.7213 	 17.1121 	 89 	 33 	 59.4 	 22.2441 	 170 	 1111 	 190.412 	 51.636 	 3 	 451.037 	 0.110874 	 44.5872 	 28.4538 	 37.7246 	 7.45232 	 69 	 48 	 56.6667 	 10.9697 	  Tumour 
64 	 1184.32 	 317.981 	 1101.16 	 63.0317 	 1561 	 62.0844 	 32.6593 	 0.850456 	 0.948936 	 169.338 	 893.628 	 184.684 	 0.206667 	 488.159 	 752.523 	 454.56 	 7.28358 	 146.823 	 0.239798 	 612.276 	 2309 	 0.888761 	 222.167 	 728.133 	 868.552 	 798.872 	 0.329897 	 1021.36 	 842.829 	 724.899 	 0.834607 	 45 	 45 	 150.978 	 -10.3531 	 1 	 0 	 0 	 NaN 	 NaN 	 NaN 	 NaN 	 45 	 45 	 45 	 0 	 0 	 0 	 NaN 	 NaN 	 0 	 0 	 0 	 NaN 	 NaN 	 NaN 	 NaN 	 0 	 0 	 NaN 	 NaN 	  Tumour 
65 	 1186.13 	 434.304 	 1090.65 	 167.836 	 1661 	 56.7734 	 37.8055 	 0.746039 	 0.937888 	 172.61 	 1372.13 	 284.992 	 0.2077 	 727.945 	 1231.03 	 614.842 	 -112.638 	 109.604 	 0.141871 	 772.558 	 2579 	 0.893624 	 234.794 	 691.633 	 1004.13 	 934.456 	 0.935 	 1089.74 	 928.986 	 541.161 	 0.538932 	 0 	 0 	 NaN 	 NaN 	 0 	 0 	 0 	 NaN 	 NaN 	 NaN 	 NaN 	 0 	 0 	 NaN 	 NaN 	 0 	 0 	 NaN 	 NaN 	 0 	 0 	 0 	 NaN 	 NaN 	 NaN 	 NaN 	 0 	 0 	 NaN 	 NaN 	  Tumour 
66 	 1212.67 	 527.476 	 1116.49 	 196.42 	 2570 	 73.8877 	 46.4131 	 0.778086 	 0.912642 	 216.35 	 1400.14 	 539.822 	 0.385548 	 859.448 	 1259.04 	 597.867 	 50.4989 	 103.548 	 0.137044 	 755.584 	 6208 	 0.801446 	 485.387 	 712.933 	 949.632 	 879.953 	 0.473171 	 1259.32 	 843.969 	 537.768 	 0.566292 	 149 	 502 	 193.711 	 32.3805 	 3 	 1082.03 	 0.421024 	 36.5975 	 11.8142 	 25.275 	 11.2065 	 54 	 46 	 49.6667 	 4.04145 	 0 	 0 	 NaN 	 NaN 	 0 	 0 	 0 	 NaN 	 NaN 	 NaN 	 NaN 	 0 	 0 	 NaN 	 NaN 	  Tumour 
67 	 1225.84 	 271.365 	 1048.22 	 46.5725 	 1962 	 66.9859 	 37.5593 	 0.828015 	 0.969368 	 178.51 	 1192.21 	 378.852 	 0.317772 	 828.575 	 1051.11 	 256.562 	 22.756 	 64.9265 	 0.156722 	 414.278 	 2664 	 0.901523 	 231.38 	 195.373 	 240.584 	 170.905 	 0.218274 	 527.442 	 204.244 	 161.82 	 0.672615 	 34 	 34 	 146.912 	 -14.4191 	 1 	 0 	 0 	 NaN 	 NaN 	 NaN 	 NaN 	 34 	 34 	 34 	 0 	 45 	 45 	 137.978 	 -0.797958 	 1 	 0 	 0 	 NaN 	 NaN 	 NaN 	 NaN 	 45 	 45 	 45 	 0 	  DCIS 
68 	 1238.26 	 315.773 	 1154.8 	 46.5725 	 1394 	 71.0422 	 27.713 	 0.920776 	 0.816159 	 187.095 	 941.044 	 168.498 	 0.179054 	 420.349 	 799.94 	 704.841 	 70.0574 	 176.055 	 0.204108 	 862.557 	 1820 	 0.818345 	 216.409 	 1271.62 	 1386.36 	 1316.68 	 0.663102 	 1460.35 	 1338.35 	 923.854 	 0.666387 	 0 	 0 	 NaN 	 NaN 	 0 	 0 	 0 	 NaN 	 NaN 	 NaN 	 NaN 	 0 	 0 	 NaN 	 NaN 	 0 	 0 	 NaN 	 NaN 	 0 	 0 	 0 	 NaN 	 NaN 	 NaN 	 NaN 	 0 	 0 	 NaN 	 NaN 	  Tumour 
69 	 1232.86 	 428.695 	 1137.86 	 158.155 	 1012 	 46.7663 	 31.6958 	 0.735294 	 0.857627 	 143.154 	 1716.45 	 338.487 	 0.197202 	 621.398 	 1575.34 	 585.403 	 -46.0928 	 72.5921 	 0.0976856 	 743.12 	 3265 	 0.780727 	 290.049 	 694.541 	 927.45 	 857.771 	 0.760331 	 808.364 	 991.667 	 356.703 	 0.384606 	 45 	 45 	 179.022 	 17.6913 	 1 	 0 	 0 	 NaN 	 NaN 	 NaN 	 NaN 	 45 	 45 	 45 	 0 	 61 	 61 	 187.41 	 48.6341 	 1 	 0 	 0 	 NaN 	 NaN 	 NaN 	 NaN 	 61 	 61 	 61 	 0 	  Tumour 
70 	 1235.53 	 343.42 	 1148.97 	 72.6911 	 855 	 60.0144 	 19.7901 	 0.944066 	 0.861027 	 141.983 	 890.213 	 140.117 	 0.157397 	 252.17 	 749.108 	 953.167 	 -83.3844 	 127.021 	 0.114343 	 1110.88 	 1511 	 0.758154 	 215.581 	 1610.87 	 1801.28 	 1731.6 	 0.716578 	 1708.41 	 1848.7 	 594.016 	 0.329775 	 0 	 0 	 NaN 	 NaN 	 0 	 0 	 0 	 NaN 	 NaN 	 NaN 	 NaN 	 0 	 0 	 NaN 	 NaN 	 0 	 0 	 NaN 	 NaN 	 0 	 0 	 0 	 NaN 	 NaN 	 NaN 	 NaN 	 0 	 0 	 NaN 	 NaN 	  Tumour 
71 	 1260.46 	 34.2131 	 1075.86 	 282.857 	 2168 	 103.34 	 27.9083 	 0.962842 	 0.883816 	 238.593 	 1140.32 	 340.993 	 0.299033 	 750.562 	 999.212 	 245.701 	 15.0502 	 31.952 	 0.0792033 	 403.417 	 2686 	 0.851887 	 259.865 	 100.402 	 97.009 	 27.3299 	 0.340807 	 95.1447 	 97.7554 	 18.1095 	 0.186679 	 55 	 57 	 159.364 	 -1.96725 	 1 	 0 	 0 	 NaN 	 NaN 	 NaN 	 NaN 	 55 	 55 	 55 	 0 	 0 	 0 	 NaN 	 NaN 	 0 	 0 	 0 	 NaN 	 NaN 	 NaN 	 NaN 	 0 	 0 	 NaN 	 NaN 	  Fib 
72 	 1254.45 	 362.273 	 1164.51 	 95.2103 	 1382 	 59.6707 	 30.9527 	 0.854941 	 0.871375 	 172.61 	 1308.37 	 469.272 	 0.35867 	 632.885 	 1167.26 	 826.714 	 -2.11087 	 181.996 	 0.184874 	 984.431 	 2095 	 0.86037 	 224.794 	 989.279 	 1041.73 	 972.047 	 0.931579 	 978.164 	 1073.08 	 549.021 	 0.52703 	 236 	 268 	 240.182 	 78.8513 	 1 	 0 	 0 	 NaN 	 NaN 	 NaN 	 NaN 	 236 	 236 	 236 	 0 	 89 	 266 	 169.551 	 30.7748 	 2 	 218.546 	 0.158138 	 28.439 	 28.439 	 28.439 	 0 	 45 	 44 	 44.5 	 0.707107 	  Tumour 
73 	 1271.34 	 56.6331 	 1085.13 	 261.094 	 1153 	 57.2285 	 27.2206 	 0.879635 	 0.929839 	 151.095 	 1253.36 	 495.682 	 0.395481 	 901.343 	 1112.26 	 236.741 	 52.09 	 36.4608 	 0.092433 	 394.457 	 1562 	 0.93589 	 170.024 	 101.383 	 91.2603 	 21.5812 	 0.452055 	 96.5455 	 88.9204 	 11.3969 	 0.124884 	 0 	 0 	 0 	 -161.331 	 0 	 0 	 0 	 NaN 	 NaN 	 NaN 	 NaN 	 0 	 0 	 NaN 	 NaN 	 0 	 0 	 0 	 -138.776 	 0 	 0 	 0 	 NaN 	 NaN 	 NaN 	 NaN 	 0 	 0 	 NaN 	 NaN 	  Fib 
74 	 1271.05 	 834.69 	 1294.99 	 293.43 	 3334 	 88.4671 	 50.4345 	 0.82158 	 0.935203 	 246.208 	 960.389 	 234.602 	 0.244278 	 647.092 	 819.285 	 462.01 	 84.123 	 113.214 	 0.182685 	 619.726 	 4028 	 0.942884 	 260.51 	 97.1423 	 90.5897 	 20.9106 	 0 	 0 	 0 	 21.9604 	 0.242416 	 0 	 0 	 0 	 -161.331 	 0 	 0 	 0 	 NaN 	 NaN 	 NaN 	 NaN 	 0 	 0 	 NaN 	 NaN 	 0 	 0 	 0 	 -138.776 	 0 	 0 	 0 	 NaN 	 NaN 	 NaN 	 NaN 	 0 	 0 	 NaN 	 NaN 	  DCIS 
75 	 1275.45 	 385.002 	 1183.03 	 124.085 	 1102 	 54.0634 	 26.6887 	 0.869657 	 0.933898 	 139.296 	 1256.79 	 438.07 	 0.348561 	 726.248 	 1115.69 	 458.083 	 -12.3797 	 63.6388 	 0.103343 	 615.799 	 2927 	 0.805892 	 284.35 	 486.792 	 597.62 	 527.941 	 0.510204 	 636.136 	 572.409 	 256.052 	 0.428453 	 0 	 0 	 0 	 -161.331 	 0 	 0 	 0 	 NaN 	 NaN 	 NaN 	 NaN 	 0 	 0 	 NaN 	 NaN 	 0 	 0 	 0 	 -138.776 	 0 	 0 	 0 	 NaN 	 NaN 	 NaN 	 NaN 	 0 	 0 	 NaN 	 NaN 	  Tumour 
