rownames 	XLoc 	YLoc 	NNDistSame 	NNDistOpp 	dapi_Area 	dapi_MajorAxisLength 	dapi_MinorAxisLength 	dapi_Eccentricity 	dapi_Solidity 	dapi_Perimeter 	dapi_MeanIntensity 	dapi_PixelSD 	dapi_PixelCV 	dapi_NucAdjustedInt 	dapi_BackAdjustedInt 	nucl_BackgroundAdjust 	nucl_NuclearAdjustedInt 	nucl_PixelSD 	nucl_PixelCV 	nucl_MeanIntensity 	memb_Area 	memb_Solidity 	memb_Perimeter 	memb_MeanIntensity 	memb_MembraneIntensity 	memb_temp 	memb_pcTouch 	memb_OverLapIntensity 	memb_nonLapIntensity 	memb_PixelSD 	memb_PixelCV 	Her2_Area 	Her2_ConvexArea 	Her2_MeanIntensity 	Her2_BackAdjustedInt 	Her2_CN 	Her2_AreaSD 	Her2_CoeffVar 	Her2_MaxSpotDist 	Her2_MinSpotDist 	Her2_MeanSpotDist 	Her2_SDSpotDist 	Her2_SpotAreaMax 	Her2_SpotAreaMin 	Her2_SpotAreaMean 	Her2_SpotAreaSD 	cent_Area 	cent_ConvexArea 	cent_MeanIntensity 	cent_BackAdjustedInt 	cent_CN 	cent_AreaSD 	cent_CoeffVar 	cent_MaxSpotDist 	cent_MinSpotDist 	cent_MeanSpotDist 	cent_SDSpotDist 	cent_SpotAreaMax 	cent_SpotAreaMin 	cent_SpotAreaMean 	cent_SpotAreaSD 	CellLabels 	
1 	 29.6795 	 737.818 	 105.575 	 212.361 	 4253 	 85.2685 	 65.305 	 0.64299 	 0.969455 	 261.238 	 1492.15 	 400.99 	 0.268733 	 400.869 	 1313.16 	 311.849 	 35.9279 	 56.0828 	 0.0972422 	 576.733 	 5431 	 0.859471 	 360.693 	 485.744 	 553.446 	 405.962 	 0 	 0 	 586.479 	 301.441 	 0.544663 	 488 	 1005 	 237.266 	 51.0534 	 4 	 1168.71 	 0.274797 	 28.691 	 14.8658 	 22.3587 	 6.1778 	 296 	 35 	 122 	 120.932 	 98 	 320 	 178.367 	 8.78983 	 2 	 294.799 	 0.0693156 	 33.496 	 33.496 	 33.496 	 0 	 55 	 43 	 49 	 8.48528 	  Tumour 
2 	 46.2582 	 294.637 	 46.0977 	 276.062 	 2157 	 79.7882 	 41.8674 	 0.851268 	 0.76381 	 234.409 	 1568.01 	 544.642 	 0.347346 	 514.256 	 1389.01 	 244.458 	 -152.513 	 73.699 	 0.144695 	 509.342 	 2467 	 0.779709 	 243.196 	 254.095 	 267.377 	 119.894 	 0.336364 	 192 	 282.697 	 149.895 	 0.560612 	 0 	 0 	 NaN 	 NaN 	 0 	 0 	 0 	 NaN 	 NaN 	 NaN 	 NaN 	 0 	 0 	 NaN 	 NaN 	 0 	 0 	 NaN 	 NaN 	 0 	 0 	 0 	 NaN 	 NaN 	 NaN 	 NaN 	 0 	 0 	 NaN 	 NaN 	  Other 
3 	 91.8826 	 298.002 	 46.0977 	 230.159 	 3424 	 82.2307 	 56.6813 	 0.72448 	 0.89916 	 257.48 	 1899.01 	 643.318 	 0.338764 	 613.184 	 1720.02 	 192.361 	 -176.567 	 52.1565 	 0.114067 	 457.245 	 3992 	 0.903986 	 268.066 	 189.757 	 183.662 	 36.1791 	 0.540084 	 180.703 	 185.89 	 41.2752 	 0.224734 	 0 	 0 	 NaN 	 NaN 	 0 	 0 	 0 	 NaN 	 NaN 	 NaN 	 NaN 	 0 	 0 	 NaN 	 NaN 	 0 	 0 	 NaN 	 NaN 	 0 	 0 	 0 	 NaN 	 NaN 	 NaN 	 NaN 	 0 	 0 	 NaN 	 NaN 	  DCIS 
4 	 124.772 	 645.857 	 103.484 	 125.718 	 6083 	 116.246 	 68.0786 	 0.810568 	 0.966322 	 328.492 	 955.471 	 176.027 	 0.184231 	 -83.9014 	 776.477 	 185.702 	 -167.414 	 30.296 	 0.0672369 	 450.586 	 7048 	 0.970665 	 344.35 	 200.336 	 225.459 	 77.9757 	 0 	 0 	 0 	 84.2451 	 0.373661 	 35 	 35 	 157.514 	 -28.6987 	 1 	 0 	 0 	 NaN 	 NaN 	 NaN 	 NaN 	 35 	 35 	 35 	 0 	 45 	 45 	 160.8 	 -8.77752 	 1 	 0 	 0 	 NaN 	 NaN 	 NaN 	 NaN 	 45 	 45 	 45 	 0 	  Tumour 
5 	 134.504 	 748.836 	 105.575 	 110.023 	 6390 	 94.3014 	 88.1615 	 0.354936 	 0.950327 	 323.321 	 1542.49 	 376.541 	 0.244112 	 655.718 	 1363.5 	 294.706 	 -110.129 	 70.0441 	 0.12517 	 559.59 	 7883 	 0.879897 	 421.605 	 455.512 	 513.198 	 365.714 	 0.268293 	 566.152 	 503.389 	 300.284 	 0.585124 	 280 	 505 	 236.789 	 50.5763 	 5 	 1488.78 	 0.232986 	 24.6207 	 8.24621 	 15.3638 	 5.82399 	 100 	 45 	 56 	 24.5967 	 45 	 45 	 175.933 	 6.35581 	 1 	 0 	 0 	 NaN 	 NaN 	 NaN 	 NaN 	 45 	 45 	 45 	 0 	  Tumour 
6 	 123.625 	 335.493 	 87.6584 	 195.003 	 2361 	 69.4034 	 46.418 	 0.743429 	 0.868334 	 222.108 	 1249.8 	 322.305 	 0.257885 	 312.05 	 1070.8 	 185.276 	 -214.813 	 38.6411 	 0.0858387 	 450.16 	 3009 	 0.921593 	 232.995 	 150.501 	 145.613 	 -1.87062 	 0.269608 	 156.855 	 144.793 	 29.3451 	 0.201528 	 0 	 0 	 NaN 	 NaN 	 0 	 0 	 0 	 NaN 	 NaN 	 NaN 	 NaN 	 0 	 0 	 NaN 	 NaN 	 0 	 0 	 NaN 	 NaN 	 0 	 0 	 0 	 NaN 	 NaN 	 NaN 	 NaN 	 0 	 0 	 NaN 	 NaN 	  DCIS 
7 	 137.298 	 835.502 	 145.097 	 88.1192 	 6047 	 107.758 	 73.8188 	 0.7285 	 0.941021 	 329.664 	 1588.28 	 454.643 	 0.286249 	 811.004 	 1409.28 	 328.81 	 28.3528 	 62.7447 	 0.105685 	 593.694 	 8007 	 0.862266 	 444.475 	 762.065 	 954.531 	 807.048 	 0.502604 	 812.047 	 992.619 	 440.963 	 0.461968 	 312 	 1819 	 202.032 	 15.819 	 6 	 919.411 	 0.152044 	 64.5368 	 9.77818 	 37.6255 	 18.1254 	 94 	 38 	 52 	 20.9189 	 176 	 801 	 176.875 	 7.29748 	 4 	 699.318 	 0.115647 	 55.602 	 11.4564 	 33.3642 	 15.7954 	 48 	 38 	 44 	 4.32049 	  Tumour 
8 	 142.028 	 112.796 	 205.767 	 284.707 	 3266 	 72.9974 	 58.0661 	 0.606014 	 0.960306 	 230.652 	 1512.36 	 430.022 	 0.284338 	 357.762 	 1333.37 	 217.065 	 -158.633 	 29.295 	 0.0607845 	 481.949 	 3920 	 0.970537 	 246.167 	 219.588 	 217.904 	 70.4203 	 0 	 0 	 0 	 41.1138 	 0.188679 	 37 	 40 	 201.459 	 15.2464 	 1 	 0 	 0 	 NaN 	 NaN 	 NaN 	 NaN 	 37 	 37 	 37 	 0 	 45 	 45 	 189.822 	 20.2447 	 1 	 0 	 0 	 NaN 	 NaN 	 NaN 	 NaN 	 45 	 45 	 45 	 0 	  DCIS 
9 	 142.083 	 41.7606 	 270.601 	 343.169 	 2348 	 60.9672 	 50.752 	 0.554105 	 0.941837 	 196.853 	 1575.26 	 458.726 	 0.291207 	 578.146 	 1396.27 	 175.447 	 -144.922 	 27.4813 	 0.0624104 	 440.331 	 2807 	 0.948311 	 212.368 	 206.031 	 225.884 	 78.4008 	 0.247368 	 187.532 	 230.961 	 50.513 	 0.223623 	 45 	 45 	 178.156 	 -8.05746 	 1 	 0 	 0 	 NaN 	 NaN 	 NaN 	 NaN 	 45 	 45 	 45 	 0 	 45 	 45 	 178.556 	 8.97804 	 1 	 0 	 0 	 NaN 	 NaN 	 NaN 	 NaN 	 45 	 45 	 45 	 0 	  DCIS 
10 	 150.6 	 523.203 	 251.016 	 125.718 	 1848 	 69.1684 	 34.5875 	 0.865998 	 0.927711 	 185.095 	 1290.81 	 363.236 	 0.281402 	 566.957 	 1111.81 	 178.031 	 -74.0356 	 27.2377 	 0.0614965 	 442.915 	 2378 	 0.948166 	 199.296 	 169.505 	 174.196 	 26.7122 	 0 	 0 	 0 	 44.6776 	 0.25648 	 0 	 0 	 NaN 	 NaN 	 0 	 0 	 0 	 NaN 	 NaN 	 NaN 	 NaN 	 0 	 0 	 NaN 	 NaN 	 0 	 0 	 NaN 	 NaN 	 0 	 0 	 0 	 NaN 	 NaN 	 NaN 	 NaN 	 0 	 0 	 NaN 	 NaN 	  DCIS 
11 	 177.588 	 913.532 	 632.918 	 88.1192 	 2971 	 79.6311 	 52.2836 	 0.754263 	 0.83012 	 262.492 	 1165.8 	 247.499 	 0.2123 	 496.043 	 986.802 	 159.664 	 12.1336 	 43.8491 	 0.103284 	 424.548 	 4357 	 0.675504 	 388.818 	 366.153 	 508.073 	 360.589 	 0.281818 	 1124.3 	 410.515 	 412.46 	 0.811813 	 0 	 0 	 NaN 	 NaN 	 0 	 0 	 0 	 NaN 	 NaN 	 NaN 	 NaN 	 0 	 0 	 NaN 	 NaN 	 43 	 44 	 131.279 	 -38.2984 	 1 	 0 	 0 	 NaN 	 NaN 	 NaN 	 NaN 	 43 	 43 	 43 	 0 	  DCIS 
12 	 194.256 	 45.5955 	 289.664 	 315.793 	 1859 	 64.0703 	 42.0968 	 0.753855 	 0.841938 	 197.882 	 1777.42 	 534.583 	 0.300764 	 981.502 	 1598.42 	 157.277 	 -55.2383 	 34.0995 	 0.0807735 	 422.161 	 2391 	 0.869771 	 213.64 	 191.063 	 194.626 	 47.1423 	 0.241026 	 193.298 	 196.192 	 46.8246 	 0.240588 	 45 	 45 	 189.444 	 3.23143 	 1 	 0 	 0 	 NaN 	 NaN 	 NaN 	 NaN 	 45 	 45 	 45 	 0 	 0 	 0 	 NaN 	 NaN 	 0 	 0 	 0 	 NaN 	 NaN 	 NaN 	 NaN 	 0 	 0 	 NaN 	 NaN 	  DCIS 
13 	 233.993 	 797.469 	 536.049 	 104.547 	 3248 	 66.9685 	 64.9975 	 0.240825 	 0.926412 	 238.593 	 1246.52 	 312.494 	 0.250694 	 757.503 	 1067.52 	 96.577 	 21.975 	 24.9263 	 0.0689598 	 361.461 	 3962 	 0.942884 	 251.966 	 148.296 	 150.67 	 3.18636 	 0 	 0 	 0 	 27.6857 	 0.183751 	 33 	 33 	 157.364 	 -28.8494 	 1 	 0 	 0 	 NaN 	 NaN 	 NaN 	 NaN 	 33 	 33 	 33 	 0 	 0 	 0 	 NaN 	 NaN 	 0 	 0 	 0 	 NaN 	 NaN 	 NaN 	 NaN 	 0 	 0 	 NaN 	 NaN 	  DCIS 
14 	 229.402 	 466.524 	 251.143 	 140.911 	 1447 	 62.9038 	 30.1098 	 0.877998 	 0.948852 	 163.439 	 1130.98 	 266.343 	 0.235498 	 691.722 	 951.982 	 237.45 	 17.3621 	 34.0242 	 0.0677322 	 502.334 	 2030 	 0.930339 	 204.024 	 255.047 	 324.156 	 176.672 	 0 	 0 	 0 	 278.612 	 0.8595 	 48 	 48 	 179.458 	 -6.75468 	 1 	 0 	 0 	 NaN 	 NaN 	 NaN 	 NaN 	 48 	 48 	 48 	 0 	 0 	 0 	 NaN 	 NaN 	 0 	 0 	 0 	 NaN 	 NaN 	 NaN 	 NaN 	 0 	 0 	 NaN 	 NaN 	  DCIS 
15 	 249.136 	 291.629 	 203.022 	 82.6801 	 2689 	 62.803 	 57.7988 	 0.391169 	 0.916496 	 216.794 	 1201.09 	 275.138 	 0.229073 	 725.086 	 1022.1 	 156.788 	 41.5948 	 27.097 	 0.0642608 	 421.672 	 3336 	 0.880676 	 266.451 	 347.352 	 466.934 	 319.451 	 0.358079 	 812.5 	 387.912 	 346.489 	 0.74205 	 41 	 43 	 165.415 	 -20.7984 	 1 	 0 	 0 	 NaN 	 NaN 	 NaN 	 NaN 	 41 	 41 	 41 	 0 	 39 	 39 	 150.231 	 -19.3468 	 1 	 0 	 0 	 NaN 	 NaN 	 NaN 	 NaN 	 39 	 39 	 39 	 0 	  DCIS 
16 	 248.035 	 22.595 	 338.804 	 320.952 	 963 	 37.1901 	 34.2233 	 0.391386 	 0.934951 	 124.468 	 1159.11 	 305.651 	 0.263694 	 440.897 	 980.118 	 351.719 	 7.49737 	 46.331 	 0.0751391 	 616.603 	 1329 	 0.956115 	 140.569 	 206.852 	 209.927 	 62.4441 	 0 	 0 	 210.871 	 21.8063 	 0.103875 	 0 	 0 	 NaN 	 NaN 	 0 	 0 	 0 	 NaN 	 NaN 	 NaN 	 NaN 	 0 	 0 	 NaN 	 NaN 	 0 	 0 	 NaN 	 NaN 	 0 	 0 	 0 	 NaN 	 NaN 	 NaN 	 NaN 	 0 	 0 	 NaN 	 NaN 	  Other 
17 	 284.935 	 124.663 	 293.293 	 213.722 	 3110 	 87.9863 	 47.2375 	 0.843663 	 0.908029 	 253.037 	 1868.95 	 573.888 	 0.307065 	 891.478 	 1689.95 	 265.935 	 -1.52931 	 126.872 	 0.239011 	 530.819 	 3626 	 0.927366 	 263.037 	 188.831 	 191.59 	 44.1069 	 0.330396 	 187.347 	 192.762 	 41.9201 	 0.218801 	 0 	 0 	 NaN 	 NaN 	 0 	 0 	 0 	 NaN 	 NaN 	 NaN 	 NaN 	 0 	 0 	 NaN 	 NaN 	 0 	 0 	 NaN 	 NaN 	 0 	 0 	 0 	 NaN 	 NaN 	 NaN 	 NaN 	 0 	 0 	 NaN 	 NaN 	  DCIS 
18 	 325.929 	 191.427 	 298.69 	 145.169 	 4636 	 153.248 	 59.7128 	 0.920964 	 0.671592 	 403.688 	 1393.28 	 358.94 	 0.257622 	 626.064 	 1214.29 	 211.93 	 -17.8146 	 92.0482 	 0.193049 	 476.814 	 5581 	 0.709149 	 423.304 	 229.559 	 245.199 	 97.7155 	 0.312155 	 239.15 	 242.896 	 137.325 	 0.560056 	 0 	 0 	 NaN 	 NaN 	 0 	 0 	 0 	 NaN 	 NaN 	 NaN 	 NaN 	 0 	 0 	 NaN 	 NaN 	 63 	 64 	 149.873 	 -19.7045 	 1 	 0 	 0 	 NaN 	 NaN 	 NaN 	 NaN 	 63 	 63 	 63 	 0 	  DCIS 
19 	 276.026 	 322.536 	 231.698 	 44.9222 	 1135 	 77.1032 	 21.8166 	 0.959134 	 0.852102 	 179.439 	 1593.66 	 439.477 	 0.275765 	 864.997 	 1414.67 	 283.539 	 49.7734 	 79.243 	 0.144493 	 548.423 	 1419 	 0.811321 	 212.652 	 972.073 	 910.868 	 763.385 	 0.741758 	 1008.75 	 854.794 	 633.478 	 0.695466 	 62 	 198 	 180.774 	 -5.43882 	 2 	 26.6693 	 0.0234971 	 30.1655 	 30.1655 	 30.1655 	 0 	 45 	 17 	 31 	 19.799 	 58 	 61 	 155.207 	 -14.3706 	 1 	 0 	 0 	 NaN 	 NaN 	 NaN 	 NaN 	 58 	 58 	 58 	 0 	  DCIS 
20 	 319.02 	 336.317 	 495.101 	 44.9222 	 6540 	 115.425 	 73.6489 	 0.769979 	 0.947003 	 338.451 	 1806.02 	 403.233 	 0.223272 	 1127.62 	 1627.02 	 484.893 	 135.399 	 56.1723 	 0.0749187 	 749.777 	 7244 	 0.924451 	 386.534 	 625.525 	 988.801 	 841.317 	 0.895833 	 1000.6 	 973.196 	 518.655 	 0.524529 	 278 	 2663 	 221.363 	 35.1503 	 5 	 1553.48 	 0.237534 	 80.7638 	 22.4937 	 46.5003 	 16.232 	 93 	 24 	 55.6 	 29.5347 	 122 	 271 	 200.861 	 31.2831 	 2 	 1182.64 	 0.180831 	 20.6173 	 20.6173 	 20.6173 	 0 	 77 	 45 	 61 	 22.6274 	  Tumour 
21 	 310.887 	 418.537 	 292.576 	 83.3847 	 3020 	 67.1181 	 59.001 	 0.476708 	 0.949089 	 222.167 	 1683.4 	 553.13 	 0.328579 	 989.971 	 1504.4 	 240.023 	 -16.6413 	 59.3247 	 0.117496 	 504.907 	 4492 	 0.892332 	 297.865 	 406.954 	 515.195 	 367.712 	 0.394636 	 684.029 	 468.592 	 198.188 	 0.384685 	 45 	 45 	 178.778 	 -7.43524 	 1 	 0 	 0 	 NaN 	 NaN 	 NaN 	 NaN 	 45 	 45 	 45 	 0 	 0 	 0 	 NaN 	 NaN 	 0 	 0 	 0 	 NaN 	 NaN 	 NaN 	 NaN 	 0 	 0 	 NaN 	 NaN 	  DCIS 
22 	 303.406 	 892.053 	 649.968 	 132.74 	 1278 	 54.4071 	 30.1343 	 0.832605 	 0.958021 	 146.368 	 1075.87 	 208.686 	 0.19397 	 587.001 	 896.872 	 164.992 	 -16.887 	 53.4154 	 0.124258 	 429.876 	 1798 	 0.863178 	 207.581 	 315.82 	 367.246 	 219.762 	 0.178771 	 782.125 	 326.74 	 202.154 	 0.550461 	 0 	 0 	 NaN 	 NaN 	 0 	 0 	 0 	 NaN 	 NaN 	 NaN 	 NaN 	 0 	 0 	 NaN 	 NaN 	 0 	 0 	 NaN 	 NaN 	 0 	 0 	 0 	 NaN 	 NaN 	 NaN 	 NaN 	 0 	 0 	 NaN 	 NaN 	  DCIS 
23 	 311.559 	 252.557 	 269.295 	 83.2947 	 1360 	 53.5776 	 33.408 	 0.781787 	 0.939876 	 155.924 	 1067.1 	 218.982 	 0.205212 	 431.9 	 888.107 	 210.726 	 -0.520072 	 63.9267 	 0.13441 	 475.61 	 2659 	 0.844932 	 293.664 	 631.424 	 693.287 	 545.803 	 0.386454 	 1013.21 	 609.735 	 450.679 	 0.650061 	 0 	 0 	 NaN 	 NaN 	 0 	 0 	 0 	 NaN 	 NaN 	 NaN 	 NaN 	 0 	 0 	 NaN 	 NaN 	 0 	 0 	 NaN 	 NaN 	 0 	 0 	 0 	 NaN 	 NaN 	 NaN 	 NaN 	 0 	 0 	 NaN 	 NaN 	  DCIS 
24 	 325.505 	 691.452 	 484.991 	 139.589 	 3491 	 80.6489 	 56.6684 	 0.71153 	 0.943769 	 247.279 	 1483.4 	 491.694 	 0.331464 	 951.914 	 1304.41 	 168.092 	 33.8276 	 34.0116 	 0.078553 	 432.976 	 4204 	 0.956759 	 258.652 	 197.407 	 181.18 	 33.6965 	 0 	 0 	 0 	 48.8637 	 0.269697 	 0 	 0 	 NaN 	 NaN 	 0 	 0 	 0 	 NaN 	 NaN 	 NaN 	 NaN 	 0 	 0 	 NaN 	 NaN 	 45 	 45 	 155.622 	 -13.9553 	 1 	 0 	 0 	 NaN 	 NaN 	 NaN 	 NaN 	 45 	 45 	 45 	 0 	  DCIS 
25 	 342.486 	 145.384 	 331.837 	 192.38 	 4364 	 97.8701 	 58.6575 	 0.800495 	 0.918737 	 275.622 	 2331.01 	 842.181 	 0.361295 	 1340.75 	 2152.01 	 352.782 	 30.0877 	 60.9884 	 0.09874 	 617.666 	 5214 	 0.927923 	 301.279 	 217.179 	 234.413 	 86.9295 	 0.5 	 242.038 	 230.306 	 62.6738 	 0.267365 	 0 	 0 	 NaN 	 NaN 	 0 	 0 	 0 	 NaN 	 NaN 	 NaN 	 NaN 	 0 	 0 	 NaN 	 NaN 	 118 	 271 	 196.314 	 26.736 	 2 	 1888.44 	 0.432731 	 24.683 	 24.683 	 24.683 	 0 	 60 	 58 	 59 	 1.41421 	  DCIS 
26 	 344.422 	 842.712 	 623.785 	 117.652 	 911 	 48.6229 	 24.3552 	 0.865506 	 0.949948 	 129.196 	 927.381 	 114.66 	 0.123638 	 422.712 	 748.386 	 390.482 	 -1.38624 	 44.0109 	 0.0671548 	 655.366 	 2600 	 0.764706 	 278.936 	 756.883 	 940.383 	 792.9 	 0.1375 	 702.97 	 930.049 	 621.618 	 0.661026 	 0 	 0 	 NaN 	 NaN 	 0 	 0 	 0 	 NaN 	 NaN 	 NaN 	 NaN 	 0 	 0 	 NaN 	 NaN 	 0 	 0 	 NaN 	 NaN 	 0 	 0 	 0 	 NaN 	 NaN 	 NaN 	 NaN 	 0 	 0 	 NaN 	 NaN 	  DCIS 
27 	 368.617 	 483.097 	 424.2 	 86.3713 	 4251 	 102.124 	 55.7093 	 0.838108 	 0.888587 	 308.392 	 1085.59 	 167.806 	 0.154576 	 429.315 	 906.597 	 287.403 	 -31.0384 	 45.1602 	 0.0817695 	 552.287 	 6066 	 0.873812 	 384.049 	 476.626 	 639.315 	 491.831 	 0.0623145 	 971.667 	 617.283 	 611.902 	 0.957122 	 0 	 0 	 NaN 	 NaN 	 0 	 0 	 0 	 NaN 	 NaN 	 NaN 	 NaN 	 0 	 0 	 NaN 	 NaN 	 0 	 0 	 NaN 	 NaN 	 0 	 0 	 0 	 NaN 	 NaN 	 NaN 	 NaN 	 0 	 0 	 NaN 	 NaN 	  Tumour 
28 	 371.112 	 1005.79 	 433.711 	 132.74 	 5046 	 90.0433 	 74.3704 	 0.563758 	 0.972442 	 290.108 	 1475.22 	 362.307 	 0.245596 	 909.429 	 1296.22 	 470.947 	 1.56801 	 146.126 	 0.198586 	 735.831 	 6632 	 0.871027 	 426.877 	 786.53 	 1080.86 	 933.376 	 0.193122 	 1649.14 	 1034.46 	 481.624 	 0.445593 	 215 	 1972 	 191.702 	 5.48931 	 3 	 826.991 	 0.16389 	 52.9397 	 45.0465 	 50.2162 	 4.00635 	 85 	 54 	 71.6667 	 15.9478 	 64 	 67 	 195.125 	 25.5475 	 1 	 0 	 0 	 NaN 	 NaN 	 NaN 	 NaN 	 64 	 64 	 64 	 0 	  Tumour 
29 	 388.807 	 336.81 	 538.221 	 113.172 	 6840 	 129.909 	 67.8921 	 0.852571 	 0.952646 	 360.049 	 1490.43 	 404.504 	 0.2714 	 870.385 	 1311.44 	 425.425 	 94.617 	 98.6293 	 0.142877 	 690.309 	 8959 	 0.899317 	 446.274 	 510.682 	 649.789 	 502.306 	 0.307292 	 897.305 	 602.15 	 326.393 	 0.502307 	 414 	 3019 	 217.36 	 31.1469 	 5 	 2378.41 	 0.347721 	 105.493 	 23.0641 	 58.1151 	 28.118 	 141 	 36 	 82.8 	 46.6015 	 160 	 1031 	 185.731 	 16.1537 	 3 	 2252.98 	 0.329383 	 69.78 	 35.0447 	 47.8415 	 17.0719 	 74 	 41 	 53.3333 	 18.0093 	  Tumour 
30 	 420.852 	 965.078 	 452.117 	 138.755 	 2745 	 69.135 	 52.8723 	 0.644305 	 0.909844 	 227.037 	 1288.98 	 292.237 	 0.226719 	 548.684 	 1109.99 	 742.366 	 -57.7035 	 139.45 	 0.138446 	 1007.25 	 4037 	 0.823541 	 328.777 	 1473.5 	 1828.26 	 1680.77 	 0.498195 	 1835.61 	 1818.32 	 549.274 	 0.300436 	 65 	 205 	 189.077 	 2.86391 	 2 	 357.395 	 0.130199 	 23.9265 	 23.9265 	 23.9265 	 0 	 42 	 23 	 32.5 	 13.435 	 0 	 0 	 NaN 	 NaN 	 0 	 0 	 0 	 NaN 	 NaN 	 NaN 	 NaN 	 0 	 0 	 NaN 	 NaN 	  Tumour 
31 	 432.288 	 93.0033 	 435.66 	 203.745 	 2763 	 77.4812 	 45.799 	 0.806599 	 0.955064 	 227.095 	 1959.14 	 874.019 	 0.446123 	 1171.84 	 1780.15 	 300.006 	 25.1197 	 47.9786 	 0.0849344 	 564.89 	 3316 	 0.969024 	 228.368 	 274.836 	 295.578 	 148.094 	 0.0970874 	 386.9 	 290.311 	 134.914 	 0.456441 	 45 	 48 	 209.333 	 23.1203 	 1 	 0 	 0 	 NaN 	 NaN 	 NaN 	 NaN 	 45 	 45 	 45 	 0 	 45 	 45 	 199.822 	 30.2447 	 1 	 0 	 0 	 NaN 	 NaN 	 NaN 	 NaN 	 45 	 45 	 45 	 0 	  DCIS 
32 	 455.015 	 803.852 	 430.094 	 117.652 	 8084 	 114.184 	 93.7254 	 0.571174 	 0.921149 	 401.789 	 1283.59 	 277.894 	 0.216497 	 745.87 	 1104.6 	 522.203 	 -75.6409 	 122.4 	 0.15551 	 787.086 	 11643 	 0.845288 	 582.843 	 741.09 	 1195.76 	 1048.27 	 0.372 	 1548.67 	 1103.52 	 851.043 	 0.71172 	 505 	 5838 	 221.592 	 35.3791 	 8 	 1568.41 	 0.194014 	 96.8921 	 11.3015 	 53.6208 	 22.1887 	 136 	 29 	 63.125 	 35.6027 	 82 	 813 	 204.89 	 35.3127 	 2 	 1434.13 	 0.177404 	 98.3925 	 98.3925 	 98.3925 	 0 	 50 	 32 	 41 	 12.7279 	  Tumour 
33 	 451.206 	 577.925 	 450.379 	 168.505 	 2382 	 67.3315 	 47.0788 	 0.714917 	 0.953945 	 204.551 	 1327.63 	 333.628 	 0.251295 	 785.122 	 1148.64 	 307.501 	 43.7771 	 59.1376 	 0.103318 	 572.385 	 3522 	 0.802827 	 316.534 	 561.66 	 627.015 	 479.532 	 0.281955 	 837.547 	 587.062 	 260.811 	 0.415957 	 488 	 1078 	 238.336 	 52.123 	 2 	 528.112 	 0.221709 	 26.4837 	 10.7269 	 19.3313 	 7.13585 	 343 	 40 	 162.667 	 159.519 	 113 	 269 	 157.142 	 -12.4359 	 2 	 753.787 	 0.316451 	 22.9456 	 22.9456 	 22.9456 	 0 	 68 	 45 	 56.5 	 16.2635 	  Tumour 
34 	 463.806 	 712.282 	 434.778 	 139.589 	 4278 	 106.111 	 60.1603 	 0.823748 	 0.820956 	 315.522 	 1395.8 	 299.849 	 0.214822 	 841.333 	 1216.81 	 543.88 	 97.1724 	 157.744 	 0.195043 	 808.764 	 6368 	 0.733387 	 465.747 	 664.062 	 769.012 	 621.529 	 0.391727 	 1262.55 	 635.618 	 571.819 	 0.743575 	 118 	 706 	 210.169 	 23.9565 	 3 	 1989.04 	 0.464947 	 57.6997 	 11.2783 	 39.4812 	 22.1541 	 45 	 32 	 39.3333 	 6.65833 	 45 	 45 	 194.089 	 24.5114 	 1 	 0 	 0 	 NaN 	 NaN 	 NaN 	 NaN 	 45 	 45 	 45 	 0 	  Tumour 
35 	 499.793 	 929.239 	 507.327 	 178.135 	 9673 	 122.974 	 102.109 	 0.557275 	 0.947312 	 417.103 	 1342.11 	 304.211 	 0.226666 	 512.445 	 1163.12 	 703.63 	 -142.838 	 106.93 	 0.110407 	 968.514 	 13611 	 0.944421 	 495.103 	 1155.43 	 1769.51 	 1622.03 	 0.390187 	 1862.16 	 1754.47 	 455.512 	 0.257422 	 147 	 817 	 200.735 	 14.5217 	 3 	 1579.96 	 0.163337 	 76.7467 	 15.5606 	 51.1866 	 28.4524 	 64 	 38 	 49 	 13.4536 	 86 	 126 	 203.233 	 33.655 	 2 	 4029.62 	 0.416585 	 10.8504 	 10.8504 	 10.8504 	 0 	 43 	 43 	 43 	 0 	  Tumour 
36 	 518.044 	 554.097 	 521.536 	 235.866 	 8044 	 145.96 	 72.4333 	 0.868178 	 0.9168 	 419.019 	 1886.04 	 497.692 	 0.263882 	 909.519 	 1707.04 	 416.824 	 19.7835 	 80.586 	 0.118212 	 681.707 	 9348 	 0.859823 	 478.375 	 559.423 	 733.12 	 585.637 	 0.689157 	 823 	 685.736 	 274.012 	 0.373761 	 480 	 1742 	 268.465 	 82.2516 	 5 	 1848.98 	 0.229858 	 56.2657 	 15.5195 	 33.3772 	 12.2877 	 197 	 36 	 96 	 60.5599 	 0 	 0 	 NaN 	 NaN 	 0 	 0 	 0 	 NaN 	 NaN 	 NaN 	 NaN 	 0 	 0 	 NaN 	 NaN 	  Tumour 
37 	 480.762 	 205.964 	 444.011 	 83.4865 	 2611 	 91.4082 	 37.4118 	 0.912408 	 0.933834 	 231.522 	 1183.32 	 323.113 	 0.273056 	 583.895 	 1004.33 	 205.407 	 -31.2242 	 41.8445 	 0.0889758 	 470.291 	 3243 	 0.939455 	 242.167 	 191.302 	 212.565 	 65.0821 	 0 	 0 	 213.154 	 59.3592 	 0.279251 	 0 	 0 	 NaN 	 NaN 	 0 	 0 	 0 	 NaN 	 NaN 	 NaN 	 NaN 	 0 	 0 	 NaN 	 NaN 	 0 	 0 	 NaN 	 NaN 	 0 	 0 	 0 	 NaN 	 NaN 	 NaN 	 NaN 	 0 	 0 	 NaN 	 NaN 	  DCIS 
38 	 502.48 	 460.451 	 547.785 	 195.351 	 3321 	 89.043 	 49.441 	 0.831684 	 0.932341 	 260.066 	 1581.08 	 470.638 	 0.297669 	 785.937 	 1402.08 	 513.286 	 139.357 	 135.833 	 0.174554 	 778.17 	 4158 	 0.913244 	 293.723 	 705.987 	 797.651 	 650.168 	 0.482759 	 989.579 	 728.62 	 515.433 	 0.646188 	 237 	 695 	 244.063 	 57.8503 	 3 	 330.688 	 0.0995749 	 25.8716 	 22.0911 	 23.77 	 1.72212 	 98 	 63 	 79 	 17.6918 	 0 	 0 	 NaN 	 NaN 	 0 	 0 	 0 	 NaN 	 NaN 	 NaN 	 NaN 	 0 	 0 	 NaN 	 NaN 	  Tumour 
39 	 505.522 	 62.5428 	 515.193 	 206.495 	 2301 	 83.7684 	 37.0554 	 0.89684 	 0.930449 	 217.865 	 1614.82 	 454.391 	 0.281389 	 711.272 	 1435.82 	 269.866 	 19.0359 	 65.3223 	 0.122155 	 534.75 	 2967 	 0.949136 	 237.037 	 231.018 	 252.129 	 104.646 	 0.0995025 	 376.5 	 244.723 	 82.5089 	 0.327248 	 0 	 0 	 NaN 	 NaN 	 0 	 0 	 0 	 NaN 	 NaN 	 NaN 	 NaN 	 0 	 0 	 NaN 	 NaN 	 0 	 0 	 NaN 	 NaN 	 0 	 0 	 0 	 NaN 	 NaN 	 NaN 	 NaN 	 0 	 0 	 NaN 	 NaN 	  DCIS 
40 	 518.945 	 751.718 	 489.2 	 197.246 	 4959 	 96.3322 	 69.9633 	 0.687409 	 0.873833 	 327.404 	 1856.62 	 392.86 	 0.2116 	 1060.82 	 1677.62 	 654.722 	 -393.674 	 92.7432 	 0.100851 	 919.606 	 5484 	 0.883092 	 333.99 	 891.335 	 1452.96 	 1305.47 	 1.02564 	 1500.3 	 1380.22 	 603.73 	 0.415518 	 352 	 2834 	 242.077 	 55.8637 	 7 	 1166.86 	 0.235302 	 64.5505 	 10.7772 	 39.067 	 16.4042 	 94 	 29 	 50.2857 	 25.1112 	 30 	 31 	 216 	 46.4225 	 1 	 0 	 0 	 NaN 	 NaN 	 NaN 	 NaN 	 30 	 30 	 30 	 0 	  Tumour 
41 	 512.195 	 121.668 	 497.076 	 147.313 	 3149 	 77.8347 	 55.5125 	 0.700949 	 0.919416 	 242.794 	 1981.25 	 620.987 	 0.313431 	 941.996 	 1802.26 	 380.65 	 60.3288 	 41.7977 	 0.0647489 	 645.534 	 3731 	 0.904924 	 262.794 	 344.819 	 448.991 	 301.508 	 0.27193 	 518.645 	 432.421 	 187.776 	 0.418216 	 314 	 1332 	 215.131 	 28.9176 	 5 	 287.807 	 0.0913964 	 41 	 17.5953 	 27.8818 	 7.75762 	 120 	 45 	 62.8 	 32.5454 	 45 	 45 	 191.089 	 21.5114 	 1 	 0 	 0 	 NaN 	 NaN 	 NaN 	 NaN 	 45 	 45 	 45 	 0 	  DCIS 
42 	 528.453 	 491.727 	 555.446 	 228.95 	 2314 	 98.5014 	 47.8667 	 0.873987 	 0.5785 	 305.723 	 1362.43 	 379.837 	 0.278794 	 457.046 	 1183.44 	 562.629 	 85.3422 	 85.4534 	 0.103265 	 827.513 	 4724 	 0.62462 	 467.404 	 869.208 	 840.034 	 692.551 	 0.726161 	 846.175 	 831.994 	 303.132 	 0.360857 	 0 	 0 	 NaN 	 NaN 	 0 	 0 	 0 	 NaN 	 NaN 	 NaN 	 NaN 	 0 	 0 	 NaN 	 NaN 	 0 	 0 	 NaN 	 NaN 	 0 	 0 	 0 	 NaN 	 NaN 	 NaN 	 NaN 	 0 	 0 	 NaN 	 NaN 	  Tumour 
43 	 537.956 	 267.018 	 692.752 	 83.4865 	 6502 	 99.1533 	 84.7084 	 0.519752 	 0.951837 	 333.019 	 1655 	 604.376 	 0.365183 	 971.536 	 1476 	 516.911 	 156.416 	 119.871 	 0.153328 	 781.795 	 7364 	 0.944466 	 359.806 	 545.471 	 574.796 	 427.312 	 0.373802 	 984.402 	 476.876 	 371.775 	 0.646795 	 529 	 2751 	 235.384 	 49.1707 	 8 	 1305.01 	 0.200709 	 72.2152 	 9.90425 	 36.7748 	 15.7059 	 136 	 43 	 66.125 	 30.9674 	 90 	 101 	 171.9 	 2.32248 	 2 	 1669.04 	 0.256696 	 8 	 8 	 8 	 0 	 45 	 45 	 45 	 0 	  Tumour 
44 	 572.078 	 794 	 544.885 	 233.206 	 4928 	 116.616 	 59.3728 	 0.86069 	 0.891139 	 323.404 	 1205.55 	 222.815 	 0.184824 	 493.625 	 1026.56 	 573.583 	 -45.8597 	 122.955 	 0.146643 	 838.467 	 8916 	 0.831174 	 510.701 	 1013.36 	 1575.5 	 1428.01 	 0.662896 	 1694.58 	 1518.62 	 583.493 	 0.370355 	 174 	 783 	 219.098 	 32.8847 	 3 	 953.962 	 0.19358 	 64.6693 	 14.7883 	 43.5377 	 23.0747 	 84 	 38 	 58 	 23.5797 	 67 	 67 	 199.91 	 30.3329 	 1 	 0 	 0 	 NaN 	 NaN 	 NaN 	 NaN 	 67 	 67 	 67 	 0 	  Tumour 
45 	 578.961 	 725.312 	 549.154 	 226 	 2829 	 104.501 	 37.2145 	 0.934441 	 0.850827 	 280.451 	 1238.89 	 298.179 	 0.240682 	 578.432 	 1059.9 	 574.61 	 9.77273 	 116.665 	 0.13897 	 839.493 	 6226 	 0.878014 	 414.274 	 851.696 	 1370.25 	 1222.77 	 0.556196 	 1501.1 	 1277.21 	 599.031 	 0.437168 	 204 	 1660 	 223.314 	 37.1007 	 5 	 438.618 	 0.155044 	 84.2121 	 8.544 	 48.2207 	 29.5572 	 45 	 24 	 40.8 	 9.39149 	 0 	 0 	 NaN 	 NaN 	 0 	 0 	 0 	 NaN 	 NaN 	 NaN 	 NaN 	 0 	 0 	 NaN 	 NaN 	  Tumour 
46 	 580.38 	 88.995 	 572.357 	 176.505 	 4381 	 104.106 	 57.2298 	 0.835346 	 0.843149 	 316.392 	 2044.88 	 652.464 	 0.319072 	 1228.8 	 1865.88 	 321.821 	 11.2752 	 72.9857 	 0.124399 	 586.705 	 4713 	 0.811048 	 343.22 	 455.894 	 433.787 	 286.304 	 0.918919 	 436.787 	 439.61 	 299.465 	 0.69035 	 81 	 152 	 223.383 	 37.1697 	 2 	 654.115 	 0.149307 	 14.0095 	 14.0095 	 14.0095 	 0 	 48 	 33 	 40.5 	 10.6066 	 51 	 52 	 176.804 	 7.2264 	 1 	 0 	 0 	 NaN 	 NaN 	 NaN 	 NaN 	 51 	 51 	 51 	 0 	  DCIS 
47 	 575.768 	 34.0681 	 590.78 	 181.838 	 1820 	 66.8526 	 35.4185 	 0.848123 	 0.934771 	 185.338 	 2005.64 	 761.065 	 0.379462 	 599.531 	 1826.65 	 286.135 	 -12.9335 	 50.3834 	 0.0914368 	 551.019 	 2283 	 0.932598 	 198.995 	 206.597 	 214.018 	 66.5343 	 0.458824 	 183.513 	 223.111 	 38.398 	 0.179415 	 0 	 0 	 NaN 	 NaN 	 0 	 0 	 0 	 NaN 	 NaN 	 NaN 	 NaN 	 0 	 0 	 NaN 	 NaN 	 57 	 59 	 194.088 	 24.5102 	 1 	 0 	 0 	 NaN 	 NaN 	 NaN 	 NaN 	 57 	 57 	 57 	 0 	  DCIS 
48 	 567.649 	 146.703 	 542.575 	 123.693 	 1030 	 41.2417 	 33.1139 	 0.596083 	 0.941499 	 132.225 	 1383.42 	 378.526 	 0.273616 	 790.48 	 1204.43 	 269.038 	 40.8251 	 93.3755 	 0.174886 	 533.922 	 1366 	 0.92673 	 151.397 	 256.662 	 299.784 	 152.3 	 0.514925 	 419.609 	 258.015 	 160.124 	 0.534131 	 0 	 0 	 NaN 	 NaN 	 0 	 0 	 0 	 NaN 	 NaN 	 NaN 	 NaN 	 0 	 0 	 NaN 	 NaN 	 0 	 0 	 NaN 	 NaN 	 0 	 0 	 0 	 NaN 	 NaN 	 NaN 	 NaN 	 0 	 0 	 NaN 	 NaN 	  Other 
49 	 605.926 	 204.552 	 567.186 	 63.1506 	 2571 	 104.675 	 34.1828 	 0.945176 	 0.830963 	 260.007 	 1169.78 	 280.326 	 0.239639 	 512.968 	 990.788 	 299.591 	 -34.3534 	 67.5968 	 0.119752 	 564.475 	 3838 	 0.815728 	 320.735 	 330.607 	 491.913 	 344.43 	 0.402174 	 872.55 	 390.016 	 500.703 	 1.01787 	 0 	 0 	 NaN 	 NaN 	 0 	 0 	 0 	 NaN 	 NaN 	 NaN 	 NaN 	 0 	 0 	 NaN 	 NaN 	 45 	 45 	 177.422 	 7.8447 	 1 	 0 	 0 	 NaN 	 NaN 	 NaN 	 NaN 	 45 	 45 	 45 	 0 	  Fib 
50 	 608.192 	 984.734 	 628.564 	 299.767 	 6323 	 104.015 	 80.5395 	 0.63281 	 0.911226 	 343.706 	 1485.02 	 375.618 	 0.252938 	 553.295 	 1306.02 	 639.862 	 -111.436 	 114.935 	 0.127035 	 904.746 	 10308 	 0.896738 	 452.09 	 1226.53 	 1716.25 	 1568.77 	 0.24937 	 1687.67 	 1669.16 	 565.63 	 0.329573 	 266 	 3641 	 207.643 	 21.4298 	 5 	 886.274 	 0.140167 	 84.2746 	 20.1564 	 54.2925 	 20.7288 	 98 	 19 	 53.2 	 31.4913 	 76 	 347 	 191.013 	 21.4356 	 2 	 726.837 	 0.114951 	 42.6903 	 42.6903 	 42.6903 	 0 	 43 	 33 	 38 	 7.07107 	  Tumour 
51 	 625.848 	 882.656 	 613.385 	 218.433 	 8523 	 119.746 	 91.8212 	 0.641889 	 0.978868 	 362.149 	 1880.87 	 560.273 	 0.29788 	 982.006 	 1701.87 	 720.022 	 -105.196 	 181.416 	 0.184196 	 984.906 	 10316 	 0.951836 	 428.676 	 1475.44 	 1689.93 	 1542.45 	 0.466488 	 1840.65 	 1637.72 	 617.029 	 0.365121 	 931 	 5163 	 244.534 	 58.3208 	 9 	 1614.2 	 0.189393 	 106.226 	 10.7411 	 46.2401 	 23.174 	 187 	 45 	 93.1 	 44.6902 	 50 	 53 	 208.46 	 38.8825 	 1 	 0 	 0 	 NaN 	 NaN 	 NaN 	 NaN 	 50 	 50 	 50 	 0 	  Tumour 
52 	 632.031 	 522.806 	 639.241 	 155.309 	 7600 	 115.083 	 92.2019 	 0.598428 	 0.881466 	 390.96 	 1952.42 	 537.1 	 0.275095 	 1071.24 	 1773.42 	 476.336 	 0.820254 	 76.7534 	 0.10355 	 741.22 	 9609 	 0.919522 	 442.132 	 763.967 	 1086.86 	 939.372 	 0.716535 	 1117.75 	 1075.7 	 488.837 	 0.449772 	 482 	 2608 	 285.218 	 99.0048 	 9 	 2476.55 	 0.325862 	 62.9936 	 10.0232 	 35.1608 	 15.662 	 91 	 30 	 53.5556 	 17.3429 	 219 	 1517 	 213.356 	 43.7786 	 4 	 2005.79 	 0.26392 	 66.3061 	 21.0238 	 38.984 	 18.1359 	 84 	 45 	 54.75 	 19.5 	  Tumour 
53 	 618.131 	 266.724 	 753.382 	 63.1506 	 3272 	 82.5928 	 52.0608 	 0.776326 	 0.925601 	 249.966 	 1341.4 	 394.804 	 0.294322 	 747.354 	 1162.41 	 390.977 	 71.3194 	 149.816 	 0.228427 	 655.861 	 4018 	 0.945189 	 264.894 	 361.107 	 394.146 	 246.663 	 0.339056 	 703.557 	 329.623 	 381.752 	 0.968556 	 0 	 0 	 NaN 	 NaN 	 0 	 0 	 0 	 NaN 	 NaN 	 NaN 	 NaN 	 0 	 0 	 NaN 	 NaN 	 34 	 34 	 201.618 	 32.0401 	 1 	 0 	 0 	 NaN 	 NaN 	 NaN 	 NaN 	 34 	 34 	 34 	 0 	  Tumour 
54 	 599.035 	 133.058 	 576.24 	 135.34 	 743 	 34.5737 	 28.7594 	 0.555032 	 0.936948 	 111.154 	 1333.54 	 340.763 	 0.255533 	 748.824 	 1154.55 	 282.058 	 11.3245 	 62.2518 	 0.113818 	 546.942 	 1324 	 0.923291 	 158.711 	 399.44 	 454.978 	 307.495 	 0.572464 	 563.759 	 411.774 	 281.782 	 0.619331 	 0 	 0 	 NaN 	 NaN 	 0 	 0 	 0 	 NaN 	 NaN 	 NaN 	 NaN 	 0 	 0 	 NaN 	 NaN 	 0 	 0 	 NaN 	 NaN 	 0 	 0 	 0 	 NaN 	 NaN 	 NaN 	 NaN 	 0 	 0 	 NaN 	 NaN 	  Other 
55 	 637.234 	 589.671 	 624.782 	 178.443 	 3781 	 106.418 	 50.3988 	 0.880744 	 0.868596 	 278.309 	 1549.66 	 397.037 	 0.25621 	 1039.82 	 1370.66 	 389.774 	 45.5755 	 150.69 	 0.230182 	 654.658 	 4814 	 0.874319 	 317.966 	 824.959 	 839.493 	 692.01 	 0.412587 	 1328.69 	 708.682 	 647.724 	 0.771565 	 32 	 32 	 206.969 	 20.7557 	 1 	 0 	 0 	 NaN 	 NaN 	 NaN 	 NaN 	 32 	 32 	 32 	 0 	 35 	 36 	 220.714 	 51.1368 	 1 	 0 	 0 	 NaN 	 NaN 	 NaN 	 NaN 	 35 	 35 	 35 	 0 	  Tumour 
56 	 632.026 	 24.87 	 645.21 	 129.653 	 2108 	 67.1252 	 40.7604 	 0.794527 	 0.914534 	 197.196 	 1758.31 	 631.989 	 0.359431 	 1146.84 	 1579.31 	 152.983 	 5.10051 	 24.2945 	 0.0581393 	 417.867 	 2530 	 0.933924 	 209.196 	 166.358 	 174.898 	 27.4145 	 0.510753 	 191.674 	 173.352 	 19.1389 	 0.109429 	 0 	 0 	 NaN 	 NaN 	 0 	 0 	 0 	 NaN 	 NaN 	 NaN 	 NaN 	 0 	 0 	 NaN 	 NaN 	 0 	 0 	 NaN 	 NaN 	 0 	 0 	 0 	 NaN 	 NaN 	 NaN 	 NaN 	 0 	 0 	 NaN 	 NaN 	  DCIS 
57 	 642.746 	 72.7973 	 636.94 	 112.219 	 2590 	 78.9065 	 42.6441 	 0.841384 	 0.926323 	 221.966 	 1681.8 	 500.993 	 0.297891 	 1002.93 	 1502.81 	 229.034 	 -31.2423 	 39.0574 	 0.0790767 	 493.918 	 3307 	 0.909266 	 262.451 	 369.098 	 397.889 	 250.406 	 0.628319 	 367.014 	 406.172 	 279.201 	 0.701706 	 0 	 0 	 NaN 	 NaN 	 0 	 0 	 0 	 NaN 	 NaN 	 NaN 	 NaN 	 0 	 0 	 NaN 	 NaN 	 0 	 0 	 NaN 	 NaN 	 0 	 0 	 0 	 NaN 	 NaN 	 NaN 	 NaN 	 0 	 0 	 NaN 	 NaN 	  DCIS 
58 	 657.963 	 158.793 	 626.929 	 115.169 	 2172 	 59.6985 	 48.0154 	 0.594224 	 0.912222 	 197.38 	 1133.3 	 263.915 	 0.232873 	 538.245 	 954.308 	 159.894 	 -21.4151 	 41.8405 	 0.0984997 	 424.778 	 2666 	 0.92345 	 214.066 	 171.773 	 193.251 	 45.768 	 0.185792 	 166.941 	 196.512 	 59.1766 	 0.306216 	 0 	 0 	 NaN 	 NaN 	 0 	 0 	 0 	 NaN 	 NaN 	 NaN 	 NaN 	 0 	 0 	 NaN 	 NaN 	 0 	 0 	 NaN 	 NaN 	 0 	 0 	 0 	 NaN 	 NaN 	 NaN 	 NaN 	 0 	 0 	 NaN 	 NaN 	  DCIS 
59 	 704.398 	 830.464 	 680.25 	 124.201 	 5644 	 150.508 	 51.7744 	 0.93897 	 0.819515 	 386.617 	 1389.94 	 342.002 	 0.246055 	 575.669 	 1210.95 	 610.912 	 -115.657 	 128.828 	 0.147098 	 875.796 	 8292 	 0.844227 	 476.215 	 1357.97 	 1690.99 	 1543.51 	 0.5875 	 1485.83 	 1757.3 	 809.108 	 0.478482 	 321 	 1115 	 223.822 	 37.6094 	 4 	 2490.6 	 0.441283 	 71.4003 	 21.0238 	 40.7957 	 18.6785 	 186 	 45 	 80.25 	 70.5 	 0 	 0 	 NaN 	 NaN 	 0 	 0 	 0 	 NaN 	 NaN 	 NaN 	 NaN 	 0 	 0 	 NaN 	 NaN 	  Tumour 
60 	 692.72 	 84.1514 	 680.537 	 64.56 	 1704 	 75.4586 	 32.4083 	 0.903074 	 0.832438 	 204.066 	 1250.23 	 320.493 	 0.256348 	 635.619 	 1071.23 	 305.234 	 29.129 	 63.3209 	 0.111066 	 570.118 	 2273 	 0.824148 	 237.137 	 361.287 	 438.181 	 290.698 	 0.480392 	 466.408 	 420.997 	 248.088 	 0.566176 	 0 	 0 	 NaN 	 NaN 	 0 	 0 	 0 	 NaN 	 NaN 	 NaN 	 NaN 	 0 	 0 	 NaN 	 NaN 	 0 	 0 	 NaN 	 NaN 	 0 	 0 	 0 	 NaN 	 NaN 	 NaN 	 NaN 	 0 	 0 	 NaN 	 NaN 	  DCIS 
61 	 723.702 	 512.646 	 729.562 	 78.492 	 4527 	 96.2301 	 61.7106 	 0.767306 	 0.906851 	 290.836 	 1487.57 	 433.516 	 0.291426 	 783.77 	 1308.57 	 448.275 	 55.0693 	 113.655 	 0.159368 	 713.159 	 5774 	 0.838757 	 383.706 	 831.919 	 757.931 	 610.448 	 0.197605 	 898.682 	 730.814 	 527.458 	 0.695918 	 0 	 0 	 NaN 	 NaN 	 0 	 0 	 0 	 NaN 	 NaN 	 NaN 	 NaN 	 0 	 0 	 NaN 	 NaN 	 45 	 45 	 180.267 	 10.6891 	 1 	 0 	 0 	 NaN 	 NaN 	 NaN 	 NaN 	 45 	 45 	 45 	 0 	  Tumour 
62 	 755.125 	 65.6553 	 988.539 	 64.56 	 6998 	 116.404 	 78.7975 	 0.736044 	 0.961132 	 338.735 	 2266.32 	 882.896 	 0.389573 	 1440.25 	 2087.32 	 498.243 	 150.736 	 102.468 	 0.134273 	 763.127 	 7946 	 0.950592 	 368.735 	 398.494 	 398.052 	 250.569 	 0.185185 	 577.85 	 378.085 	 166.475 	 0.418224 	 431 	 844 	 284.536 	 98.3229 	 2 	 1058.9 	 0.151315 	 34.6624 	 13.861 	 23.8344 	 9.32621 	 255 	 73 	 143.667 	 97.5773 	 90 	 271 	 194.222 	 24.6447 	 2 	 1473.04 	 0.210494 	 28.2312 	 28.2312 	 28.2312 	 0 	 45 	 45 	 45 	 0 	  Tumour 
63 	 777.294 	 848.44 	 755.056 	 96.566 	 3708 	 112.471 	 44.6407 	 0.917858 	 0.87165 	 301.362 	 1298.5 	 358.711 	 0.276251 	 716.415 	 1119.5 	 381.025 	 110.991 	 126.966 	 0.196569 	 645.909 	 5419 	 0.809531 	 434.96 	 495.814 	 622.702 	 475.218 	 0.301075 	 912.795 	 566.314 	 499.268 	 0.801778 	 45 	 45 	 186.467 	 0.253649 	 1 	 0 	 0 	 NaN 	 NaN 	 NaN 	 NaN 	 45 	 45 	 45 	 0 	 45 	 45 	 195.911 	 26.3336 	 1 	 0 	 0 	 NaN 	 NaN 	 NaN 	 NaN 	 45 	 45 	 45 	 0 	  Tumour 
64 	 768.191 	 447.815 	 738.033 	 78.492 	 2873 	 75.321 	 50.1396 	 0.746239 	 0.915843 	 233.421 	 1251.01 	 345.666 	 0.276309 	 684.631 	 1072.02 	 268.01 	 -29.2135 	 81.2705 	 0.152508 	 532.894 	 4269 	 0.797944 	 356.777 	 491.729 	 546.548 	 399.064 	 0.259016 	 744.063 	 521.454 	 530.387 	 0.970432 	 0 	 0 	 NaN 	 NaN 	 0 	 0 	 0 	 NaN 	 NaN 	 NaN 	 NaN 	 0 	 0 	 NaN 	 NaN 	 0 	 0 	 NaN 	 NaN 	 0 	 0 	 0 	 NaN 	 NaN 	 NaN 	 NaN 	 0 	 0 	 NaN 	 NaN 	  DCIS 
65 	 803.097 	 755.182 	 885.804 	 96.566 	 3179 	 108.075 	 38.3625 	 0.934881 	 0.909585 	 278.007 	 1780.48 	 606.249 	 0.340498 	 1272.05 	 1601.48 	 276.65 	 57.9375 	 58.6328 	 0.108272 	 541.534 	 3678 	 0.911073 	 296.007 	 204.828 	 202.502 	 55.0186 	 0.380392 	 200.093 	 202.801 	 22.86 	 0.112888 	 92 	 379 	 182.228 	 -3.98476 	 2 	 1130.51 	 0.355617 	 41.4813 	 41.4813 	 41.4813 	 0 	 47 	 45 	 46 	 1.41421 	 38 	 39 	 199.553 	 29.9751 	 1 	 0 	 0 	 NaN 	 NaN 	 NaN 	 NaN 	 38 	 38 	 38 	 0 	  Fib 
66 	 839.093 	 513.696 	 822.685 	 82.6378 	 4150 	 127.547 	 45.2109 	 0.93507 	 0.865846 	 329.304 	 1532.67 	 498.275 	 0.325103 	 868.335 	 1353.68 	 270.837 	 54.0124 	 53.6975 	 0.100234 	 535.721 	 4867 	 0.859742 	 347.848 	 208.19 	 199.014 	 51.5302 	 0.346939 	 195.118 	 199.5 	 26.162 	 0.131458 	 94 	 177 	 194.021 	 7.80826 	 2 	 1278.61 	 0.308098 	 16.7016 	 16.7016 	 16.7016 	 0 	 58 	 36 	 47 	 15.5563 	 0 	 0 	 NaN 	 NaN 	 0 	 0 	 0 	 NaN 	 NaN 	 NaN 	 NaN 	 0 	 0 	 NaN 	 NaN 	  DCIS 
67 	 808.307 	 538.988 	 800.112 	 87.9318 	 1780 	 68.0723 	 36.1963 	 0.846912 	 0.902637 	 200.309 	 1246.04 	 313.294 	 0.251431 	 608.389 	 1067.05 	 170.333 	 -12.4099 	 32.6068 	 0.0749206 	 435.217 	 2349 	 0.915076 	 215.581 	 181.311 	 192.417 	 44.9337 	 0.385027 	 191.278 	 194.113 	 40.4145 	 0.210036 	 0 	 0 	 NaN 	 NaN 	 0 	 0 	 0 	 NaN 	 NaN 	 NaN 	 NaN 	 0 	 0 	 NaN 	 NaN 	 0 	 0 	 NaN 	 NaN 	 0 	 0 	 0 	 NaN 	 NaN 	 NaN 	 NaN 	 0 	 0 	 NaN 	 NaN 	  DCIS 
68 	 831.695 	 270.158 	 786.397 	 171.05 	 2656 	 99.8011 	 36.0198 	 0.932598 	 0.86769 	 250.451 	 1099.02 	 258.532 	 0.235239 	 648.605 	 920.025 	 322.571 	 89.0724 	 57.0186 	 0.0970604 	 587.455 	 3373 	 0.894695 	 263.823 	 165.171 	 145.641 	 -1.84234 	 0 	 0 	 0 	 22.0637 	 0.151494 	 51 	 52 	 179.549 	 -6.664 	 1 	 0 	 0 	 NaN 	 NaN 	 NaN 	 NaN 	 51 	 51 	 51 	 0 	 75 	 332 	 170.28 	 0.702481 	 2 	 29.2527 	 0.0110138 	 46.5195 	 46.5195 	 46.5195 	 0 	 45 	 30 	 37.5 	 10.6066 	  Fib 
69 	 851.158 	 779.236 	 939.298 	 101.178 	 3493 	 146.985 	 36.112 	 0.96935 	 0.793683 	 334.919 	 1523.14 	 463.353 	 0.304209 	 1048 	 1344.14 	 247.059 	 95.0587 	 57.7436 	 0.112793 	 511.943 	 4427 	 0.834181 	 355.605 	 168.804 	 166.739 	 19.2559 	 0.320132 	 201.495 	 160.754 	 36.3758 	 0.21816 	 10 	 10 	 198.5 	 12.287 	 1 	 0 	 0 	 NaN 	 NaN 	 NaN 	 NaN 	 10 	 10 	 10 	 0 	 0 	 0 	 NaN 	 NaN 	 0 	 0 	 0 	 NaN 	 NaN 	 NaN 	 NaN 	 0 	 0 	 NaN 	 NaN 	  Fib 
70 	 869.096 	 437.396 	 891.36 	 82.6378 	 5278 	 94.0175 	 72.3651 	 0.638408 	 0.957026 	 290.007 	 2140.61 	 727.327 	 0.339776 	 1348.59 	 1961.61 	 541.299 	 48.5735 	 91.0679 	 0.112962 	 806.183 	 6894 	 0.937704 	 378.635 	 564.768 	 815.187 	 667.704 	 0.356495 	 934.068 	 784.623 	 382.269 	 0.468934 	 246 	 1233 	 245.72 	 59.5065 	 5 	 667.145 	 0.126401 	 45.6037 	 10.8443 	 29.3537 	 11.8594 	 81 	 8 	 49.2 	 27.6622 	 0 	 0 	 NaN 	 NaN 	 0 	 0 	 0 	 NaN 	 NaN 	 NaN 	 NaN 	 0 	 0 	 NaN 	 NaN 	  Tumour 
71 	 884.671 	 598.971 	 892.377 	 162.788 	 3141 	 105.131 	 39.59 	 0.926386 	 0.917616 	 274.451 	 1186.13 	 322.664 	 0.272031 	 618.022 	 1007.14 	 317.583 	 -14.9218 	 130.355 	 0.223799 	 582.467 	 3880 	 0.937424 	 276.61 	 180.47 	 185.715 	 38.2321 	 0 	 0 	 0 	 60.4019 	 0.325239 	 0 	 0 	 NaN 	 NaN 	 0 	 0 	 0 	 NaN 	 NaN 	 NaN 	 NaN 	 0 	 0 	 NaN 	 NaN 	 0 	 0 	 NaN 	 NaN 	 0 	 0 	 0 	 NaN 	 NaN 	 NaN 	 NaN 	 0 	 0 	 NaN 	 NaN 	  DCIS 
72 	 905.913 	 322.325 	 860.424 	 116.76 	 1057 	 37.3149 	 37.0251 	 0.124405 	 0.938721 	 128.811 	 1271.56 	 437.147 	 0.343787 	 660.741 	 1092.57 	 285.922 	 39.4212 	 88.4707 	 0.16062 	 550.806 	 1352 	 0.950105 	 144.225 	 153.564 	 154.381 	 6.89759 	 0.277778 	 174.971 	 151.781 	 32.5812 	 0.211044 	 0 	 0 	 NaN 	 NaN 	 0 	 0 	 0 	 NaN 	 NaN 	 NaN 	 NaN 	 0 	 0 	 NaN 	 NaN 	 0 	 0 	 NaN 	 NaN 	 0 	 0 	 0 	 NaN 	 NaN 	 NaN 	 NaN 	 0 	 0 	 NaN 	 NaN 	  Other 
73 	 938.688 	 433.598 	 958.487 	 110.345 	 3655 	 90.8528 	 57.3085 	 0.775959 	 0.78232 	 294.208 	 2206.94 	 657.516 	 0.297931 	 1259.14 	 2027.95 	 546.566 	 -44.4437 	 126.814 	 0.15628 	 811.45 	 4767 	 0.807692 	 333.522 	 634.122 	 864.085 	 716.601 	 0.545763 	 1248.5 	 703.4 	 639.86 	 0.740506 	 233 	 784 	 281.009 	 94.7956 	 3 	 761.833 	 0.208436 	 33.4534 	 22.2425 	 27.2954 	 5.08625 	 104 	 54 	 77.6667 	 25.1064 	 42 	 44 	 227.571 	 57.9939 	 1 	 0 	 0 	 NaN 	 NaN 	 NaN 	 NaN 	 42 	 42 	 42 	 0 	  Tumour 
74 	 956.729 	 63.0613 	 940.077 	 202.022 	 2804 	 95.437 	 41.6078 	 0.89996 	 0.859595 	 247.38 	 2110.58 	 858.903 	 0.406951 	 1336.79 	 1931.59 	 235.213 	 8.63191 	 52.1798 	 0.104339 	 500.097 	 3692 	 0.871989 	 294.108 	 237.194 	 258.762 	 111.278 	 0 	 0 	 0 	 187.928 	 0.726259 	 0 	 0 	 NaN 	 NaN 	 0 	 0 	 0 	 NaN 	 NaN 	 NaN 	 NaN 	 0 	 0 	 NaN 	 NaN 	 0 	 0 	 NaN 	 NaN 	 0 	 0 	 0 	 NaN 	 NaN 	 NaN 	 NaN 	 0 	 0 	 NaN 	 NaN 	  DCIS 
75 	 969.856 	 297.85 	 924.005 	 117.201 	 3800 	 106.819 	 46.6082 	 0.899786 	 0.937115 	 280.735 	 1459.8 	 477.084 	 0.326814 	 920.529 	 1280.81 	 391.282 	 47.8127 	 89.0697 	 0.135743 	 656.166 	 4595 	 0.938713 	 296.108 	 174.523 	 166.252 	 18.7686 	 0.135659 	 169.8 	 166.516 	 30.3328 	 0.182451 	 0 	 0 	 NaN 	 NaN 	 0 	 0 	 0 	 NaN 	 NaN 	 NaN 	 NaN 	 0 	 0 	 NaN 	 NaN 	 0 	 0 	 NaN 	 NaN 	 0 	 0 	 0 	 NaN 	 NaN 	 NaN 	 NaN 	 0 	 0 	 NaN 	 NaN 	  DCIS 
76 	 950.58 	 692.943 	 988.65 	 233.026 	 2140 	 58.9025 	 46.7592 	 0.608127 	 0.974499 	 180.51 	 1486.52 	 586.139 	 0.394302 	 998.236 	 1307.53 	 234.562 	 72.5411 	 40.4696 	 0.081029 	 499.446 	 2618 	 0.978692 	 194.225 	 159.089 	 151.608 	 4.12459 	 0 	 0 	 0 	 21.6576 	 0.142853 	 44 	 44 	 219.659 	 33.4461 	 1 	 0 	 0 	 NaN 	 NaN 	 NaN 	 NaN 	 44 	 44 	 44 	 0 	 90 	 94 	 195.933 	 26.3558 	 1 	 0 	 0 	 NaN 	 NaN 	 NaN 	 NaN 	 90 	 90 	 90 	 0 	  DCIS 
77 	 962.201 	 972.322 	 1139.03 	 222.713 	 1304 	 64.8792 	 26.1516 	 0.915165 	 0.940837 	 163.539 	 1118.02 	 310.745 	 0.277942 	 695.349 	 939.026 	 150.513 	 50.8246 	 28.9114 	 0.0695996 	 415.396 	 1763 	 0.957632 	 177.397 	 146.31 	 143.806 	 -3.67711 	 0 	 0 	 0 	 35.1318 	 0.2443 	 0 	 0 	 NaN 	 NaN 	 0 	 0 	 0 	 NaN 	 NaN 	 NaN 	 NaN 	 0 	 0 	 NaN 	 NaN 	 0 	 0 	 NaN 	 NaN 	 0 	 0 	 0 	 NaN 	 NaN 	 NaN 	 NaN 	 0 	 0 	 NaN 	 NaN 	  Other 
78 	 993.134 	 545.331 	 979.443 	 98.4124 	 2369 	 70.5951 	 45.1568 	 0.768659 	 0.89871 	 218.451 	 1824.65 	 695.264 	 0.38104 	 1243.56 	 1645.66 	 272.465 	 36.8162 	 69.851 	 0.129992 	 537.349 	 2902 	 0.914016 	 230.309 	 190.707 	 198.929 	 51.4459 	 0.186869 	 200.297 	 198.62 	 53.7378 	 0.270135 	 77 	 466 	 184.792 	 -1.42081 	 2 	 207.512 	 0.0875947 	 52.9803 	 52.9803 	 52.9803 	 0 	 40 	 37 	 38.5 	 2.12132 	 43 	 44 	 181.116 	 11.5388 	 1 	 0 	 0 	 NaN 	 NaN 	 NaN 	 NaN 	 43 	 43 	 43 	 0 	  DCIS 
79 	 1003.58 	 201.408 	 962.601 	 194.363 	 2986 	 84.0645 	 46.0671 	 0.83648 	 0.974543 	 226.309 	 1578.9 	 642.103 	 0.406677 	 1049.71 	 1399.91 	 298.513 	 66.8041 	 59.6841 	 0.105936 	 563.397 	 3620 	 0.980233 	 242.51 	 146.769 	 133.944 	 -13.5389 	 0 	 0 	 0 	 19.5749 	 0.146142 	 85 	 89 	 204.435 	 18.2223 	 1 	 0 	 0 	 NaN 	 NaN 	 NaN 	 NaN 	 85 	 85 	 85 	 0 	 0 	 0 	 NaN 	 NaN 	 0 	 0 	 0 	 NaN 	 NaN 	 NaN 	 NaN 	 0 	 0 	 NaN 	 NaN 	  DCIS 
80 	 1019.37 	 358.229 	 975.037 	 39.9625 	 4259 	 122.722 	 48.9676 	 0.916945 	 0.850779 	 308.492 	 1675.02 	 627.286 	 0.374495 	 1026.17 	 1496.02 	 353.979 	 -51.7532 	 116.609 	 0.188425 	 618.863 	 5828 	 0.768561 	 388.191 	 488.981 	 667.58 	 520.097 	 0.464286 	 1058.14 	 533.107 	 740.263 	 1.10888 	 0 	 0 	 NaN 	 NaN 	 0 	 0 	 0 	 NaN 	 NaN 	 NaN 	 NaN 	 0 	 0 	 NaN 	 NaN 	 0 	 0 	 NaN 	 NaN 	 0 	 0 	 0 	 NaN 	 NaN 	 NaN 	 NaN 	 0 	 0 	 NaN 	 NaN 	  Fib 
81 	 1002.23 	 447.11 	 1014.63 	 81.2712 	 2187 	 71.9217 	 41.0581 	 0.821039 	 0.929452 	 200.711 	 2162.44 	 644.841 	 0.298201 	 1236.43 	 1983.44 	 422.259 	 -110.099 	 99.3254 	 0.144548 	 687.143 	 3118 	 0.917059 	 243.782 	 659.835 	 982.851 	 835.367 	 0.475113 	 1502.94 	 798.442 	 739.946 	 0.752857 	 0 	 0 	 NaN 	 NaN 	 0 	 0 	 0 	 NaN 	 NaN 	 NaN 	 NaN 	 0 	 0 	 NaN 	 NaN 	 0 	 0 	 NaN 	 NaN 	 0 	 0 	 0 	 NaN 	 NaN 	 NaN 	 NaN 	 0 	 0 	 NaN 	 NaN 	  Tumour 
82 	 1039.7 	 391.855 	 1067.62 	 39.9625 	 2478 	 72.2865 	 44.1923 	 0.791361 	 0.923593 	 212.066 	 1410.89 	 427.086 	 0.302707 	 754.459 	 1231.89 	 608.231 	 -99.6155 	 208.268 	 0.238535 	 873.115 	 4428 	 0.881896 	 310.492 	 999.496 	 948.322 	 800.839 	 0.505618 	 864.37 	 970.198 	 792.469 	 0.835654 	 104 	 111 	 237.894 	 51.6812 	 1 	 0 	 0 	 NaN 	 NaN 	 NaN 	 NaN 	 104 	 104 	 104 	 0 	 34 	 36 	 214.882 	 45.3048 	 1 	 0 	 0 	 NaN 	 NaN 	 NaN 	 NaN 	 34 	 34 	 34 	 0 	  Tumour 
83 	 1048.24 	 513.868 	 1025.65 	 81.2712 	 2957 	 70.6869 	 53.5469 	 0.652809 	 0.966972 	 215.38 	 2070.85 	 854.487 	 0.412626 	 1266.33 	 1891.86 	 252.917 	 12.6982 	 49.9444 	 0.0964549 	 517.8 	 4012 	 0.93826 	 264.108 	 324.413 	 413.181 	 265.698 	 0.168142 	 196.947 	 428.495 	 498.178 	 1.20571 	 103 	 192 	 197.214 	 11.0006 	 2 	 517.794 	 0.175108 	 17.3125 	 17.3125 	 17.3125 	 0 	 52 	 51 	 51.5 	 0.707107 	 98 	 167 	 172.582 	 3.00411 	 2 	 1134.01 	 0.383499 	 15.1261 	 15.1261 	 15.1261 	 0 	 56 	 42 	 49 	 9.89949 	  DCIS 
84 	 1078.65 	 681.617 	 1103.11 	 247.293 	 1315 	 57.1806 	 30.3303 	 0.847729 	 0.93661 	 152.953 	 1182.81 	 257.914 	 0.218053 	 790.808 	 1003.81 	 359.067 	 23.4788 	 50.4099 	 0.0807915 	 623.951 	 1749 	 0.959408 	 170.225 	 229.049 	 223.066 	 75.5824 	 0 	 0 	 0 	 67.4568 	 0.302408 	 0 	 0 	 NaN 	 NaN 	 0 	 0 	 0 	 NaN 	 NaN 	 NaN 	 NaN 	 0 	 0 	 NaN 	 NaN 	 0 	 0 	 NaN 	 NaN 	 0 	 0 	 0 	 NaN 	 NaN 	 NaN 	 NaN 	 0 	 0 	 NaN 	 NaN 	  DCIS 
85 	 1115.55 	 594.191 	 1110.99 	 186.024 	 1918 	 54.9625 	 45.302 	 0.56625 	 0.980072 	 167.983 	 2373.43 	 775.159 	 0.326599 	 952.263 	 2194.43 	 437.551 	 24.8818 	 42.0329 	 0.0598388 	 702.435 	 2394 	 0.977941 	 187.64 	 303.225 	 279.692 	 132.209 	 0 	 0 	 0 	 76.6724 	 0.274131 	 0 	 0 	 NaN 	 NaN 	 0 	 0 	 0 	 NaN 	 NaN 	 NaN 	 NaN 	 0 	 0 	 NaN 	 NaN 	 0 	 0 	 NaN 	 NaN 	 0 	 0 	 0 	 NaN 	 NaN 	 NaN 	 NaN 	 0 	 0 	 NaN 	 NaN 	  DCIS 
86 	 1171.37 	 255.157 	 1125.71 	 151.212 	 3308 	 104.336 	 41.0514 	 0.919344 	 0.949483 	 263.948 	 1318.86 	 439.97 	 0.333599 	 742.272 	 1139.86 	 249.306 	 50.2464 	 109.582 	 0.213116 	 514.19 	 4106 	 0.959346 	 279.563 	 170.712 	 177.064 	 29.5807 	 0 	 0 	 0 	 39.2214 	 0.22151 	 0 	 0 	 NaN 	 NaN 	 0 	 0 	 0 	 NaN 	 NaN 	 NaN 	 NaN 	 0 	 0 	 NaN 	 NaN 	 0 	 0 	 NaN 	 NaN 	 0 	 0 	 0 	 NaN 	 NaN 	 NaN 	 NaN 	 0 	 0 	 NaN 	 NaN 	  DCIS 
87 	 1179.43 	 405.419 	 1138.33 	 120.304 	 2842 	 73.85 	 51.2803 	 0.719603 	 0.923627 	 227.179 	 2082.41 	 819.469 	 0.393519 	 988.929 	 1903.42 	 438.552 	 36.8704 	 89.8367 	 0.127711 	 703.436 	 4242 	 0.935391 	 281.907 	 559.269 	 669.959 	 522.476 	 0 	 0 	 0 	 470.082 	 0.701658 	 84 	 85 	 278.5 	 92.287 	 1 	 0 	 0 	 NaN 	 NaN 	 NaN 	 NaN 	 84 	 84 	 84 	 0 	 45 	 45 	 219.489 	 49.9114 	 1 	 0 	 0 	 NaN 	 NaN 	 NaN 	 NaN 	 45 	 45 	 45 	 0 	  DCIS 
88 	 1233.94 	 815.875 	 1297.22 	 435.873 	 3404 	 126.228 	 35.6866 	 0.959204 	 0.891099 	 300.191 	 1067.53 	 170.763 	 0.159962 	 669.614 	 888.532 	 314.255 	 49.5969 	 89.4063 	 0.154378 	 579.139 	 4253 	 0.911487 	 316.049 	 194.158 	 186.097 	 38.6137 	 0.0708955 	 134.684 	 187.238 	 67.577 	 0.363128 	 43 	 44 	 167.395 	 -18.8177 	 1 	 0 	 0 	 NaN 	 NaN 	 NaN 	 NaN 	 43 	 43 	 43 	 0 	 0 	 0 	 NaN 	 NaN 	 0 	 0 	 0 	 NaN 	 NaN 	 NaN 	 NaN 	 0 	 0 	 NaN 	 NaN 	  Fib 
89 	 1236.88 	 81.7622 	 1209.9 	 274.591 	 1884 	 72.9792 	 33.1955 	 0.890562 	 0.957317 	 185.439 	 1370.46 	 340.427 	 0.248404 	 889.402 	 1191.46 	 97.6245 	 18.7243 	 32.0923 	 0.0885283 	 362.508 	 2422 	 0.962639 	 201.782 	 134.444 	 124.045 	 -23.4387 	 0 	 0 	 0 	 40.2592 	 0.324554 	 0 	 0 	 NaN 	 NaN 	 0 	 0 	 0 	 NaN 	 NaN 	 NaN 	 NaN 	 0 	 0 	 NaN 	 NaN 	 0 	 0 	 NaN 	 NaN 	 0 	 0 	 0 	 NaN 	 NaN 	 NaN 	 NaN 	 0 	 0 	 NaN 	 NaN 	  DCIS 
90 	 1286.96 	 352.193 	 1314.93 	 93.6056 	 8416 	 109.997 	 97.7457 	 0.458643 	 0.971712 	 363.747 	 2112.36 	 893.442 	 0.422959 	 1501.98 	 1933.37 	 368.26 	 95.2828 	 108.459 	 0.171302 	 633.144 	 9932 	 0.91497 	 437.747 	 307.338 	 390.173 	 242.69 	 0.191601 	 1119.66 	 311.964 	 409.679 	 1.04999 	 257 	 1014 	 240.802 	 54.5885 	 3 	 2116.41 	 0.251474 	 45.1177 	 26.7966 	 34.0522 	 8.70875 	 103 	 70 	 85.6667 	 16.563 	 0 	 0 	 NaN 	 NaN 	 0 	 0 	 0 	 NaN 	 NaN 	 NaN 	 NaN 	 0 	 0 	 NaN 	 NaN 	  Tumour 
91 	 1300.24 	 946.618 	 1413.37 	 532.288 	 2843 	 84.0768 	 43.6535 	 0.854647 	 0.962098 	 220.167 	 1571.25 	 516.122 	 0.328478 	 1158.33 	 1392.26 	 91.5033 	 21.7749 	 57.7655 	 0.162086 	 356.387 	 3456 	 0.966443 	 236.953 	 145.506 	 141.763 	 -5.72057 	 0 	 0 	 0 	 35.2699 	 0.248795 	 0 	 0 	 NaN 	 NaN 	 0 	 0 	 0 	 NaN 	 NaN 	 NaN 	 NaN 	 0 	 0 	 NaN 	 NaN 	 45 	 45 	 127.333 	 -42.2442 	 1 	 0 	 0 	 NaN 	 NaN 	 NaN 	 NaN 	 45 	 45 	 45 	 0 	  DCIS 
92 	 1322.5 	 752.223 	 1356.31 	 401.617 	 3613 	 165.719 	 29.9328 	 0.983552 	 0.871022 	 376.215 	 1095.79 	 235.735 	 0.215129 	 646.338 	 916.792 	 170.541 	 30.2469 	 59.5318 	 0.136721 	 435.425 	 4778 	 0.889427 	 402.759 	 130.229 	 128.467 	 -19.0163 	 0.0598802 	 132.65 	 127.704 	 32.1412 	 0.25019 	 0 	 0 	 NaN 	 NaN 	 0 	 0 	 0 	 NaN 	 NaN 	 NaN 	 NaN 	 0 	 0 	 NaN 	 NaN 	 0 	 0 	 0 	 -169.578 	 0 	 0 	 0 	 NaN 	 NaN 	 NaN 	 NaN 	 0 	 0 	 NaN 	 NaN 	  Fib 
93 	 1315.7 	 263.276 	 1270.4 	 93.6056 	 1812 	 55.3836 	 42.1015 	 0.649713 	 0.940322 	 173.238 	 1413.03 	 516.967 	 0.365857 	 782.385 	 1234.04 	 310.172 	 44.1848 	 67.8101 	 0.117919 	 575.056 	 2804 	 0.803208 	 271.179 	 438.292 	 563.113 	 415.629 	 0.320346 	 1018 	 455.933 	 622.603 	 1.10565 	 43 	 44 	 166.907 	 -19.306 	 1 	 0 	 0 	 NaN 	 NaN 	 NaN 	 NaN 	 43 	 43 	 43 	 0 	 0 	 0 	 0 	 -169.578 	 0 	 0 	 0 	 NaN 	 NaN 	 NaN 	 NaN 	 0 	 0 	 NaN 	 NaN 	  DCIS 
