rownames 	XLoc 	YLoc 	NNDistSame 	NNDistOpp 	dapi_Area 	dapi_MajorAxisLength 	dapi_MinorAxisLength 	dapi_Eccentricity 	dapi_Solidity 	dapi_Perimeter 	dapi_MeanIntensity 	dapi_PixelSD 	dapi_PixelCV 	dapi_NucAdjustedInt 	dapi_BackAdjustedInt 	cent_Area 	cent_ConvexArea 	cent_MeanIntensity 	cent_BackAdjustedInt 	cent_CN 	cent_AreaSD 	cent_CoeffVar 	cent_MaxSpotDist 	cent_MinSpotDist 	cent_MeanSpotDist 	cent_SDSpotDist 	cent_SpotAreaMax 	cent_SpotAreaMin 	cent_SpotAreaMean 	cent_SpotAreaSD 	memb_Area 	memb_Solidity 	memb_Perimeter 	memb_MeanIntensity 	memb_MembraneIntensity 	memb_temp 	memb_pcTouch 	memb_OverLapIntensity 	memb_nonLapIntensity 	memb_PixelSD 	memb_PixelCV 	nucl_BackgroundAdjust 	nucl_NuclearAdjustedInt 	nucl_PixelSD 	nucl_PixelCV 	nucl_MeanIntensity 	Her2_Area 	Her2_ConvexArea 	Her2_MeanIntensity 	Her2_BackAdjustedInt 	Her2_CN 	Her2_AreaSD 	Her2_CoeffVar 	Her2_MaxSpotDist 	Her2_MinSpotDist 	Her2_MeanSpotDist 	Her2_SDSpotDist 	Her2_SpotAreaMax 	Her2_SpotAreaMin 	Her2_SpotAreaMean 	Her2_SpotAreaSD 	CellLabels 	
1 	 70.5533 	 49.0139 	 132.774 	 420.672 	 2512 	 66.3559 	 48.6728 	 0.679678 	 0.973266 	 194.066 	 1255.2 	 513.082 	 0.408764 	 320.648 	 1174.68 	 0 	 0 	 NaN 	 NaN 	 0 	 0 	 0 	 NaN 	 NaN 	 NaN 	 NaN 	 0 	 0 	 NaN 	 NaN 	 3096 	 0.970533 	 214.167 	 105.115 	 83.2312 	 29.8401 	 0 	 0 	 0 	 15.9206 	 0.191282 	 34.0489 	 -68.7179 	 11.8513 	 0.141078 	 84.0052 	 64 	 66 	 133.562 	 13.9636 	 1 	 0 	 0 	 NaN 	 NaN 	 NaN 	 NaN 	 64 	 64 	 64 	 0 	  DCIS 
2 	 98.0071 	 178.583 	 132.774 	 296.22 	 984 	 51.5525 	 26.293 	 0.86016 	 0.936251 	 136.711 	 747.461 	 287.3 	 0.384367 	 112.853 	 666.942 	 0 	 0 	 NaN 	 NaN 	 0 	 0 	 0 	 NaN 	 NaN 	 NaN 	 NaN 	 0 	 0 	 NaN 	 NaN 	 1387 	 0.942896 	 155.74 	 93.9834 	 79.0786 	 25.6875 	 0 	 0 	 0 	 6.10115 	 0.077153 	 26.3883 	 -7.0439 	 8.47126 	 0.110961 	 76.3445 	 0 	 0 	 NaN 	 NaN 	 0 	 0 	 0 	 NaN 	 NaN 	 NaN 	 NaN 	 0 	 0 	 NaN 	 NaN 	  Other 
3 	 203.949 	 477.518 	 77.3175 	 187.216 	 4750 	 83.8137 	 72.7444 	 0.496688 	 0.974159 	 275.522 	 905.96 	 240.885 	 0.265889 	 214.334 	 825.441 	 75 	 215 	 561.8 	 132.566 	 2 	 423.707 	 0.0892016 	 24.5661 	 24.5661 	 24.5661 	 0 	 45 	 30 	 37.5 	 10.6066 	 6601 	 0.862989 	 397.647 	 1194.41 	 1471.45 	 1418.06 	 0.242604 	 1414.48 	 1472.7 	 686.254 	 0.466379 	 285.338 	 113.498 	 41.1034 	 0.122589 	 335.294 	 526 	 2004 	 243.567 	 123.968 	 4 	 737.628 	 0.15529 	 50.1128 	 16.3444 	 36.4834 	 11.7325 	 156 	 87 	 131.5 	 30.5778 	  Tumour 
4 	 195.087 	 290.861 	 271.919 	 149.04 	 1809 	 67.8922 	 34.0683 	 0.864984 	 0.969973 	 174.853 	 868.484 	 292.59 	 0.336898 	 170.806 	 787.965 	 45 	 45 	 474.067 	 44.8326 	 1 	 0 	 0 	 NaN 	 NaN 	 NaN 	 NaN 	 45 	 45 	 45 	 0 	 2325 	 0.970367 	 193.296 	 146.775 	 137.665 	 84.2736 	 0 	 0 	 0 	 61.0451 	 0.443433 	 54.2107 	 7.56185 	 13.5145 	 0.129739 	 104.167 	 66 	 69 	 145.045 	 25.4466 	 1 	 0 	 0 	 NaN 	 NaN 	 NaN 	 NaN 	 66 	 66 	 66 	 0 	  DCIS 
5 	 224.825 	 559.226 	 83.678 	 221.054 	 3271 	 71.0453 	 58.9995 	 0.557095 	 0.968324 	 225.723 	 593.59 	 209.049 	 0.352178 	 -58.1846 	 513.071 	 0 	 0 	 NaN 	 NaN 	 0 	 0 	 0 	 NaN 	 NaN 	 NaN 	 NaN 	 0 	 0 	 NaN 	 NaN 	 7037 	 0.865773 	 424.392 	 1281.01 	 1777.13 	 1723.74 	 0.232804 	 1886 	 1743.58 	 607.545 	 0.341868 	 225.794 	 61.5011 	 44.2259 	 0.160384 	 275.75 	 45 	 45 	 330.844 	 211.246 	 1 	 0 	 0 	 NaN 	 NaN 	 NaN 	 NaN 	 45 	 45 	 45 	 0 	  Tumour 
6 	 242.815 	 697.158 	 222.445 	 217.911 	 3903 	 80.8741 	 61.7116 	 0.64633 	 0.981887 	 238.108 	 1007.55 	 340.703 	 0.338151 	 351.475 	 927.027 	 34 	 34 	 444.5 	 15.266 	 1 	 0 	 0 	 NaN 	 NaN 	 NaN 	 NaN 	 34 	 34 	 34 	 0 	 6775 	 0.890042 	 376.735 	 1190.19 	 1458.99 	 1405.6 	 0.253012 	 2108.13 	 1365.85 	 791.413 	 0.54244 	 182.579 	 20.8264 	 68.5831 	 0.294936 	 232.536 	 365 	 767 	 233.868 	 114.27 	 2 	 1027.91 	 0.263364 	 31.4077 	 31.4077 	 31.4077 	 0 	 241 	 124 	 182.5 	 82.7315 	  Tumour 
7 	 254.716 	 44.0763 	 184.068 	 374.433 	 2557 	 74.0441 	 44.7732 	 0.796467 	 0.967095 	 204.752 	 1118.01 	 414.275 	 0.370548 	 630.099 	 1037.49 	 0 	 0 	 NaN 	 NaN 	 0 	 0 	 0 	 NaN 	 NaN 	 NaN 	 NaN 	 0 	 0 	 NaN 	 NaN 	 3133 	 0.965485 	 223.539 	 148.849 	 140.777 	 87.3861 	 0 	 0 	 0 	 59.4704 	 0.422443 	 73.5213 	 15.8087 	 24.1284 	 0.195408 	 123.478 	 4 	 4 	 140.75 	 21.1511 	 1 	 0 	 0 	 NaN 	 NaN 	 NaN 	 NaN 	 4 	 4 	 4 	 0 	  DCIS 
8 	 272.851 	 418.453 	 91.4385 	 149.04 	 2987 	 69.4591 	 55.5355 	 0.600609 	 0.969805 	 212.309 	 798.157 	 220.211 	 0.275899 	 367.921 	 717.638 	 83 	 182 	 471.048 	 41.8142 	 2 	 278.215 	 0.0931419 	 17.4887 	 17.4887 	 17.4887 	 0 	 45 	 38 	 41.5 	 4.94975 	 4612 	 0.910383 	 302.149 	 939.249 	 1081.17 	 1027.78 	 0.214008 	 1276.04 	 1046.61 	 438.977 	 0.40602 	 203.574 	 61.0347 	 46.9219 	 0.185074 	 253.53 	 247 	 323 	 237.587 	 117.988 	 2 	 445.151 	 0.149029 	 17.0687 	 17.0687 	 17.0687 	 0 	 131 	 116 	 123.5 	 10.6066 	  Tumour 
9 	 266.284 	 160.968 	 224.876 	 257.095 	 2789 	 91.4803 	 39.6595 	 0.901139 	 0.953504 	 226.208 	 1033.55 	 398.087 	 0.385164 	 543.613 	 953.034 	 36 	 37 	 541.833 	 112.599 	 1 	 0 	 0 	 NaN 	 NaN 	 NaN 	 NaN 	 36 	 36 	 36 	 0 	 3463 	 0.954257 	 245.238 	 143.038 	 123.888 	 70.4973 	 0 	 0 	 0 	 36.4951 	 0.294581 	 80.6662 	 30.4716 	 28.975 	 0.221822 	 130.622 	 122 	 223 	 139.254 	 19.6552 	 2 	 689.894 	 0.247363 	 18.299 	 18.299 	 18.299 	 0 	 67 	 55 	 61 	 8.48528 	  DCIS 
10 	 280.786 	 484.997 	 77.3175 	 200.602 	 1446 	 46.8436 	 39.481 	 0.538187 	 0.955086 	 149.196 	 652.165 	 111.579 	 0.17109 	 379.613 	 571.646 	 84 	 180 	 488.893 	 59.6588 	 2 	 207.696 	 0.143635 	 17.462 	 17.462 	 17.462 	 0 	 44 	 40 	 42 	 2.82843 	 3689 	 0.903502 	 273.279 	 1116.08 	 1351.6 	 1298.21 	 0.40678 	 1492.36 	 1315.85 	 405.323 	 0.299883 	 330.729 	 11.5879 	 43.5105 	 0.114295 	 380.685 	 239 	 411 	 282.268 	 162.669 	 2 	 209.05 	 0.144571 	 19.258 	 19.258 	 19.258 	 0 	 149 	 90 	 119.5 	 41.7193 	  Tumour 
11 	 307.538 	 698.961 	 244.248 	 162.29 	 1876 	 60.9847 	 40.0873 	 0.7536 	 0.947954 	 181.439 	 843.344 	 206.156 	 0.24445 	 569.966 	 762.824 	 0 	 0 	 NaN 	 NaN 	 0 	 0 	 0 	 NaN 	 NaN 	 NaN 	 NaN 	 0 	 0 	 NaN 	 NaN 	 3466 	 0.898626 	 271.279 	 1636.44 	 1643.4 	 1590.01 	 0.410256 	 1424.59 	 1707.87 	 610.279 	 0.371351 	 274.769 	 -59.5718 	 49.0377 	 0.151013 	 324.725 	 254 	 277 	 306.449 	 186.85 	 1 	 0 	 0 	 NaN 	 NaN 	 NaN 	 NaN 	 254 	 254 	 254 	 0 	  Tumour 
12 	 354.702 	 584.1 	 184.491 	 88.7694 	 5471 	 97.0055 	 77.2734 	 0.604523 	 0.884989 	 321.664 	 1167.37 	 328.019 	 0.280991 	 830.353 	 1086.85 	 30 	 30 	 518.8 	 89.566 	 1 	 0 	 0 	 NaN 	 NaN 	 NaN 	 NaN 	 30 	 30 	 30 	 0 	 9190 	 0.832578 	 450.291 	 786.006 	 1358.76 	 1305.37 	 0.568293 	 1432.46 	 1310.69 	 670.692 	 0.493605 	 264.533 	 -39.2855 	 58.1653 	 0.184952 	 314.489 	 346 	 1392 	 254.072 	 134.473 	 3 	 1749.75 	 0.319823 	 51.5364 	 26.8509 	 37.8186 	 11.2433 	 175 	 60 	 115.333 	 57.6223 	  Tumour 
13 	 356.456 	 523.131 	 158.521 	 118.802 	 3715 	 79.144 	 60.438 	 0.645635 	 0.972259 	 240.409 	 1340.35 	 483.889 	 0.361018 	 1036.06 	 1259.83 	 0 	 0 	 NaN 	 NaN 	 0 	 0 	 0 	 NaN 	 NaN 	 NaN 	 NaN 	 0 	 0 	 NaN 	 NaN 	 6839 	 0.95264 	 339.421 	 885.705 	 1070.08 	 1016.69 	 0.389262 	 1222.34 	 1027.71 	 648.024 	 0.605586 	 244.553 	 -61.549 	 51.6962 	 0.175533 	 294.51 	 288 	 1414 	 280.392 	 160.793 	 3 	 473.216 	 0.12738 	 43.2213 	 35.4005 	 38.539 	 3.69634 	 139 	 28 	 96 	 59.5735 	  Tumour 
14 	 367.951 	 681.12 	 260.969 	 104.661 	 6762 	 98.8202 	 88.4037 	 0.446885 	 0.95603 	 331.463 	 1276.7 	 419.171 	 0.328323 	 943.381 	 1196.18 	 152 	 1335 	 523.855 	 94.6212 	 4 	 1131.66 	 0.167356 	 47.8774 	 13.3625 	 35.8643 	 12.091 	 45 	 26 	 38 	 8.3666 	 9178 	 0.898483 	 417.362 	 688.654 	 1397.81 	 1344.42 	 0.338798 	 1154.76 	 1429.39 	 558.329 	 0.39943 	 220.543 	 -55.8183 	 61.7537 	 0.228295 	 270.499 	 500 	 2242 	 225.64 	 106.041 	 5 	 879.412 	 0.130052 	 65.8772 	 14.9926 	 36.7765 	 13.5371 	 152 	 71 	 100 	 32.4885 	  Tumour 
15 	 368.453 	 226.369 	 345.743 	 214.217 	 4149 	 91.9248 	 58.9405 	 0.767389 	 0.926944 	 276.735 	 891.74 	 323.147 	 0.362378 	 596.617 	 811.22 	 0 	 0 	 NaN 	 NaN 	 0 	 0 	 0 	 NaN 	 NaN 	 NaN 	 NaN 	 0 	 0 	 NaN 	 NaN 	 4921 	 0.951286 	 283.279 	 157.947 	 151.106 	 97.7146 	 0 	 0 	 152.4 	 90.8194 	 0.601032 	 54.077 	 17.2908 	 17.0116 	 0.16352 	 104.033 	 0 	 0 	 NaN 	 NaN 	 0 	 0 	 0 	 NaN 	 NaN 	 NaN 	 NaN 	 0 	 0 	 NaN 	 NaN 	  DCIS 
16 	 404.767 	 156.26 	 350.721 	 293.373 	 4369 	 122.858 	 46.8958 	 0.924283 	 0.90568 	 312.09 	 898.493 	 319.433 	 0.35552 	 635.057 	 817.974 	 45 	 45 	 445.622 	 16.3882 	 1 	 0 	 0 	 NaN 	 NaN 	 NaN 	 NaN 	 45 	 45 	 45 	 0 	 5303 	 0.92162 	 329.806 	 123.087 	 106.064 	 52.6725 	 0 	 0 	 106.389 	 35.8196 	 0.337718 	 48.5162 	 14.398 	 20.0835 	 0.203951 	 98.4724 	 70 	 71 	 137.6 	 18.0011 	 1 	 0 	 0 	 NaN 	 NaN 	 NaN 	 NaN 	 70 	 70 	 70 	 0 	  DCIS 
17 	 441.271 	 605.77 	 668.692 	 88.7694 	 1067 	 49.4189 	 27.8578 	 0.825975 	 0.960396 	 135.841 	 507.227 	 120.668 	 0.237898 	 315.106 	 426.707 	 0 	 0 	 NaN 	 NaN 	 0 	 0 	 0 	 NaN 	 NaN 	 NaN 	 NaN 	 0 	 0 	 NaN 	 NaN 	 3167 	 0.96057 	 229.095 	 1344.55 	 1245.92 	 1192.53 	 0.172414 	 2130.46 	 1147.02 	 853.862 	 0.685326 	 178.042 	 -57.9408 	 48.797 	 0.214024 	 227.998 	 0 	 0 	 NaN 	 NaN 	 0 	 0 	 0 	 NaN 	 NaN 	 NaN 	 NaN 	 0 	 0 	 NaN 	 NaN 	  Other 
18 	 467.24 	 95.5836 	 398.779 	 375.926 	 1035 	 52.759 	 28.758 	 0.838383 	 0.822734 	 155.196 	 600.81 	 138.707 	 0.230867 	 410.811 	 520.29 	 0 	 0 	 NaN 	 NaN 	 0 	 0 	 0 	 NaN 	 NaN 	 NaN 	 NaN 	 0 	 0 	 NaN 	 NaN 	 1496 	 0.894737 	 165.882 	 87.4953 	 90.0068 	 36.6157 	 0 	 0 	 0 	 41.6232 	 0.462445 	 18.438 	 0.134015 	 13.4585 	 0.196778 	 68.3942 	 36 	 40 	 141.528 	 21.9289 	 1 	 0 	 0 	 NaN 	 NaN 	 NaN 	 NaN 	 36 	 36 	 36 	 0 	  Other 
19 	 644.931 	 147.252 	 582.306 	 460.245 	 2579 	 66.3147 	 49.97 	 0.657416 	 0.96773 	 198.066 	 979.293 	 366.726 	 0.37448 	 729.292 	 898.774 	 0 	 0 	 NaN 	 NaN 	 0 	 0 	 0 	 NaN 	 NaN 	 NaN 	 NaN 	 0 	 0 	 NaN 	 NaN 	 3154 	 0.975866 	 213.581 	 114.659 	 92.2432 	 38.8521 	 0 	 0 	 0 	 19.382 	 0.210119 	 46.9034 	 25.6921 	 15.4633 	 0.159647 	 96.8596 	 97 	 185 	 128.32 	 8.72072 	 2 	 689.393 	 0.26731 	 16.9395 	 16.9395 	 16.9395 	 0 	 59 	 38 	 48.5 	 14.8492 	  DCIS 
20 	 719.048 	 750.555 	 955.358 	 357.912 	 3740 	 113.611 	 42.46 	 0.927537 	 0.953838 	 283.12 	 869.138 	 321.173 	 0.369531 	 630.469 	 788.619 	 0 	 0 	 NaN 	 NaN 	 0 	 0 	 0 	 NaN 	 NaN 	 NaN 	 NaN 	 0 	 0 	 NaN 	 NaN 	 4561 	 0.957188 	 298.149 	 113.482 	 94.6047 	 41.2136 	 0 	 0 	 0 	 42.1753 	 0.445805 	 47.3841 	 23.4325 	 20.3779 	 0.209347 	 97.3404 	 65 	 68 	 114.662 	 -4.93733 	 1 	 0 	 0 	 NaN 	 NaN 	 NaN 	 NaN 	 65 	 65 	 65 	 0 	  DCIS 
21 	 820.746 	 891.434 	 1127.59 	 499.309 	 1954 	 54.7819 	 45.5225 	 0.556306 	 0.975537 	 170.51 	 1033.23 	 474.266 	 0.459015 	 729.323 	 952.707 	 0 	 0 	 NaN 	 NaN 	 0 	 0 	 0 	 NaN 	 NaN 	 NaN 	 NaN 	 0 	 0 	 NaN 	 NaN 	 2461 	 0.98126 	 184.953 	 136.508 	 96.092 	 42.7009 	 0 	 0 	 0 	 14.4196 	 0.15006 	 41.5663 	 25.5885 	 15.2459 	 0.166581 	 91.5225 	 66 	 67 	 155.03 	 35.4314 	 1 	 0 	 0 	 NaN 	 NaN 	 NaN 	 NaN 	 66 	 66 	 66 	 0 	  DCIS 
22 	 896.615 	 455.379 	 920.387 	 545.257 	 2198 	 73.9092 	 38.4241 	 0.854238 	 0.958988 	 193.095 	 1040.26 	 340.922 	 0.327729 	 749.568 	 959.736 	 0 	 0 	 NaN 	 NaN 	 0 	 0 	 0 	 NaN 	 NaN 	 NaN 	 NaN 	 0 	 0 	 NaN 	 NaN 	 2553 	 0.946958 	 209.924 	 246.139 	 221.989 	 168.598 	 0.311475 	 213.211 	 225.812 	 60.3492 	 0.271856 	 81.4487 	 16.2457 	 17.8918 	 0.136158 	 131.405 	 0 	 0 	 NaN 	 NaN 	 0 	 0 	 0 	 NaN 	 NaN 	 NaN 	 NaN 	 0 	 0 	 NaN 	 NaN 	  DCIS 
23 	 896.204 	 284.373 	 857.817 	 590.526 	 2910 	 83.145 	 45.251 	 0.838928 	 0.955665 	 233.48 	 1230.38 	 426.299 	 0.346477 	 721.593 	 1149.86 	 38 	 39 	 348.5 	 -80.734 	 1 	 0 	 0 	 NaN 	 NaN 	 NaN 	 NaN 	 38 	 38 	 38 	 0 	 3533 	 0.951265 	 254.208 	 149.117 	 147.749 	 94.3578 	 0.150685 	 186.152 	 147.615 	 66.2865 	 0.448643 	 72.7681 	 30.0149 	 28.0601 	 0.228643 	 122.724 	 44 	 45 	 116.841 	 -2.75796 	 1 	 0 	 0 	 NaN 	 NaN 	 NaN 	 NaN 	 44 	 44 	 44 	 0 	  DCIS 
24 	 899.998 	 802.732 	 1120.61 	 545.809 	 1544 	 72.4531 	 27.9083 	 0.922837 	 0.929001 	 175.338 	 714.494 	 184.328 	 0.257984 	 421.97 	 633.974 	 0 	 0 	 NaN 	 NaN 	 0 	 0 	 0 	 NaN 	 NaN 	 NaN 	 NaN 	 0 	 0 	 NaN 	 NaN 	 2064 	 0.941176 	 193.338 	 178.95 	 165.331 	 111.94 	 0 	 0 	 163.657 	 76.2329 	 0.461092 	 45.4874 	 8.36224 	 15.0798 	 0.157997 	 95.4437 	 0 	 0 	 NaN 	 NaN 	 0 	 0 	 0 	 NaN 	 NaN 	 NaN 	 NaN 	 0 	 0 	 NaN 	 NaN 	  DCIS 
25 	 933.986 	 481.712 	 965.535 	 579.452 	 3354 	 77.2313 	 56.5356 	 0.681273 	 0.949604 	 234.836 	 1149.98 	 437.016 	 0.38002 	 821.272 	 1069.46 	 0 	 0 	 NaN 	 NaN 	 0 	 0 	 0 	 NaN 	 NaN 	 NaN 	 NaN 	 0 	 0 	 NaN 	 NaN 	 4056 	 0.947664 	 258.451 	 148.012 	 146.955 	 93.5639 	 0.261261 	 207.69 	 137.997 	 44.1387 	 0.300355 	 66.222 	 21.8492 	 21.0676 	 0.181338 	 116.178 	 58 	 60 	 140.655 	 21.0563 	 1 	 0 	 0 	 NaN 	 NaN 	 NaN 	 NaN 	 58 	 58 	 58 	 0 	  DCIS 
26 	 938.398 	 839.553 	 1173.61 	 591.761 	 3724 	 115.668 	 42.2252 	 0.930986 	 0.901913 	 289.037 	 1109.9 	 325.86 	 0.293594 	 792.557 	 1029.38 	 45 	 45 	 454.489 	 25.2548 	 1 	 0 	 0 	 NaN 	 NaN 	 NaN 	 NaN 	 45 	 45 	 45 	 0 	 4257 	 0.881184 	 307.622 	 122.679 	 119.037 	 65.6457 	 0.389706 	 140.538 	 114.773 	 31.2247 	 0.262311 	 42.2215 	 14.9687 	 13.3555 	 0.144888 	 92.1778 	 99 	 105 	 154.899 	 35.3001 	 1 	 0 	 0 	 NaN 	 NaN 	 NaN 	 NaN 	 99 	 99 	 99 	 0 	  DCIS 
27 	 943.818 	 276.815 	 902.282 	 637.385 	 2291 	 65.0805 	 49.91 	 0.64177 	 0.896322 	 226.066 	 1255.24 	 361.929 	 0.288334 	 525.15 	 1174.72 	 0 	 0 	 NaN 	 NaN 	 0 	 0 	 0 	 NaN 	 NaN 	 NaN 	 NaN 	 0 	 0 	 NaN 	 NaN 	 3076 	 0.96095 	 220.066 	 185.121 	 191.656 	 138.265 	 0.169312 	 188.844 	 192.431 	 51.8117 	 0.270337 	 71.5558 	 3.13717 	 10.7122 	 0.0881572 	 121.512 	 55 	 56 	 144 	 24.4011 	 1 	 0 	 0 	 NaN 	 NaN 	 NaN 	 NaN 	 55 	 55 	 55 	 0 	  DCIS 
28 	 955.914 	 624.892 	 1055.94 	 590.661 	 1270 	 62.2137 	 26.3335 	 0.906001 	 0.962121 	 150.811 	 747.46 	 174.436 	 0.233372 	 472.852 	 666.94 	 0 	 0 	 NaN 	 NaN 	 0 	 0 	 0 	 NaN 	 NaN 	 NaN 	 NaN 	 0 	 0 	 NaN 	 NaN 	 1598 	 0.94 	 169.983 	 143.002 	 132.49 	 79.0991 	 0.228758 	 117.514 	 133.812 	 67.8182 	 0.511873 	 54.3973 	 17.6099 	 17.6695 	 0.169323 	 104.354 	 0 	 0 	 NaN 	 NaN 	 0 	 0 	 0 	 NaN 	 NaN 	 NaN 	 NaN 	 0 	 0 	 NaN 	 NaN 	  Other 
29 	 983.469 	 781.98 	 1170.06 	 623.238 	 2375 	 67.8183 	 46.2484 	 0.731403 	 0.932836 	 200.953 	 1730.89 	 678.514 	 0.392004 	 1345.05 	 1650.37 	 0 	 0 	 NaN 	 NaN 	 0 	 0 	 0 	 NaN 	 NaN 	 NaN 	 NaN 	 0 	 0 	 NaN 	 NaN 	 2640 	 0.90535 	 216.024 	 123.204 	 119.203 	 65.812 	 0.708333 	 125.971 	 115.931 	 32.6547 	 0.273942 	 38.7911 	 16.6208 	 11.2908 	 0.127224 	 88.7474 	 90 	 126 	 137.333 	 17.7345 	 2 	 701.932 	 0.29555 	 11.0454 	 11.0454 	 11.0454 	 0 	 45 	 45 	 45 	 0 	  DCIS 
30 	 982.042 	 731.018 	 1138 	 616.032 	 2801 	 68.2176 	 53.3609 	 0.623007 	 0.963205 	 212.853 	 1477.55 	 727.792 	 0.492567 	 1080.25 	 1397.03 	 77 	 231 	 415.091 	 -14.1431 	 2 	 400.424 	 0.142957 	 26.887 	 26.887 	 26.887 	 0 	 45 	 32 	 38.5 	 9.19239 	 3394 	 0.959028 	 228.368 	 97.5678 	 88.3058 	 34.9147 	 0.378641 	 99.3333 	 86.0419 	 14.5209 	 0.164439 	 26.1598 	 10.5925 	 8.81523 	 0.115813 	 76.116 	 72 	 73 	 156.153 	 36.5539 	 1 	 0 	 0 	 NaN 	 NaN 	 NaN 	 NaN 	 72 	 72 	 72 	 0 	  DCIS 
31 	 978.52 	 837.397 	 1202.25 	 630.601 	 2127 	 83.9734 	 35.6529 	 0.905393 	 0.8351 	 217.338 	 1244.03 	 327.673 	 0.263396 	 862.295 	 1163.51 	 0 	 0 	 NaN 	 NaN 	 0 	 0 	 0 	 NaN 	 NaN 	 NaN 	 NaN 	 0 	 0 	 NaN 	 NaN 	 2685 	 0.783027 	 258.894 	 138.337 	 139.229 	 85.838 	 0.832599 	 140.095 	 138.766 	 21.2305 	 0.152486 	 57.591 	 17.325 	 8.94051 	 0.083131 	 107.547 	 90 	 136 	 139.544 	 19.9456 	 2 	 530.569 	 0.249445 	 10.7946 	 10.7946 	 10.7946 	 0 	 58 	 32 	 45 	 18.3848 	  DCIS 
32 	 984.797 	 339.78 	 959.206 	 655.08 	 2829 	 66.0235 	 54.8192 	 0.557319 	 0.97619 	 201.924 	 979.045 	 323.941 	 0.330874 	 643.427 	 898.525 	 45 	 45 	 460.978 	 31.7437 	 1 	 0 	 0 	 NaN 	 NaN 	 NaN 	 NaN 	 45 	 45 	 45 	 0 	 3417 	 0.976007 	 221.681 	 178.467 	 189.255 	 135.864 	 0 	 0 	 189.515 	 31.9212 	 0.168667 	 59.768 	 -1.53835 	 10.6874 	 0.0974025 	 109.724 	 0 	 0 	 NaN 	 NaN 	 0 	 0 	 0 	 NaN 	 NaN 	 NaN 	 NaN 	 0 	 0 	 NaN 	 NaN 	  DCIS 
33 	 997.608 	 652.629 	 1106.41 	 630.622 	 3724 	 82.2542 	 61.4228 	 0.665112 	 0.949032 	 252.35 	 1327.11 	 556.339 	 0.419211 	 940.81 	 1246.59 	 0 	 0 	 NaN 	 NaN 	 0 	 0 	 0 	 NaN 	 NaN 	 NaN 	 NaN 	 0 	 0 	 NaN 	 NaN 	 4398 	 0.947845 	 272.693 	 101.999 	 100.094 	 46.7025 	 0.417021 	 113.867 	 97.427 	 19.8669 	 0.198483 	 27.3005 	 5.66848 	 10.1402 	 0.131254 	 77.2567 	 62 	 64 	 127.597 	 7.9979 	 1 	 0 	 0 	 NaN 	 NaN 	 NaN 	 NaN 	 62 	 62 	 62 	 0 	  DCIS 
34 	 1013.14 	 929.347 	 1289.09 	 691.035 	 4923 	 107.254 	 60.0103 	 0.82882 	 0.92122 	 326.291 	 1065.98 	 354.499 	 0.332559 	 712.005 	 985.456 	 0 	 0 	 NaN 	 NaN 	 0 	 0 	 0 	 NaN 	 NaN 	 NaN 	 NaN 	 0 	 0 	 NaN 	 NaN 	 5694 	 0.917647 	 334.735 	 122.381 	 110.831 	 57.4399 	 0.165517 	 101.562 	 111.367 	 38.5765 	 0.348066 	 54.7797 	 25.2106 	 22.6191 	 0.215963 	 104.736 	 123 	 610 	 129.22 	 9.62064 	 2 	 575.393 	 0.116878 	 57.626 	 57.626 	 57.626 	 0 	 63 	 60 	 61.5 	 2.12132 	  DCIS 
35 	 1002.22 	 453.675 	 1015.28 	 649.675 	 2815 	 68.3483 	 53.01 	 0.631242 	 0.967022 	 205.338 	 1143.64 	 395.965 	 0.346233 	 791.543 	 1063.12 	 0 	 0 	 NaN 	 NaN 	 0 	 0 	 0 	 NaN 	 NaN 	 NaN 	 NaN 	 0 	 0 	 NaN 	 NaN 	 3339 	 0.968668 	 222.853 	 124.407 	 144.788 	 91.3968 	 0.151515 	 130.767 	 144.563 	 46.0466 	 0.318028 	 35.9425 	 -8.28483 	 11.7584 	 0.136887 	 85.8988 	 107 	 244 	 117.869 	 -1.72971 	 2 	 812.476 	 0.288624 	 21.863 	 21.863 	 21.863 	 0 	 61 	 46 	 53.5 	 10.6066 	  DCIS 
36 	 1015.63 	 858.431 	 1243.99 	 671.739 	 3565 	 81.0989 	 57.3049 	 0.707608 	 0.939394 	 245.38 	 1221.71 	 344.676 	 0.282127 	 884.492 	 1141.19 	 54 	 55 	 397.833 	 -31.4007 	 1 	 0 	 0 	 NaN 	 NaN 	 NaN 	 NaN 	 54 	 54 	 54 	 0 	 4041 	 0.932395 	 262.208 	 124.322 	 109.308 	 55.9173 	 0.563877 	 122.25 	 104.813 	 23.1219 	 0.211529 	 44.6712 	 23.5455 	 9.66024 	 0.102087 	 94.6275 	 112 	 154 	 135.902 	 16.3029 	 2 	 598.033 	 0.167751 	 9.70331 	 9.70331 	 9.70331 	 0 	 75 	 37 	 56 	 26.8701 	  DCIS 
37 	 1006.59 	 532.625 	 1053.73 	 651.077 	 1364 	 44.6275 	 39.7085 	 0.456396 	 0.959212 	 143.196 	 781.125 	 197.155 	 0.252398 	 454.842 	 700.605 	 0 	 0 	 NaN 	 NaN 	 0 	 0 	 0 	 NaN 	 NaN 	 NaN 	 NaN 	 0 	 0 	 NaN 	 NaN 	 1808 	 0.973089 	 159.882 	 139.742 	 131.429 	 78.0375 	 0 	 0 	 0 	 18.5504 	 0.141144 	 49.0797 	 2.3412 	 14.2009 	 0.143392 	 99.0359 	 0 	 0 	 NaN 	 NaN 	 0 	 0 	 0 	 NaN 	 NaN 	 NaN 	 NaN 	 0 	 0 	 NaN 	 NaN 	  DCIS 
38 	 1008.68 	 252.002 	 959.715 	 707.001 	 1710 	 53.7386 	 41.2671 	 0.640542 	 0.976585 	 159.581 	 1004.31 	 326.421 	 0.32502 	 639.469 	 923.791 	 0 	 0 	 NaN 	 NaN 	 0 	 0 	 0 	 NaN 	 NaN 	 NaN 	 NaN 	 0 	 0 	 NaN 	 NaN 	 2201 	 0.968324 	 180.853 	 131.683 	 130.494 	 77.1025 	 0 	 0 	 0 	 34.2916 	 0.262784 	 57.6753 	 3.87065 	 18.3123 	 0.170138 	 107.632 	 0 	 0 	 NaN 	 NaN 	 0 	 0 	 0 	 NaN 	 NaN 	 NaN 	 NaN 	 0 	 0 	 NaN 	 NaN 	  DCIS 
39 	 1035.71 	 388.778 	 1023.14 	 693.077 	 1573 	 52.07 	 39.2742 	 0.656578 	 0.944745 	 160.953 	 998.907 	 304.818 	 0.305152 	 667.032 	 918.387 	 0 	 0 	 NaN 	 NaN 	 0 	 0 	 0 	 NaN 	 NaN 	 NaN 	 NaN 	 0 	 0 	 NaN 	 NaN 	 1952 	 0.946654 	 175.296 	 125.997 	 116.117 	 62.7258 	 0.227273 	 99.2571 	 118.154 	 23.8601 	 0.205484 	 38.9312 	 6.78686 	 11.1195 	 0.125096 	 88.8875 	 0 	 0 	 NaN 	 NaN 	 0 	 0 	 0 	 NaN 	 NaN 	 NaN 	 NaN 	 0 	 0 	 NaN 	 NaN 	  DCIS 
40 	 1031.14 	 596.825 	 1105.4 	 668.3 	 987 	 40.7481 	 31.3218 	 0.639646 	 0.941794 	 121.74 	 681.894 	 145.994 	 0.214101 	 383.583 	 601.374 	 0 	 0 	 NaN 	 NaN 	 0 	 0 	 0 	 NaN 	 NaN 	 NaN 	 NaN 	 0 	 0 	 NaN 	 NaN 	 1342 	 0.973875 	 137.74 	 138.764 	 131.246 	 77.8548 	 0 	 0 	 0 	 36.5788 	 0.278704 	 57.835 	 7.88977 	 20.2849 	 0.188187 	 107.791 	 66 	 70 	 135.909 	 16.3102 	 1 	 0 	 0 	 NaN 	 NaN 	 NaN 	 NaN 	 66 	 66 	 66 	 0 	  Other 
41 	 1055.62 	 436.632 	 1058.66 	 705.263 	 2448 	 67.3042 	 47.2958 	 0.71147 	 0.957746 	 200.309 	 1213.94 	 449.402 	 0.370202 	 888.36 	 1133.42 	 45 	 45 	 290.311 	 -138.923 	 1 	 0 	 0 	 NaN 	 NaN 	 NaN 	 NaN 	 45 	 45 	 45 	 0 	 3028 	 0.965869 	 217.48 	 122.935 	 117.581 	 64.1895 	 0.349462 	 112.585 	 118.655 	 37.3481 	 0.317638 	 40.9686 	 4.89127 	 15.0953 	 0.166019 	 90.9248 	 0 	 0 	 NaN 	 NaN 	 0 	 0 	 0 	 NaN 	 NaN 	 NaN 	 NaN 	 0 	 0 	 NaN 	 NaN 	  DCIS 
42 	 1057.04 	 663.666 	 1162.08 	 689.21 	 2341 	 59.5359 	 52.3312 	 0.476847 	 0.904909 	 198.752 	 1107.44 	 358.104 	 0.323362 	 731.682 	 1026.92 	 37 	 40 	 407.811 	 -21.4232 	 1 	 0 	 0 	 NaN 	 NaN 	 NaN 	 NaN 	 37 	 37 	 37 	 0 	 2858 	 0.912807 	 218.853 	 121.638 	 119.479 	 66.0883 	 0.365979 	 112.958 	 120.225 	 21.1288 	 0.176841 	 46.7823 	 -0.80532 	 15.4869 	 0.16009 	 96.7386 	 63 	 64 	 124.603 	 5.0043 	 1 	 0 	 0 	 NaN 	 NaN 	 NaN 	 NaN 	 63 	 63 	 63 	 0 	  DCIS 
43 	 1047.8 	 145.678 	 981.803 	 788.031 	 1513 	 56.9267 	 36.53 	 0.766953 	 0.871042 	 172.995 	 975.91 	 335.091 	 0.343363 	 570.664 	 895.391 	 0 	 0 	 NaN 	 NaN 	 0 	 0 	 0 	 NaN 	 NaN 	 NaN 	 NaN 	 0 	 0 	 NaN 	 NaN 	 1893 	 0.89419 	 184.853 	 102.153 	 95.2453 	 41.8542 	 0.421384 	 123.433 	 88.22 	 28.9906 	 0.304378 	 39.4701 	 23.0128 	 15.0289 	 0.168059 	 89.4263 	 0 	 0 	 NaN 	 NaN 	 0 	 0 	 0 	 NaN 	 NaN 	 NaN 	 NaN 	 0 	 0 	 NaN 	 NaN 	  Other 
44 	 1051.09 	 732.164 	 1194.52 	 684.901 	 2403 	 89.8689 	 34.9205 	 0.921419 	 0.936477 	 217.439 	 836.038 	 282.896 	 0.338377 	 481.852 	 755.519 	 0 	 0 	 NaN 	 NaN 	 0 	 0 	 0 	 NaN 	 NaN 	 NaN 	 NaN 	 0 	 0 	 NaN 	 NaN 	 3000 	 0.953289 	 238.61 	 109.441 	 101.651 	 48.2601 	 0.209302 	 101.822 	 100.81 	 18.2133 	 0.179174 	 39.9909 	 14.0801 	 9.0861 	 0.101016 	 89.9471 	 0 	 0 	 NaN 	 NaN 	 0 	 0 	 0 	 NaN 	 NaN 	 NaN 	 NaN 	 0 	 0 	 NaN 	 NaN 	  DCIS 
45 	 1070.97 	 1009.86 	 1386.91 	 776.177 	 3656 	 79.9759 	 58.6118 	 0.680369 	 0.977802 	 231.38 	 1419.3 	 551.746 	 0.388744 	 1075.25 	 1338.78 	 0 	 0 	 NaN 	 NaN 	 0 	 0 	 0 	 NaN 	 NaN 	 NaN 	 NaN 	 0 	 0 	 NaN 	 NaN 	 4109 	 0.96207 	 252.995 	 148.848 	 137.612 	 84.2205 	 0.196429 	 226.273 	 129.815 	 69.7854 	 0.507118 	 60.6789 	 29.6177 	 16.5306 	 0.149415 	 110.635 	 129 	 185 	 144.581 	 24.9825 	 2 	 1288.8 	 0.352518 	 12.748 	 12.748 	 12.748 	 0 	 69 	 60 	 64.5 	 6.36396 	  DCIS 
46 	 1073.76 	 251.822 	 1023.34 	 767.441 	 4098 	 95.5994 	 54.993 	 0.817982 	 0.975482 	 259.238 	 1716.78 	 338.28 	 0.197043 	 931.418 	 1636.26 	 33 	 34 	 662.727 	 233.493 	 1 	 0 	 0 	 NaN 	 NaN 	 NaN 	 NaN 	 33 	 33 	 33 	 0 	 6743 	 0.948649 	 338.735 	 203.89 	 188.643 	 135.252 	 0.346939 	 214.843 	 178.649 	 71.3557 	 0.378258 	 89.2858 	 27.5192 	 14.7966 	 0.106265 	 139.242 	 65 	 67 	 169.692 	 50.0934 	 1 	 0 	 0 	 NaN 	 NaN 	 NaN 	 NaN 	 65 	 65 	 65 	 0 	  DCIS 
47 	 1067.22 	 792.916 	 1243.2 	 707.916 	 718 	 36.5509 	 25.1998 	 0.724337 	 0.963758 	 103.154 	 654.545 	 143.59 	 0.219373 	 331.381 	 574.025 	 0 	 0 	 NaN 	 NaN 	 0 	 0 	 0 	 NaN 	 NaN 	 NaN 	 NaN 	 0 	 0 	 NaN 	 NaN 	 1018 	 0.972302 	 121.983 	 121.817 	 110.971 	 57.5803 	 0.142857 	 104 	 111.128 	 19.771 	 0.178163 	 40.3947 	 14.6252 	 8.22144 	 0.0909945 	 90.351 	 83 	 86 	 119.964 	 0.364985 	 1 	 0 	 0 	 NaN 	 NaN 	 NaN 	 NaN 	 83 	 83 	 83 	 0 	  Other 
48 	 1090.27 	 195.937 	 1029.55 	 803.545 	 1792 	 63.728 	 37.9379 	 0.803497 	 0.904137 	 186.167 	 1897.13 	 387.447 	 0.204228 	 1017.29 	 1816.61 	 0 	 0 	 NaN 	 NaN 	 0 	 0 	 0 	 NaN 	 NaN 	 NaN 	 NaN 	 0 	 0 	 NaN 	 NaN 	 4043 	 0.943524 	 270.35 	 151.58 	 142.199 	 88.808 	 0.458874 	 191.094 	 127.212 	 72.2978 	 0.508427 	 64.1135 	 24.4454 	 13.0818 	 0.114682 	 114.07 	 0 	 0 	 NaN 	 NaN 	 0 	 0 	 0 	 NaN 	 NaN 	 NaN 	 NaN 	 0 	 0 	 NaN 	 NaN 	  DCIS 
49 	 1078.67 	 127.328 	 1011.01 	 824.345 	 997 	 47.3883 	 27.0367 	 0.821273 	 0.961427 	 127.74 	 1351.2 	 337.195 	 0.249553 	 753.19 	 1270.68 	 36 	 37 	 447.444 	 18.2104 	 1 	 0 	 0 	 NaN 	 NaN 	 NaN 	 NaN 	 36 	 36 	 36 	 0 	 1059 	 0.953195 	 134.912 	 146.213 	 146.143 	 92.7518 	 0.563025 	 147.97 	 142.432 	 27.887 	 0.19082 	 52.8813 	 10.5163 	 6.47808 	 0.0629934 	 102.838 	 39 	 40 	 114.026 	 -5.57323 	 1 	 0 	 0 	 NaN 	 NaN 	 NaN 	 NaN 	 39 	 39 	 39 	 0 	  DCIS 
50 	 1081.75 	 862.706 	 1297.97 	 736.831 	 1216 	 50.9564 	 30.5995 	 0.799623 	 0.974359 	 137.397 	 1030.2 	 335.257 	 0.325427 	 757.41 	 949.685 	 0 	 0 	 NaN 	 NaN 	 0 	 0 	 0 	 NaN 	 NaN 	 NaN 	 NaN 	 0 	 0 	 NaN 	 NaN 	 1611 	 0.981121 	 154.083 	 88.6797 	 89.2286 	 35.8375 	 0 	 0 	 0 	 32.2946 	 0.361931 	 25.1268 	 9.70127 	 8.6759 	 0.115551 	 75.0831 	 0 	 0 	 NaN 	 NaN 	 0 	 0 	 0 	 NaN 	 NaN 	 NaN 	 NaN 	 0 	 0 	 NaN 	 NaN 	  DCIS 
51 	 1080.28 	 538.176 	 1121.25 	 724.155 	 731 	 41.4127 	 23.7816 	 0.818673 	 0.926489 	 112.569 	 614.48 	 108.185 	 0.17606 	 341.341 	 533.961 	 0 	 0 	 NaN 	 NaN 	 0 	 0 	 0 	 NaN 	 NaN 	 NaN 	 NaN 	 0 	 0 	 NaN 	 NaN 	 1043 	 0.949045 	 128.669 	 84.9664 	 80.287 	 26.8959 	 0 	 0 	 0 	 10.8924 	 0.135669 	 21.3611 	 5.37192 	 8.08841 	 0.113414 	 71.3174 	 0 	 0 	 NaN 	 NaN 	 0 	 0 	 0 	 NaN 	 NaN 	 NaN 	 NaN 	 0 	 0 	 NaN 	 NaN 	  Other 
52 	 1116.14 	 593.766 	 1178.58 	 753.042 	 2669 	 63.5329 	 54.1102 	 0.524048 	 0.969136 	 197.581 	 978.512 	 305.12 	 0.311821 	 625.685 	 897.992 	 0 	 0 	 NaN 	 NaN 	 0 	 0 	 0 	 NaN 	 NaN 	 NaN 	 NaN 	 0 	 0 	 NaN 	 NaN 	 3278 	 0.966107 	 219.338 	 117.209 	 106.312 	 52.9214 	 0 	 0 	 106.625 	 18.2411 	 0.17158 	 43.2397 	 14.4534 	 7.65623 	 0.082152 	 93.196 	 72 	 73 	 140.042 	 20.4428 	 1 	 0 	 0 	 NaN 	 NaN 	 NaN 	 NaN 	 72 	 72 	 72 	 0 	  DCIS 
53 	 1110.21 	 976.729 	 1393.09 	 798.862 	 1610 	 50.3136 	 41.9173 	 0.553091 	 0.917902 	 175.238 	 741.234 	 208.313 	 0.281036 	 437.418 	 660.714 	 32 	 32 	 521.719 	 92.4847 	 1 	 0 	 0 	 NaN 	 NaN 	 NaN 	 NaN 	 32 	 32 	 32 	 0 	 2115 	 0.942513 	 185.338 	 183.743 	 178.633 	 125.242 	 0.28481 	 226.2 	 169.646 	 59.93 	 0.335493 	 57.5729 	 9.32574 	 17.6037 	 0.163711 	 107.529 	 0 	 0 	 NaN 	 NaN 	 0 	 0 	 0 	 NaN 	 NaN 	 NaN 	 NaN 	 0 	 0 	 NaN 	 NaN 	  DCIS 
54 	 1110.64 	 119.67 	 1042.42 	 855.824 	 1704 	 58.3637 	 40.7083 	 0.716591 	 0.857143 	 182.368 	 2197.55 	 662.122 	 0.301301 	 956.158 	 2117.03 	 45 	 45 	 525.844 	 96.6104 	 1 	 0 	 0 	 NaN 	 NaN 	 NaN 	 NaN 	 45 	 45 	 45 	 0 	 2282 	 0.888629 	 202.61 	 171.95 	 171.972 	 118.581 	 0.329609 	 157.661 	 175.395 	 27.7022 	 0.161085 	 55.2057 	 -1.3534 	 10.6031 	 0.100826 	 105.162 	 65 	 68 	 145.954 	 26.355 	 1 	 0 	 0 	 NaN 	 NaN 	 NaN 	 NaN 	 65 	 65 	 65 	 0 	  DCIS 
55 	 1106.94 	 741.906 	 1246.41 	 741.513 	 1189 	 48.2858 	 31.8907 	 0.750864 	 0.966667 	 134.811 	 839.807 	 225.383 	 0.268375 	 510.937 	 759.288 	 0 	 0 	 NaN 	 NaN 	 0 	 0 	 0 	 NaN 	 NaN 	 NaN 	 NaN 	 0 	 0 	 NaN 	 NaN 	 1444 	 0.942559 	 154.811 	 208.203 	 229.206 	 175.815 	 0.367647 	 186.3 	 227.606 	 116.401 	 0.507845 	 62.1094 	 10.9876 	 9.02386 	 0.080523 	 112.066 	 0 	 0 	 NaN 	 NaN 	 0 	 0 	 0 	 NaN 	 NaN 	 NaN 	 NaN 	 0 	 0 	 NaN 	 NaN 	  DCIS 
56 	 1134.64 	 327.787 	 1099.97 	 803.035 	 3869 	 83.6541 	 59.7709 	 0.699636 	 0.950848 	 253.664 	 1374.83 	 566.908 	 0.412348 	 824.482 	 1294.31 	 34 	 34 	 521.941 	 92.7071 	 1 	 0 	 0 	 NaN 	 NaN 	 NaN 	 NaN 	 34 	 34 	 34 	 0 	 4669 	 0.958924 	 274.007 	 135.011 	 125.498 	 72.1067 	 0.175966 	 177 	 120.755 	 38.6868 	 0.308266 	 52.1823 	 14.3466 	 13.2377 	 0.129605 	 102.139 	 155 	 291 	 141.897 	 22.2979 	 2 	 245.267 	 0.0633928 	 24.5147 	 24.5147 	 24.5147 	 0 	 83 	 72 	 77.5 	 7.77817 	  DCIS 
57 	 1129.67 	 669.243 	 1227.14 	 762.094 	 2344 	 67.457 	 45.0667 	 0.74409 	 0.957516 	 194.167 	 1745.31 	 674.805 	 0.386639 	 1051.57 	 1664.79 	 0 	 0 	 NaN 	 NaN 	 0 	 0 	 0 	 NaN 	 NaN 	 NaN 	 NaN 	 0 	 0 	 NaN 	 NaN 	 2882 	 0.959707 	 211.439 	 124.124 	 110.626 	 57.2346 	 0 	 0 	 0 	 30.09 	 0.271998 	 56.0574 	 11.3264 	 21.681 	 0.204511 	 106.014 	 130 	 299 	 141.677 	 22.0781 	 2 	 150.851 	 0.0643562 	 23.5073 	 23.5073 	 23.5073 	 0 	 65 	 65 	 65 	 0 	  DCIS 
58 	 1138.43 	 29.1742 	 1067.19 	 924.965 	 2089 	 70.0258 	 39.0248 	 0.830317 	 0.953881 	 194.024 	 1633.38 	 772.981 	 0.473239 	 992.055 	 1552.87 	 0 	 0 	 NaN 	 NaN 	 0 	 0 	 0 	 NaN 	 NaN 	 NaN 	 NaN 	 0 	 0 	 NaN 	 NaN 	 2604 	 0.952799 	 213.439 	 115.694 	 106.686 	 53.2951 	 0.202128 	 178.395 	 99.0414 	 46.3965 	 0.434888 	 35.7163 	 16.9458 	 16.1819 	 0.18888 	 85.6726 	 58 	 58 	 134.362 	 14.7632 	 1 	 0 	 0 	 NaN 	 NaN 	 NaN 	 NaN 	 58 	 58 	 58 	 0 	  DCIS 
59 	 1133.87 	 777.786 	 1288.96 	 772.117 	 3971 	 99.8549 	 52.4036 	 0.851227 	 0.914134 	 269.179 	 1094.73 	 390.613 	 0.356812 	 775.59 	 1014.21 	 45 	 45 	 457.711 	 28.4771 	 1 	 0 	 0 	 NaN 	 NaN 	 NaN 	 NaN 	 45 	 45 	 45 	 0 	 4680 	 0.924536 	 286.551 	 166.141 	 174.834 	 121.443 	 0.197628 	 191.72 	 174.761 	 36.8985 	 0.211049 	 56.3611 	 8.79316 	 8.51767 	 0.0801155 	 106.317 	 53 	 54 	 138.038 	 18.4389 	 1 	 0 	 0 	 NaN 	 NaN 	 NaN 	 NaN 	 53 	 53 	 53 	 0 	  DCIS 
60 	 1152.87 	 511.682 	 1176.9 	 797.076 	 4071 	 83.448 	 62.6209 	 0.660964 	 0.971831 	 247.865 	 1042.6 	 315.809 	 0.302905 	 705.029 	 962.083 	 45 	 45 	 378.089 	 -51.1452 	 1 	 0 	 0 	 NaN 	 NaN 	 NaN 	 NaN 	 45 	 45 	 45 	 0 	 4702 	 0.969285 	 265.865 	 117.889 	 109.432 	 56.0412 	 0.135371 	 112.71 	 109.157 	 30.4824 	 0.27855 	 43.5142 	 13.3584 	 11.072 	 0.118455 	 93.4704 	 112 	 328 	 125.5 	 5.90113 	 2 	 216.901 	 0.0532796 	 31.1576 	 31.1576 	 31.1576 	 0 	 60 	 52 	 56 	 5.65685 	  DCIS 
61 	 1147.48 	 71.1774 	 1076.22 	 911.035 	 840 	 38.5266 	 29.4774 	 0.643891 	 0.938547 	 119.355 	 2060.75 	 448.741 	 0.217756 	 679.108 	 1980.23 	 0 	 0 	 NaN 	 NaN 	 0 	 0 	 0 	 NaN 	 NaN 	 NaN 	 NaN 	 0 	 0 	 NaN 	 NaN 	 1372 	 0.944904 	 148.184 	 174.341 	 179.854 	 126.463 	 0.277372 	 168.211 	 179.725 	 46.7307 	 0.259826 	 55.3854 	 9.98306 	 7.93184 	 0.0752963 	 105.342 	 81 	 88 	 143.778 	 24.1789 	 1 	 0 	 0 	 NaN 	 NaN 	 NaN 	 NaN 	 81 	 81 	 81 	 0 	  DCIS 
62 	 1167.74 	 139.507 	 1100.77 	 897.793 	 2332 	 86.3233 	 35.0401 	 0.91391 	 0.942603 	 209.48 	 1114.92 	 386.262 	 0.346448 	 758.92 	 1034.4 	 0 	 0 	 NaN 	 NaN 	 0 	 0 	 0 	 NaN 	 NaN 	 NaN 	 NaN 	 0 	 0 	 NaN 	 NaN 	 2970 	 0.947973 	 229.238 	 107.992 	 85.3769 	 31.9858 	 0 	 0 	 0 	 25.3547 	 0.296974 	 31.9623 	 17.8283 	 10.4828 	 0.127966 	 81.9185 	 58 	 58 	 113.103 	 -6.49542 	 1 	 0 	 0 	 NaN 	 NaN 	 NaN 	 NaN 	 58 	 58 	 58 	 0 	  DCIS 
63 	 1164.9 	 228.076 	 1108.55 	 861.107 	 1089 	 44.0447 	 31.8812 	 0.689969 	 0.954426 	 128.569 	 733.029 	 145.904 	 0.199042 	 391.029 	 652.51 	 0 	 0 	 NaN 	 NaN 	 0 	 0 	 0 	 NaN 	 NaN 	 NaN 	 NaN 	 0 	 0 	 NaN 	 NaN 	 1461 	 0.966909 	 147.74 	 85.9117 	 87.8788 	 34.4877 	 0.113636 	 76.8667 	 89.004 	 17.7192 	 0.201632 	 20.2614 	 -4.49435 	 6.25275 	 0.0890482 	 70.2176 	 0 	 0 	 NaN 	 NaN 	 0 	 0 	 0 	 NaN 	 NaN 	 NaN 	 NaN 	 0 	 0 	 NaN 	 NaN 	  Other 
64 	 1175.01 	 401.108 	 1158.76 	 828.037 	 2682 	 65.7927 	 53.9721 	 0.571881 	 0.952415 	 204.125 	 2027.7 	 504.576 	 0.248841 	 808.048 	 1947.18 	 90 	 257 	 493.7 	 64.466 	 2 	 111.973 	 0.0417499 	 28.2843 	 28.2843 	 28.2843 	 0 	 45 	 45 	 45 	 0 	 3235 	 0.949794 	 224.368 	 134.949 	 125.064 	 71.6733 	 0.143564 	 111.621 	 125.816 	 20.6439 	 0.165066 	 50.521 	 9.49334 	 9.4134 	 0.0936869 	 100.477 	 61 	 62 	 141.934 	 22.3356 	 1 	 0 	 0 	 NaN 	 NaN 	 NaN 	 NaN 	 61 	 61 	 61 	 0 	  DCIS 
65 	 1170.2 	 267.155 	 1120.41 	 853.307 	 1119 	 39.6931 	 36.4729 	 0.394553 	 0.963824 	 129.64 	 889.036 	 272.039 	 0.305994 	 543.383 	 808.516 	 0 	 0 	 NaN 	 NaN 	 0 	 0 	 0 	 NaN 	 NaN 	 NaN 	 NaN 	 0 	 0 	 NaN 	 NaN 	 1444 	 0.963309 	 145.64 	 95.6316 	 89.8898 	 36.4987 	 0.338583 	 98.6512 	 87.2967 	 21.1319 	 0.235087 	 29.3744 	 12.8177 	 11.643 	 0.146766 	 79.3307 	 0 	 0 	 NaN 	 NaN 	 0 	 0 	 0 	 NaN 	 NaN 	 NaN 	 NaN 	 0 	 0 	 NaN 	 NaN 	  Other 
66 	 1198.82 	 620.352 	 1264.29 	 833.236 	 5352 	 130.639 	 53.1572 	 0.913472 	 0.961207 	 328.718 	 1091.84 	 348.298 	 0.319002 	 682.386 	 1011.32 	 45 	 45 	 439.844 	 10.6104 	 1 	 0 	 0 	 NaN 	 NaN 	 NaN 	 NaN 	 45 	 45 	 45 	 0 	 6108 	 0.950661 	 347.99 	 163.069 	 130.145 	 76.7537 	 0.296552 	 133.651 	 130.286 	 44.0018 	 0.338099 	 50.9926 	 21.5279 	 14.4253 	 0.142897 	 100.949 	 72 	 73 	 146.903 	 27.3039 	 1 	 0 	 0 	 NaN 	 NaN 	 NaN 	 NaN 	 72 	 72 	 72 	 0 	  DCIS 
67 	 1185.65 	 464.816 	 1190.08 	 832.024 	 2455 	 75.1205 	 41.9683 	 0.829383 	 0.947876 	 209.338 	 1157.7 	 418.963 	 0.361894 	 643.312 	 1077.18 	 90 	 118 	 326.689 	 -102.545 	 2 	 758.959 	 0.309148 	 9.21954 	 9.21954 	 9.21954 	 0 	 45 	 45 	 45 	 0 	 3071 	 0.951658 	 226.652 	 101.828 	 102.5 	 49.1089 	 0.30102 	 112.492 	 100.967 	 23.2411 	 0.226742 	 27.7998 	 2.52665 	 6.72782 	 0.0865248 	 77.756 	 70 	 72 	 122.143 	 2.54399 	 1 	 0 	 0 	 NaN 	 NaN 	 NaN 	 NaN 	 70 	 70 	 70 	 0 	  DCIS 
68 	 1194.12 	 306.19 	 1152.03 	 865.64 	 1353 	 54.6829 	 32.961 	 0.797918 	 0.908054 	 156.853 	 1174.36 	 436.972 	 0.372094 	 687.102 	 1093.84 	 45 	 45 	 518.467 	 89.2326 	 1 	 0 	 0 	 NaN 	 NaN 	 NaN 	 NaN 	 45 	 45 	 45 	 0 	 2223 	 0.959016 	 182.953 	 141.459 	 127.696 	 74.3045 	 0.223602 	 112.389 	 128.633 	 34.9594 	 0.273772 	 56.995 	 9.46729 	 18.4623 	 0.172624 	 106.951 	 68 	 71 	 138.544 	 18.9452 	 1 	 0 	 0 	 NaN 	 NaN 	 NaN 	 NaN 	 68 	 68 	 68 	 0 	  DCIS 
69 	 1191.24 	 883.433 	 1396.41 	 847.427 	 661 	 37.9817 	 22.309 	 0.809325 	 0.972059 	 99.9828 	 842.982 	 251.624 	 0.298493 	 610.98 	 762.462 	 0 	 0 	 NaN 	 NaN 	 0 	 0 	 0 	 NaN 	 NaN 	 NaN 	 NaN 	 0 	 0 	 NaN 	 NaN 	 975 	 0.973054 	 119.497 	 86.0041 	 75.3524 	 21.9613 	 0 	 0 	 0 	 14.966 	 0.198613 	 22.2571 	 11.4552 	 7.25268 	 0.100434 	 72.2133 	 0 	 0 	 NaN 	 NaN 	 0 	 0 	 0 	 NaN 	 NaN 	 NaN 	 NaN 	 0 	 0 	 NaN 	 NaN 	  Other 
70 	 1218.69 	 769.65 	 1355.63 	 855.641 	 2391 	 80.1413 	 38.8365 	 0.874736 	 0.952969 	 204.894 	 887.581 	 232.309 	 0.261732 	 616.459 	 807.062 	 0 	 0 	 NaN 	 NaN 	 0 	 0 	 0 	 NaN 	 NaN 	 NaN 	 NaN 	 0 	 0 	 NaN 	 NaN 	 3004 	 0.962821 	 223.823 	 142.598 	 162.356 	 108.965 	 0 	 0 	 159.624 	 110.416 	 0.680088 	 36.4348 	 3.33761 	 17.9039 	 0.207243 	 86.391 	 0 	 0 	 NaN 	 NaN 	 0 	 0 	 0 	 NaN 	 NaN 	 NaN 	 NaN 	 0 	 0 	 NaN 	 NaN 	  DCIS 
71 	 1202.47 	 238.801 	 1146.85 	 892.397 	 438 	 30.0278 	 19.0021 	 0.774303 	 0.939914 	 84.9117 	 647.242 	 126.057 	 0.194759 	 238.038 	 566.723 	 0 	 0 	 NaN 	 NaN 	 0 	 0 	 0 	 NaN 	 NaN 	 NaN 	 NaN 	 0 	 0 	 NaN 	 NaN 	 695 	 0.962604 	 100.426 	 84.5914 	 85.2273 	 31.8362 	 0 	 0 	 85.3636 	 6.41608 	 0.0752821 	 16.288 	 -1.54717 	 4.39181 	 0.0662972 	 66.2443 	 0 	 0 	 NaN 	 NaN 	 0 	 0 	 0 	 NaN 	 NaN 	 NaN 	 NaN 	 0 	 0 	 NaN 	 NaN 	  Other 
72 	 1234.61 	 61.5348 	 1164.07 	 992.553 	 2971 	 87.5786 	 44.704 	 0.859911 	 0.933103 	 239.823 	 1704.65 	 778.852 	 0.4569 	 1066.18 	 1624.13 	 37 	 40 	 575.405 	 146.171 	 1 	 0 	 0 	 NaN 	 NaN 	 NaN 	 NaN 	 37 	 37 	 37 	 0 	 3611 	 0.953273 	 251.439 	 103.706 	 85.0837 	 31.6926 	 0 	 0 	 0 	 16.8509 	 0.198051 	 34.1185 	 16.5867 	 14.1948 	 0.168836 	 84.0747 	 70 	 71 	 125.171 	 5.57256 	 1 	 0 	 0 	 NaN 	 NaN 	 NaN 	 NaN 	 70 	 70 	 70 	 0 	  DCIS 
73 	 1238.47 	 543.145 	 1267.25 	 880.877 	 2444 	 59.3909 	 57.0631 	 0.277222 	 0.903178 	 254.409 	 1310.46 	 526.801 	 0.401997 	 897.823 	 1229.94 	 13 	 13 	 542.231 	 112.997 	 1 	 0 	 0 	 NaN 	 NaN 	 NaN 	 NaN 	 13 	 13 	 13 	 0 	 2900 	 0.938208 	 224.309 	 115.772 	 100.922 	 47.5308 	 0.46875 	 120.411 	 93.8217 	 34.0018 	 0.336912 	 37.8383 	 21.384 	 15.2368 	 0.17355 	 87.7946 	 35 	 36 	 150.714 	 31.1154 	 1 	 0 	 0 	 NaN 	 NaN 	 NaN 	 NaN 	 35 	 35 	 35 	 0 	  DCIS 
74 	 1251.31 	 613.823 	 1308.29 	 885.538 	 2821 	 89.0498 	 41.8364 	 0.882768 	 0.908242 	 245.966 	 1531.39 	 643.054 	 0.419914 	 1044.69 	 1450.87 	 45 	 45 	 356.111 	 -73.1229 	 1 	 0 	 0 	 NaN 	 NaN 	 NaN 	 NaN 	 45 	 45 	 45 	 0 	 3277 	 0.91129 	 255.966 	 98.8142 	 105.351 	 51.9602 	 0.801802 	 114.399 	 97.8435 	 35.1925 	 0.334049 	 24.3663 	 15.7237 	 10.8125 	 0.145481 	 74.3226 	 130 	 300 	 119.815 	 0.216515 	 2 	 701.789 	 0.248773 	 24.9298 	 24.9298 	 24.9298 	 0 	 68 	 62 	 65 	 4.24264 	  DCIS 
75 	 1262.52 	 707.183 	 1361.55 	 895.378 	 3030 	 93.5641 	 42.279 	 0.892083 	 0.93721 	 242.007 	 1484.06 	 631.088 	 0.425243 	 1095.96 	 1403.54 	 0 	 0 	 NaN 	 NaN 	 0 	 0 	 0 	 NaN 	 NaN 	 NaN 	 NaN 	 0 	 0 	 NaN 	 NaN 	 3631 	 0.950772 	 261.279 	 112.028 	 96.7009 	 43.3098 	 0.508929 	 120.754 	 87.988 	 34.1249 	 0.352891 	 36.8236 	 29.1405 	 15.5728 	 0.179452 	 86.7799 	 121 	 176 	 134.182 	 14.5829 	 2 	 924.095 	 0.304982 	 12.1997 	 12.1997 	 12.1997 	 0 	 61 	 60 	 60.5 	 0.707107 	  DCIS 
76 	 1284.68 	 915.825 	 1491.81 	 946.633 	 2658 	 97.8268 	 39.8284 	 0.913369 	 0.807657 	 253.179 	 873.362 	 285.645 	 0.327064 	 548.934 	 792.843 	 0 	 0 	 NaN 	 NaN 	 0 	 0 	 0 	 NaN 	 NaN 	 NaN 	 NaN 	 0 	 0 	 NaN 	 NaN 	 3200 	 0.811771 	 271.865 	 153.026 	 141.502 	 88.111 	 0.285106 	 153.985 	 137.739 	 36.1354 	 0.25537 	 57.7059 	 20.1267 	 13.8994 	 0.129102 	 107.662 	 0 	 0 	 NaN 	 NaN 	 0 	 0 	 0 	 NaN 	 NaN 	 NaN 	 NaN 	 0 	 0 	 NaN 	 NaN 	  DCIS 
77 	 1285.18 	 583.409 	 1326.25 	 922.222 	 2894 	 75.7545 	 51.7988 	 0.729697 	 0.864913 	 235.966 	 1741.97 	 647.186 	 0.371526 	 1212.28 	 1661.45 	 45 	 45 	 391.289 	 -37.9452 	 1 	 0 	 0 	 NaN 	 NaN 	 NaN 	 NaN 	 45 	 45 	 45 	 0 	 3406 	 0.866667 	 262.492 	 124.26 	 113.904 	 60.5128 	 0.720524 	 116.715 	 112.664 	 34.83 	 0.305784 	 40.5901 	 26.4828 	 13.2838 	 0.146707 	 90.5463 	 135 	 861 	 141.067 	 21.4678 	 3 	 520.911 	 0.179997 	 44.4456 	 27.7366 	 35.1183 	 7.62297 	 75 	 3 	 45 	 37.47 	  DCIS 
78 	 1270.34 	 477.427 	 1273.1 	 915.157 	 1481 	 58.0045 	 33.7811 	 0.812911 	 0.958576 	 162.024 	 926.594 	 319.763 	 0.345095 	 491.872 	 846.074 	 0 	 0 	 NaN 	 NaN 	 0 	 0 	 0 	 NaN 	 NaN 	 NaN 	 NaN 	 0 	 0 	 NaN 	 NaN 	 1903 	 0.962083 	 178.125 	 116.155 	 100.287 	 46.8955 	 0.216561 	 104.382 	 100.269 	 15.9052 	 0.158597 	 38.0856 	 16.4342 	 10.3822 	 0.117923 	 88.0419 	 64 	 65 	 117.609 	 -1.9895 	 1 	 0 	 0 	 NaN 	 NaN 	 NaN 	 NaN 	 64 	 64 	 64 	 0 	  DCIS 
79 	 1290.93 	 869.395 	 1469.97 	 941.952 	 3535 	 71.26 	 63.689 	 0.448556 	 0.974098 	 228.309 	 1352.02 	 612.564 	 0.453072 	 999.462 	 1271.5 	 0 	 0 	 NaN 	 NaN 	 0 	 0 	 0 	 NaN 	 NaN 	 NaN 	 NaN 	 0 	 0 	 NaN 	 NaN 	 4189 	 0.97396 	 247.137 	 164.169 	 159.065 	 105.674 	 0.317757 	 154.926 	 159.797 	 25.5329 	 0.160518 	 70.2817 	 11.2566 	 18.3922 	 0.152965 	 120.238 	 105 	 176 	 159.676 	 40.0773 	 2 	 387.262 	 0.109551 	 14.152 	 14.152 	 14.152 	 0 	 69 	 36 	 52.5 	 23.3345 	  DCIS 
80 	 1289.73 	 340.201 	 1253.25 	 951.759 	 2377 	 63.0988 	 49.174 	 0.626629 	 0.928153 	 207.137 	 1216.35 	 505.808 	 0.415841 	 519.834 	 1135.83 	 45 	 45 	 540.133 	 110.899 	 1 	 0 	 0 	 NaN 	 NaN 	 NaN 	 NaN 	 45 	 45 	 45 	 0 	 2839 	 0.926264 	 219.238 	 158.861 	 122.524 	 69.1327 	 0.206349 	 142.821 	 119.871 	 26.621 	 0.217272 	 61.9899 	 22.8758 	 17.4411 	 0.155799 	 111.946 	 0 	 0 	 NaN 	 NaN 	 0 	 0 	 0 	 NaN 	 NaN 	 NaN 	 NaN 	 0 	 0 	 NaN 	 NaN 	  DCIS 
81 	 1299.71 	 690.559 	 1386.58 	 932.054 	 3408 	 111.302 	 41.1243 	 0.929237 	 0.861912 	 287.463 	 1729.93 	 795.917 	 0.460085 	 1141.38 	 1649.41 	 0 	 0 	 NaN 	 NaN 	 0 	 0 	 0 	 NaN 	 NaN 	 NaN 	 NaN 	 0 	 0 	 NaN 	 NaN 	 4155 	 0.90228 	 298.836 	 107.099 	 90.5409 	 37.1498 	 0.447471 	 106.009 	 84.807 	 28.0656 	 0.309977 	 36.1987 	 21.843 	 16.2051 	 0.188093 	 86.1549 	 95 	 310 	 141.453 	 21.8538 	 2 	 80.3986 	 0.0235911 	 32.8558 	 32.8558 	 32.8558 	 0 	 60 	 35 	 47.5 	 17.6777 	  DCIS 
82 	 1291.6 	 528.011 	 1311.6 	 936.013 	 2134 	 68.8551 	 41.4933 	 0.798031 	 0.905004 	 210.309 	 1013.74 	 375.364 	 0.370276 	 557.914 	 933.222 	 0 	 0 	 NaN 	 NaN 	 0 	 0 	 0 	 NaN 	 NaN 	 NaN 	 NaN 	 0 	 0 	 NaN 	 NaN 	 2510 	 0.927911 	 216.652 	 109.566 	 101.446 	 48.0551 	 0.478495 	 106.449 	 100.442 	 16.16 	 0.159296 	 37.1215 	 14.8984 	 9.54971 	 0.109669 	 87.0778 	 70 	 71 	 131.986 	 12.3868 	 1 	 0 	 0 	 NaN 	 NaN 	 NaN 	 NaN 	 70 	 70 	 70 	 0 	  DCIS 
83 	 1302.65 	 34.3708 	 1232.09 	 1065.8 	 2414 	 62.0561 	 49.781 	 0.597064 	 0.968311 	 190.995 	 1230.43 	 576.606 	 0.468621 	 856.17 	 1149.91 	 0 	 0 	 NaN 	 NaN 	 0 	 0 	 0 	 NaN 	 NaN 	 NaN 	 NaN 	 0 	 0 	 NaN 	 NaN 	 2957 	 0.973658 	 207.439 	 87.7552 	 70.5082 	 17.1171 	 0 	 0 	 0 	 9.59846 	 0.136133 	 25.0168 	 13.8357 	 13.568 	 0.180972 	 74.9731 	 0 	 0 	 NaN 	 NaN 	 0 	 0 	 0 	 NaN 	 NaN 	 NaN 	 NaN 	 0 	 0 	 NaN 	 NaN 	  DCIS 
84 	 1313.18 	 297.898 	 1266.71 	 983.094 	 2427 	 109.355 	 31.3146 	 0.958123 	 0.827763 	 259.421 	 1969.47 	 676.604 	 0.343546 	 682.901 	 1888.95 	 0 	 0 	 NaN 	 NaN 	 0 	 0 	 0 	 NaN 	 NaN 	 NaN 	 NaN 	 0 	 0 	 NaN 	 NaN 	 2910 	 0.823896 	 277.179 	 194.203 	 195.595 	 142.204 	 0.506329 	 206.725 	 194.006 	 43.9355 	 0.224625 	 112.45 	 10.3941 	 23.7616 	 0.14631 	 162.407 	 61 	 61 	 163.197 	 43.5979 	 1 	 0 	 0 	 NaN 	 NaN 	 NaN 	 NaN 	 61 	 61 	 61 	 0 	  DCIS 
85 	 1324.85 	 258.025 	 1271.3 	 1004.58 	 2562 	 99.1004 	 36.4499 	 0.929902 	 0.884974 	 250.451 	 1947.91 	 542.626 	 0.278568 	 891.198 	 1867.39 	 45 	 45 	 699.822 	 270.588 	 1 	 0 	 0 	 NaN 	 NaN 	 NaN 	 NaN 	 45 	 45 	 45 	 0 	 3219 	 0.911124 	 263.622 	 215.104 	 206.807 	 153.416 	 0.355263 	 235.086 	 200.517 	 45.648 	 0.220728 	 113.008 	 17.6988 	 23.2014 	 0.142371 	 162.964 	 70 	 72 	 168.986 	 49.3868 	 1 	 0 	 0 	 NaN 	 NaN 	 NaN 	 NaN 	 70 	 70 	 70 	 0 	  DCIS 
86 	 1325.33 	 616.103 	 1376.23 	 959.205 	 2208 	 71.7878 	 41.07 	 0.820182 	 0.911643 	 202.652 	 1038.49 	 291.457 	 0.280655 	 708.723 	 957.971 	 0 	 0 	 0 	 -429.234 	 0 	 0 	 0 	 NaN 	 NaN 	 NaN 	 NaN 	 0 	 0 	 NaN 	 NaN 	 2794 	 0.933512 	 221.924 	 78.3951 	 71.1795 	 17.7884 	 0.205128 	 77.725 	 70.9914 	 19.0789 	 0.268039 	 15.4111 	 6.66337 	 6.04346 	 0.0924538 	 65.3673 	 0 	 0 	 NaN 	 NaN 	 0 	 0 	 0 	 NaN 	 NaN 	 NaN 	 NaN 	 0 	 0 	 NaN 	 NaN 	  DCIS 
87 	 1363.91 	 835.284 	 1513.16 	 1007.84 	 2782 	 65.0433 	 56.0063 	 0.508501 	 0.976483 	 205.154 	 1398.28 	 685.831 	 0.490481 	 1065.71 	 1317.76 	 0 	 0 	 0 	 -429.234 	 0 	 0 	 0 	 NaN 	 NaN 	 NaN 	 NaN 	 0 	 0 	 NaN 	 NaN 	 3236 	 0.976758 	 220.083 	 147.236 	 147.951 	 94.5604 	 0 	 0 	 0 	 35.2748 	 0.238421 	 56.1487 	 6.54468 	 12.0139 	 0.113226 	 106.105 	 122 	 354 	 149.41 	 29.811 	 2 	 147.004 	 0.0528413 	 30.5939 	 30.5939 	 30.5939 	 0 	 68 	 54 	 61 	 9.89949 	  DCIS 
