rownames 	XLoc 	YLoc 	NNDistSame 	NNDistOpp 	dapi_Area 	dapi_MajorAxisLength 	dapi_MinorAxisLength 	dapi_Eccentricity 	dapi_Solidity 	dapi_Perimeter 	dapi_MeanIntensity 	dapi_PixelSD 	dapi_PixelCV 	dapi_NucAdjustedInt 	dapi_BackAdjustedInt 	nucl_BackgroundAdjust 	nucl_NuclearAdjustedInt 	nucl_PixelSD 	nucl_PixelCV 	nucl_MeanIntensity 	memb_Area 	memb_Solidity 	memb_Perimeter 	memb_MeanIntensity 	memb_MembraneIntensity 	memb_temp 	memb_pcTouch 	memb_OverLapIntensity 	memb_nonLapIntensity 	memb_PixelSD 	memb_PixelCV 	Her2_Area 	Her2_ConvexArea 	Her2_MeanIntensity 	Her2_BackAdjustedInt 	Her2_CN 	Her2_AreaSD 	Her2_CoeffVar 	Her2_MaxSpotDist 	Her2_MinSpotDist 	Her2_MeanSpotDist 	Her2_SDSpotDist 	Her2_SpotAreaMax 	Her2_SpotAreaMin 	Her2_SpotAreaMean 	Her2_SpotAreaSD 	cent_Area 	cent_ConvexArea 	cent_MeanIntensity 	cent_BackAdjustedInt 	cent_CN 	cent_AreaSD 	cent_CoeffVar 	cent_MaxSpotDist 	cent_MinSpotDist 	cent_MeanSpotDist 	cent_SDSpotDist 	cent_SpotAreaMax 	cent_SpotAreaMin 	cent_SpotAreaMean 	cent_SpotAreaSD 	CellLabels 	
1 	 232.312 	 965.37 	 93.6216 	 NaN 	 7659 	 113.577 	 87.1972 	 0.640768 	 0.965704 	 353.404 	 780.524 	 259.061 	 0.331907 	 357.918 	 741.639 	 303.613 	 -73.3081 	 116.444 	 0.31577 	 368.763 	 11670 	 0.891384 	 505.622 	 430.445 	 891.432 	 811.043 	 0.468085 	 1067.03 	 812.082 	 712.439 	 0.799207 	 126 	 284 	 98.8333 	 42.0407 	 2 	 1208.68 	 0.157811 	 24.4607 	 24.4607 	 24.4607 	 0 	 92 	 34 	 63 	 41.0122 	 54 	 54 	 109.519 	 35.0257 	 1 	 0 	 0 	 NaN 	 NaN 	 NaN 	 NaN 	 54 	 54 	 54 	 0 	  Tumour 
2 	 244.516 	 413.071 	 78.7718 	 NaN 	 12831 	 150.715 	 117.697 	 0.624625 	 0.851766 	 506.174 	 1343.94 	 759.088 	 0.564825 	 855.563 	 1305.05 	 420.087 	 83.0085 	 138.435 	 0.285293 	 485.237 	 15270 	 0.84589 	 619.806 	 376.041 	 549.131 	 468.742 	 0.513089 	 419.735 	 597.288 	 397.032 	 0.723018 	 1046 	 5657 	 113.016 	 56.2236 	 6 	 3478.02 	 0.271064 	 92.1968 	 19.023 	 55.236 	 22.3589 	 334 	 45 	 174.333 	 117.711 	 125 	 369 	 123.608 	 49.1152 	 3 	 9665.72 	 0.75331 	 31.263 	 12.5852 	 21.5683 	 8.37117 	 51 	 34 	 41.6667 	 8.62168 	  Tumour 
3 	 229.594 	 317.752 	 647.003 	 NaN 	 5677 	 96.2145 	 78.9544 	 0.571491 	 0.929437 	 310.149 	 768.818 	 245.043 	 0.318727 	 193.315 	 729.933 	 235.106 	 -177.502 	 61.2854 	 0.20411 	 300.256 	 7741 	 0.931304 	 386.35 	 261.603 	 296.058 	 215.669 	 0.377522 	 406.298 	 267.92 	 223.46 	 0.754787 	 302 	 1148 	 97.053 	 40.2603 	 4 	 1462.82 	 0.257675 	 59.561 	 14.4954 	 35.9552 	 16.8718 	 104 	 41 	 75.5 	 31.3316 	 0 	 0 	 NaN 	 NaN 	 0 	 0 	 0 	 NaN 	 NaN 	 NaN 	 NaN 	 0 	 0 	 NaN 	 NaN 	  Tumour 
4 	 208.005 	 753.927 	 212.361 	 NaN 	 2224 	 85.2614 	 35.9999 	 0.906489 	 0.910356 	 215.238 	 540.175 	 156.408 	 0.289551 	 243.574 	 501.29 	 158.604 	 -146.318 	 54.8961 	 0.245341 	 223.754 	 4730 	 0.812157 	 354.208 	 552.625 	 602.721 	 522.332 	 0.37931 	 1000.17 	 501.368 	 474.293 	 0.786919 	 0 	 0 	 NaN 	 NaN 	 0 	 0 	 0 	 NaN 	 NaN 	 NaN 	 NaN 	 0 	 0 	 NaN 	 NaN 	 43 	 44 	 76.186 	 1.69325 	 1 	 0 	 0 	 NaN 	 NaN 	 NaN 	 NaN 	 43 	 43 	 43 	 0 	  Tumour 
5 	 260.866 	 856.405 	 112.792 	 NaN 	 12853 	 152.796 	 108.261 	 0.70568 	 0.963204 	 461.831 	 870.399 	 347.642 	 0.399406 	 648.663 	 831.514 	 275.366 	 50.5862 	 135.874 	 0.399022 	 340.516 	 16686 	 0.935419 	 575.865 	 433.385 	 852.108 	 771.719 	 0.705009 	 1042.78 	 736.486 	 682.479 	 0.800931 	 732 	 5335 	 91.5355 	 34.7428 	 9 	 4604.64 	 0.358254 	 93.2915 	 9.58186 	 48.8845 	 20.5724 	 218 	 38 	 81.3333 	 62.6777 	 259 	 1025 	 103.34 	 28.847 	 4 	 3402.67 	 0.264738 	 49.9789 	 17.2208 	 31.1468 	 12.7274 	 90 	 42 	 64.75 	 19.6871 	  Tumour 
6 	 290.156 	 733.317 	 239.14 	 NaN 	 5791 	 98.9079 	 75.1012 	 0.650736 	 0.981359 	 294.25 	 574.073 	 158.32 	 0.275785 	 322.17 	 535.188 	 182.766 	 -100.509 	 64.6359 	 0.260717 	 247.916 	 8973 	 0.957222 	 389.622 	 428.848 	 892.246 	 811.857 	 0.805085 	 888.207 	 885.957 	 284.412 	 0.31876 	 357 	 1517 	 76.3025 	 19.5098 	 5 	 2330.14 	 0.402373 	 56.6319 	 16.0608 	 29.9679 	 14.082 	 122 	 39 	 71.4 	 39.7781 	 142 	 683 	 87.7254 	 13.2326 	 3 	 2301.91 	 0.397497 	 48.6139 	 13.9842 	 34.064 	 16.0683 	 64 	 35 	 47.3333 	 14.9778 	  Tumour 
7 	 311.094 	 640.223 	 334.464 	 NaN 	 8503 	 111.236 	 98.0584 	 0.472112 	 0.985855 	 352.233 	 704.589 	 215.987 	 0.306543 	 266.224 	 665.704 	 185.885 	 -96.4265 	 51.0876 	 0.203508 	 251.035 	 13072 	 0.968799 	 469.362 	 374.65 	 875.459 	 795.071 	 0.404306 	 827.142 	 878.777 	 341.419 	 0.389988 	 883 	 3751 	 74.1653 	 17.3727 	 8 	 1291.78 	 0.151921 	 67.5748 	 8.06226 	 30.4378 	 17.1873 	 273 	 45 	 110.375 	 102.185 	 52 	 52 	 84.7692 	 10.2764 	 1 	 0 	 0 	 NaN 	 NaN 	 NaN 	 NaN 	 52 	 52 	 52 	 0 	  Tumour 
8 	 323.271 	 987.345 	 93.6216 	 NaN 	 4609 	 122.75 	 57.5092 	 0.883459 	 0.788537 	 353.647 	 606.089 	 241.282 	 0.398098 	 389.669 	 567.204 	 324.555 	 36.4715 	 164.13 	 0.421164 	 389.705 	 10605 	 0.80837 	 598.995 	 458.039 	 472.804 	 392.415 	 0.547368 	 630.202 	 416.066 	 366.1 	 0.774317 	 0 	 0 	 NaN 	 NaN 	 0 	 0 	 0 	 NaN 	 NaN 	 NaN 	 NaN 	 0 	 0 	 NaN 	 NaN 	 0 	 0 	 NaN 	 NaN 	 0 	 0 	 0 	 NaN 	 NaN 	 NaN 	 NaN 	 0 	 0 	 NaN 	 NaN 	  Tumour 
9 	 319.428 	 440.247 	 532.16 	 NaN 	 5665 	 105.106 	 69.3546 	 0.751392 	 0.972699 	 297.078 	 1013.21 	 344.783 	 0.340287 	 791.224 	 974.327 	 236.247 	 -86.8281 	 56.0239 	 0.185881 	 301.397 	 10672 	 0.896957 	 461.321 	 327.555 	 501.436 	 421.048 	 0.395683 	 401.164 	 523.311 	 246.689 	 0.491966 	 445 	 1458 	 79.191 	 22.3983 	 5 	 1438.61 	 0.253947 	 55.5249 	 15.6642 	 30.3393 	 13.401 	 145 	 36 	 89 	 49.684 	 183 	 2104 	 98.1311 	 23.6383 	 4 	 976.873 	 0.17244 	 68.4064 	 27.4361 	 46.7227 	 15.632 	 69 	 23 	 45.75 	 19.1377 	  Tumour 
10 	 413.013 	 864.618 	 206.787 	 NaN 	 12176 	 163.072 	 99.117 	 0.794081 	 0.968039 	 452.132 	 446.672 	 114.498 	 0.256336 	 279.113 	 407.788 	 97.6825 	 -50.7798 	 30.3117 	 0.186152 	 162.833 	 20002 	 0.819485 	 733.12 	 250.793 	 569.094 	 488.705 	 0.898975 	 559.544 	 570.214 	 267.094 	 0.469331 	 191 	 487 	 77 	 20.2073 	 2 	 5641.85 	 0.463358 	 31.1158 	 31.1158 	 31.1158 	 0 	 124 	 67 	 95.5 	 40.3051 	 40 	 41 	 73.125 	 -1.3678 	 1 	 0 	 0 	 NaN 	 NaN 	 NaN 	 NaN 	 40 	 40 	 40 	 0 	  Tumour 
11 	 426.526 	 605.732 	 408.541 	 NaN 	 8773 	 136.99 	 82.9179 	 0.79601 	 0.969821 	 389.605 	 536.141 	 144.862 	 0.270194 	 318.48 	 497.256 	 172.436 	 -45.1299 	 41.5029 	 0.174686 	 237.586 	 18332 	 0.954692 	 574.156 	 313.986 	 651.98 	 571.591 	 0.616803 	 763.837 	 598.667 	 293.065 	 0.449501 	 423 	 1765 	 68.4137 	 11.621 	 6 	 3086.55 	 0.351824 	 52.3459 	 13.1789 	 29.5322 	 12.0569 	 126 	 35 	 70.5 	 35.8929 	 141 	 365 	 102.163 	 27.6703 	 2 	 568.698 	 0.0648236 	 28.8976 	 28.8976 	 28.8976 	 0 	 94 	 47 	 70.5 	 33.234 	  Tumour 
12 	 476.372 	 932.125 	 246.221 	 NaN 	 12657 	 182.04 	 88.901 	 0.872642 	 0.982839 	 473.73 	 509.58 	 113.538 	 0.222806 	 322.781 	 470.695 	 123.38 	 -84.7392 	 39.5915 	 0.210001 	 188.53 	 21593 	 0.82862 	 740.032 	 217.804 	 519.572 	 439.184 	 0.546362 	 570.384 	 495.045 	 278.15 	 0.535345 	 268 	 2858 	 65.6567 	 8.86403 	 4 	 1619.96 	 0.127989 	 81.6876 	 17.7106 	 56.5043 	 21.6739 	 110 	 39 	 67 	 32.4859 	 70 	 70 	 99.9286 	 25.4358 	 1 	 0 	 0 	 NaN 	 NaN 	 NaN 	 NaN 	 70 	 70 	 70 	 0 	  Tumour 
13 	 457.294 	 284.711 	 716.258 	 NaN 	 10165 	 150.522 	 93.9987 	 0.781038 	 0.845604 	 496.985 	 905.11 	 421.001 	 0.465138 	 719.769 	 866.225 	 121.946 	 -18.8872 	 35.5678 	 0.190104 	 187.097 	 17681 	 0.934761 	 550.174 	 321.673 	 491.289 	 410.9 	 0.164241 	 648.557 	 475.665 	 489.505 	 0.996368 	 889 	 5723 	 105.415 	 48.6224 	 5 	 4088.25 	 0.402189 	 107.972 	 29.4969 	 62.6493 	 22.191 	 377 	 40 	 177.8 	 137.756 	 149 	 420 	 81.5369 	 7.04411 	 2 	 1928.84 	 0.189753 	 30.8541 	 30.8541 	 30.8541 	 0 	 82 	 67 	 74.5 	 10.6066 	  Tumour 
14 	 474.783 	 425.978 	 591.244 	 NaN 	 7700 	 123.48 	 82.4383 	 0.744498 	 0.927152 	 397.161 	 576.282 	 172.485 	 0.299306 	 381.51 	 537.397 	 283.556 	 -124.891 	 57.756 	 0.16563 	 348.706 	 21102 	 0.929399 	 602.86 	 403.945 	 721.691 	 641.302 	 0.469274 	 681.44 	 733.655 	 305.751 	 0.42366 	 98 	 147 	 69.8673 	 13.0747 	 2 	 982.785 	 0.127634 	 11.2209 	 11.2209 	 11.2209 	 0 	 58 	 40 	 49 	 12.7279 	 71 	 308 	 87 	 12.5072 	 2 	 2153.93 	 0.279731 	 39.9139 	 39.9139 	 39.9139 	 0 	 36 	 35 	 35.5 	 0.707107 	  Tumour 
15 	 532.957 	 544.36 	 517.535 	 NaN 	 7918 	 131.707 	 77.5288 	 0.808391 	 0.982017 	 356.475 	 805.694 	 273.224 	 0.339117 	 592.003 	 766.809 	 249.485 	 -94.2393 	 55.0272 	 0.174892 	 314.635 	 12952 	 0.973395 	 459.546 	 331.43 	 714.574 	 634.186 	 0.453401 	 811.8 	 682.542 	 326.218 	 0.456521 	 731 	 3721 	 73.7428 	 16.9501 	 4 	 1208.58 	 0.152638 	 92.251 	 17.7938 	 57.4464 	 30.1363 	 313 	 80 	 146.2 	 95.1877 	 104 	 187 	 91.4615 	 16.9687 	 2 	 1753.35 	 0.221438 	 14.7395 	 14.7395 	 14.7395 	 0 	 60 	 44 	 52 	 11.3137 	  Tumour 
16 	 541.044 	 712.522 	 398.729 	 NaN 	 11743 	 159.992 	 97.3695 	 0.793485 	 0.955337 	 447.99 	 504.09 	 113.585 	 0.225327 	 326.937 	 465.205 	 107.333 	 -25.9507 	 21.6801 	 0.125694 	 172.484 	 39971 	 0.978914 	 809.813 	 187.99 	 705.562 	 625.174 	 0.817568 	 769.702 	 631.415 	 336.594 	 0.477057 	 779 	 4860 	 83.9037 	 27.111 	 8 	 1563.98 	 0.133184 	 125.29 	 11.4492 	 55.4729 	 30.8213 	 176 	 45 	 97.375 	 48.8407 	 78 	 81 	 84.9103 	 10.4175 	 1 	 0 	 0 	 NaN 	 NaN 	 NaN 	 NaN 	 78 	 78 	 78 	 0 	  Tumour 
17 	 618.008 	 632.123 	 509.789 	 NaN 	 4315 	 80.5869 	 74.253 	 0.38861 	 0.915359 	 277.421 	 543.621 	 135.191 	 0.248685 	 343.655 	 504.736 	 287.678 	 -46.0054 	 57.8208 	 0.163878 	 352.829 	 8511 	 0.845772 	 454.049 	 377.09 	 601.786 	 521.397 	 0.635468 	 738.229 	 525.638 	 346.07 	 0.575072 	 101 	 178 	 68.6832 	 11.8905 	 2 	 421.633 	 0.0977133 	 14.2474 	 14.2474 	 14.2474 	 0 	 55 	 46 	 50.5 	 6.36396 	 59 	 62 	 94.2712 	 19.7784 	 1 	 0 	 0 	 NaN 	 NaN 	 NaN 	 NaN 	 59 	 59 	 59 	 0 	  Tumour 
18 	 632.581 	 726.24 	 466.821 	 NaN 	 6383 	 107.145 	 76.3873 	 0.701228 	 0.970061 	 316.291 	 775.226 	 278.235 	 0.358908 	 550.195 	 736.341 	 290.557 	 -35.8818 	 105.663 	 0.297052 	 355.707 	 13833 	 0.829167 	 581.203 	 358.964 	 547.971 	 467.582 	 0.551257 	 700.719 	 485.433 	 324.879 	 0.592876 	 349 	 991 	 78.7507 	 21.958 	 3 	 566.154 	 0.0886971 	 36.5071 	 23.1773 	 28.3817 	 6.37622 	 160 	 55 	 116.333 	 54.6839 	 0 	 0 	 NaN 	 NaN 	 0 	 0 	 0 	 NaN 	 NaN 	 NaN 	 NaN 	 0 	 0 	 NaN 	 NaN 	  Tumour 
19 	 672.504 	 864.078 	 452.418 	 NaN 	 11270 	 146.159 	 102.87 	 0.71038 	 0.926276 	 445.446 	 1031.4 	 378.514 	 0.366992 	 797.078 	 992.511 	 226.641 	 -34.5719 	 65.3223 	 0.223867 	 291.791 	 14410 	 0.886606 	 556.492 	 310.917 	 599.288 	 518.9 	 0.430799 	 575.443 	 602.376 	 506.819 	 0.845701 	 949 	 5961 	 90.9937 	 34.201 	 10 	 1508.78 	 0.133876 	 107.445 	 10.1896 	 56.1671 	 26.1113 	 259 	 37 	 94.9 	 79.007 	 124 	 188 	 105.685 	 31.1927 	 2 	 1651.53 	 0.146543 	 12.8472 	 12.8472 	 12.8472 	 0 	 68 	 56 	 62 	 8.48528 	  Tumour 
20 	 660.683 	 317.861 	 776.305 	 NaN 	 8681 	 119.748 	 95.6359 	 0.601803 	 0.929443 	 390.96 	 673.287 	 219.185 	 0.325545 	 451.451 	 634.402 	 251.076 	 -90.686 	 62.0554 	 0.196237 	 316.227 	 24619 	 0.944995 	 684.759 	 447.437 	 736.024 	 655.636 	 0.668831 	 664.255 	 773.134 	 444.055 	 0.603316 	 720 	 2371 	 74.55 	 17.7573 	 5 	 3507.55 	 0.40405 	 62.7904 	 16.3775 	 33.9803 	 13.7764 	 238 	 31 	 120 	 88.0727 	 44 	 45 	 88.9091 	 14.4163 	 1 	 0 	 0 	 NaN 	 NaN 	 NaN 	 NaN 	 44 	 44 	 44 	 0 	  Tumour 
21 	 694.999 	 212.124 	 883.956 	 NaN 	 8755 	 131.708 	 85.2572 	 0.762219 	 0.976467 	 391.362 	 1000.83 	 306.556 	 0.306303 	 746.127 	 961.943 	 281.814 	 -112.061 	 81.4128 	 0.234643 	 346.964 	 15125 	 0.933527 	 583.362 	 575.585 	 1073.79 	 993.399 	 0.783542 	 977.525 	 1138.61 	 612.858 	 0.570745 	 741 	 2681 	 85.4953 	 28.7026 	 6 	 1991.55 	 0.227476 	 54.4323 	 16.1238 	 36.5602 	 12.6602 	 250 	 75 	 123.5 	 64.2705 	 88 	 92 	 110.114 	 35.6208 	 1 	 0 	 0 	 NaN 	 NaN 	 NaN 	 NaN 	 88 	 88 	 88 	 0 	  Tumour 
22 	 708.608 	 141.002 	 952.106 	 NaN 	 6000 	 118.816 	 69.8031 	 0.809231 	 0.831255 	 380.291 	 1142.25 	 505.265 	 0.442343 	 653.486 	 1103.36 	 547.498 	 46.4128 	 121.405 	 0.198164 	 612.648 	 15731 	 0.943954 	 605.553 	 924.919 	 1112.47 	 1032.09 	 0.394422 	 1491.04 	 1011.7 	 638.24 	 0.573712 	 597 	 2640 	 104.052 	 47.2592 	 6 	 1404.34 	 0.234056 	 82.875 	 9.43398 	 42.9197 	 20.4755 	 212 	 32 	 99.5 	 78.9196 	 0 	 0 	 NaN 	 NaN 	 0 	 0 	 0 	 NaN 	 NaN 	 NaN 	 NaN 	 0 	 0 	 NaN 	 NaN 	  Tumour 
23 	 708.242 	 605.764 	 596.202 	 NaN 	 8876 	 113.855 	 100.105 	 0.476396 	 0.979151 	 365.747 	 760.173 	 252.021 	 0.331531 	 529.457 	 721.288 	 249.095 	 -139.671 	 91.8997 	 0.292446 	 314.245 	 10481 	 0.953512 	 431.037 	 250.654 	 473.552 	 393.163 	 0.465823 	 615.658 	 428.234 	 289.8 	 0.611971 	 754 	 3175 	 87.6525 	 30.8598 	 7 	 2233.73 	 0.25166 	 66.2869 	 13.6454 	 37.4848 	 15.8069 	 229 	 44 	 107.714 	 70.7194 	 54 	 56 	 96.0185 	 21.5257 	 1 	 0 	 0 	 NaN 	 NaN 	 NaN 	 NaN 	 54 	 54 	 54 	 0 	  Tumour 
24 	 727.923 	 441.836 	 720.795 	 NaN 	 10926 	 149.935 	 94.5506 	 0.776101 	 0.96528 	 421.789 	 864.976 	 241.419 	 0.279105 	 598.997 	 826.091 	 254.264 	 -81.4265 	 46.5519 	 0.145742 	 319.414 	 15915 	 0.860549 	 609.002 	 347.089 	 658.715 	 578.327 	 0.55536 	 741.547 	 618.6 	 256.747 	 0.38977 	 1084 	 5978 	 87.2076 	 30.4149 	 9 	 2622.45 	 0.240019 	 114.994 	 18.2936 	 52.1316 	 26.2117 	 323 	 37 	 120.444 	 92.0776 	 60 	 62 	 93.2833 	 18.7905 	 1 	 0 	 0 	 NaN 	 NaN 	 NaN 	 NaN 	 60 	 60 	 60 	 0 	  Tumour 
25 	 732.268 	 989.712 	 500.625 	 NaN 	 8599 	 141.854 	 77.921 	 0.835622 	 0.984994 	 371.505 	 823.447 	 187.593 	 0.227814 	 496.534 	 784.563 	 196.385 	 -81.7074 	 47.3341 	 0.180985 	 261.535 	 11802 	 0.977958 	 438.333 	 227.206 	 327.83 	 247.441 	 0.115183 	 414 	 346.322 	 158.983 	 0.484957 	 90 	 428 	 60 	 3.20732 	 2 	 1908.66 	 0.221963 	 50.01 	 50.01 	 50.01 	 0 	 45 	 45 	 45 	 0 	 0 	 0 	 NaN 	 NaN 	 0 	 0 	 0 	 NaN 	 NaN 	 NaN 	 NaN 	 0 	 0 	 NaN 	 NaN 	  Tumour 
26 	 764.921 	 885.76 	 538.823 	 NaN 	 5131 	 94.1933 	 71.1094 	 0.655805 	 0.962484 	 289.179 	 844.963 	 265.443 	 0.314147 	 539.406 	 806.078 	 185.488 	 -107.949 	 49.8204 	 0.198774 	 250.638 	 5971 	 0.938541 	 328.267 	 149.827 	 267.604 	 187.215 	 0.627063 	 306.937 	 254.683 	 203.24 	 0.759482 	 465 	 1551 	 79.8194 	 23.0267 	 7 	 1894.3 	 0.369188 	 63.6614 	 11.6162 	 30.1434 	 15.1786 	 132 	 38 	 66.4286 	 34.4473 	 87 	 88 	 100 	 25.5072 	 1 	 0 	 0 	 NaN 	 NaN 	 NaN 	 NaN 	 87 	 87 	 87 	 0 	  Tumour 
27 	 769.554 	 278.442 	 872.59 	 NaN 	 3911 	 76.2787 	 65.461 	 0.513347 	 0.978974 	 239.765 	 529.953 	 124.481 	 0.234891 	 302.821 	 491.068 	 385.307 	 -77.4463 	 70.1922 	 0.155824 	 450.457 	 6043 	 0.849332 	 376.51 	 569.735 	 617.1 	 536.711 	 0.962857 	 649.356 	 593.488 	 175.202 	 0.283912 	 0 	 0 	 NaN 	 NaN 	 0 	 0 	 0 	 NaN 	 NaN 	 NaN 	 NaN 	 0 	 0 	 NaN 	 NaN 	 0 	 0 	 NaN 	 NaN 	 0 	 0 	 0 	 NaN 	 NaN 	 NaN 	 NaN 	 0 	 0 	 NaN 	 NaN 	  Tumour 
28 	 792.248 	 729.623 	 607.31 	 NaN 	 5141 	 103.483 	 64.2334 	 0.784036 	 0.957356 	 293.463 	 721.538 	 246.928 	 0.342224 	 510.89 	 682.653 	 275.095 	 0.342251 	 37.1127 	 0.109076 	 340.245 	 11196 	 0.98461 	 417.061 	 87.4271 	 90.9944 	 10.6059 	 0 	 0 	 0 	 13.8712 	 0.15244 	 265 	 502 	 98.8792 	 42.0866 	 2 	 1721.59 	 0.334875 	 22.8205 	 22.8205 	 22.8205 	 0 	 216 	 49 	 132.5 	 118.087 	 0 	 0 	 NaN 	 NaN 	 0 	 0 	 0 	 NaN 	 NaN 	 NaN 	 NaN 	 0 	 0 	 NaN 	 NaN 	  Tumour 
29 	 807.881 	 561.597 	 702.983 	 NaN 	 12995 	 148.468 	 111.968 	 0.656694 	 0.977215 	 456.458 	 565.042 	 123.228 	 0.218086 	 336.829 	 526.157 	 210.474 	 -83.8306 	 48.59 	 0.176291 	 275.624 	 18548 	 0.941714 	 602.149 	 286.852 	 648.697 	 568.308 	 0.707361 	 733.365 	 590.975 	 354.112 	 0.545882 	 1079 	 5047 	 78.95 	 22.1573 	 8 	 2717 	 0.20908 	 124.069 	 11.0759 	 56.088 	 30.1744 	 238 	 46 	 119.889 	 68.4497 	 40 	 41 	 84.6 	 10.1072 	 1 	 0 	 0 	 NaN 	 NaN 	 NaN 	 NaN 	 40 	 40 	 40 	 0 	  Tumour 
30 	 828.24 	 190.609 	 976.879 	 NaN 	 10944 	 124.114 	 116.124 	 0.353009 	 0.940045 	 438.659 	 798.606 	 254.707 	 0.31894 	 450.604 	 759.721 	 299.538 	 -115.886 	 105.146 	 0.288317 	 364.688 	 16807 	 0.936741 	 564.593 	 417.673 	 879.706 	 799.318 	 0.671756 	 906.097 	 866.613 	 515.813 	 0.586347 	 707 	 2484 	 90.1443 	 33.3516 	 7 	 2768.03 	 0.252927 	 63.0011 	 14.687 	 33.2538 	 13.7025 	 265 	 36 	 101 	 76.1752 	 220 	 762 	 114.291 	 39.7981 	 3 	 3751.69 	 0.342808 	 48.8259 	 23.3632 	 33.3079 	 12.1781 	 80 	 65 	 73.3333 	 7.63763 	  Tumour 
31 	 820.437 	 372.45 	 835.101 	 NaN 	 7427 	 103.139 	 91.9466 	 0.45306 	 0.976081 	 333.362 	 706.359 	 223.247 	 0.316052 	 458.242 	 667.474 	 274.314 	 -47.7056 	 65.973 	 0.194344 	 339.465 	 14504 	 0.894425 	 609.806 	 376.647 	 622.858 	 542.469 	 0.698046 	 605.58 	 624.808 	 224.925 	 0.361117 	 248 	 698 	 81.496 	 24.7033 	 4 	 2811.42 	 0.378541 	 41.3793 	 10.0453 	 22.8487 	 12.4536 	 97 	 45 	 62 	 24.5221 	 0 	 0 	 NaN 	 NaN 	 0 	 0 	 0 	 NaN 	 NaN 	 NaN 	 NaN 	 0 	 0 	 NaN 	 NaN 	  Tumour 
32 	 880.387 	 887.833 	 652.559 	 NaN 	 13893 	 169.408 	 106.102 	 0.779575 	 0.966739 	 476.701 	 708.597 	 190.879 	 0.269376 	 497.22 	 669.712 	 161.191 	 -68.9553 	 41.693 	 0.184204 	 226.341 	 19797 	 0.962281 	 585.522 	 149.124 	 335.477 	 255.089 	 0.122486 	 186.418 	 340.306 	 376.213 	 1.12143 	 383 	 3140 	 79.0366 	 22.2439 	 6 	 4326.96 	 0.311449 	 135.069 	 10.0749 	 55.388 	 49.2479 	 74 	 45 	 63.8333 	 10.9072 	 72 	 74 	 100.361 	 25.8683 	 1 	 0 	 0 	 NaN 	 NaN 	 NaN 	 NaN 	 72 	 72 	 72 	 0 	  Tumour 
33 	 892.086 	 272.805 	 956.276 	 NaN 	 7314 	 118.07 	 87.6707 	 0.669809 	 0.79734 	 437.973 	 997.339 	 297.955 	 0.29875 	 632.854 	 958.454 	 476.765 	 47.4182 	 128.573 	 0.237256 	 541.916 	 11129 	 0.770867 	 599.321 	 544.36 	 664.65 	 584.262 	 0.8 	 658.64 	 666.838 	 202.907 	 0.305284 	 61 	 422 	 75.7541 	 18.9614 	 2 	 3117.58 	 0.426249 	 67.4259 	 67.4259 	 67.4259 	 0 	 57 	 4 	 30.5 	 37.4767 	 112 	 553 	 111.304 	 36.8108 	 2 	 2390.6 	 0.326853 	 56.3499 	 56.3499 	 56.3499 	 0 	 71 	 41 	 56 	 21.2132 	  Tumour 
34 	 895.305 	 509.559 	 804.111 	 NaN 	 6889 	 123.348 	 71.7382 	 0.813482 	 0.973023 	 340.676 	 714.309 	 216.977 	 0.303758 	 522.294 	 675.424 	 286.338 	 -125.489 	 82.8052 	 0.235584 	 351.489 	 10849 	 0.893657 	 513.321 	 468.606 	 678.81 	 598.422 	 0.47548 	 670.377 	 675.08 	 288.254 	 0.424645 	 444 	 1125 	 70.7342 	 13.9416 	 3 	 2461.94 	 0.357373 	 50.007 	 10.5577 	 35.6348 	 19.4937 	 311 	 61 	 148 	 141.269 	 56 	 58 	 89.5 	 15.0072 	 1 	 0 	 0 	 NaN 	 NaN 	 NaN 	 NaN 	 56 	 56 	 56 	 0 	  Tumour 
35 	 921.112 	 657.716 	 754.301 	 NaN 	 10591 	 136.612 	 100.402 	 0.67813 	 0.963431 	 420.032 	 678.194 	 178.296 	 0.262899 	 426.575 	 639.309 	 351.427 	 -89.5353 	 140.347 	 0.336906 	 416.577 	 13857 	 0.92067 	 529.948 	 233.014 	 374.251 	 293.862 	 0.538622 	 401.411 	 367.118 	 429.429 	 1.14744 	 624 	 5394 	 84.8686 	 28.0759 	 8 	 3559 	 0.33604 	 96.2626 	 10.6728 	 55.0857 	 26.8418 	 205 	 33 	 78 	 57.9088 	 0 	 0 	 NaN 	 NaN 	 0 	 0 	 0 	 NaN 	 NaN 	 NaN 	 NaN 	 0 	 0 	 NaN 	 NaN 	  Tumour 
36 	 953.683 	 256.359 	 1011.91 	 NaN 	 8068 	 184.664 	 60.4575 	 0.944889 	 0.830554 	 456.375 	 1591.29 	 530.249 	 0.333218 	 844.77 	 1552.41 	 594.461 	 136.941 	 94.5522 	 0.143345 	 659.612 	 13581 	 0.742131 	 751.404 	 757.143 	 870.606 	 790.218 	 0.652237 	 909.261 	 847.451 	 375.116 	 0.430868 	 574 	 5763 	 101.709 	 44.9164 	 8 	 2147.34 	 0.266155 	 160.242 	 10.8167 	 73.4341 	 47.6832 	 261 	 34 	 71.75 	 76.6565 	 50 	 53 	 122.02 	 47.5272 	 1 	 0 	 0 	 NaN 	 NaN 	 NaN 	 NaN 	 50 	 50 	 50 	 0 	  Tumour 
37 	 994.278 	 771.459 	 786.308 	 NaN 	 10700 	 130.981 	 105.38 	 0.593896 	 0.967888 	 410.818 	 678.644 	 181.671 	 0.267697 	 447.274 	 639.759 	 252.883 	 -12.2002 	 98.5957 	 0.310017 	 318.033 	 14675 	 0.925576 	 547.966 	 110.088 	 197.379 	 116.991 	 0.2393 	 90.935 	 213.2 	 316.786 	 1.60496 	 683 	 3928 	 89.1918 	 32.3991 	 9 	 2856.9 	 0.267 	 93.2892 	 10.734 	 47.2737 	 26.7287 	 170 	 45 	 75.8889 	 43.3718 	 0 	 0 	 NaN 	 NaN 	 0 	 0 	 0 	 NaN 	 NaN 	 NaN 	 NaN 	 0 	 0 	 NaN 	 NaN 	  Tumour 
38 	 1022.41 	 653.937 	 849.012 	 NaN 	 7588 	 108.209 	 90.2152 	 0.552202 	 0.976577 	 340.191 	 779.834 	 220.791 	 0.283126 	 537.318 	 740.949 	 285.514 	 11.9027 	 40.9642 	 0.116819 	 350.664 	 9498 	 0.960753 	 400.551 	 89.2572 	 101.33 	 20.9412 	 0.444142 	 94.6442 	 102.953 	 15.9298 	 0.157207 	 554 	 2318 	 80.5975 	 23.8048 	 6 	 1322.94 	 0.174347 	 66.7097 	 8 	 33.7724 	 15.948 	 189 	 45 	 92.3333 	 55.3486 	 0 	 0 	 NaN 	 NaN 	 0 	 0 	 0 	 NaN 	 NaN 	 NaN 	 NaN 	 0 	 0 	 NaN 	 NaN 	  Tumour 
39 	 1009.63 	 235.322 	 1066.86 	 NaN 	 5297 	 97.8692 	 72.7807 	 0.668566 	 0.892653 	 328.392 	 810.626 	 373.914 	 0.461266 	 549.927 	 771.741 	 583.815 	 271.038 	 147.668 	 0.227544 	 648.965 	 6410 	 0.809446 	 425.238 	 1064.88 	 1097.78 	 1017.39 	 0.607595 	 1124.93 	 1075.99 	 582.766 	 0.53086 	 358 	 1672 	 84.8464 	 28.0537 	 5 	 1293.06 	 0.244112 	 82.271 	 8.06226 	 41.3749 	 22.2978 	 138 	 45 	 71.6 	 40.961 	 0 	 0 	 NaN 	 NaN 	 0 	 0 	 0 	 NaN 	 NaN 	 NaN 	 NaN 	 0 	 0 	 NaN 	 NaN 	  Tumour 
40 	 1047.59 	 358.665 	 1016.41 	 NaN 	 11936 	 173.031 	 92.164 	 0.84634 	 0.934398 	 480.115 	 1050.39 	 473.226 	 0.450525 	 785.339 	 1011.5 	 405.284 	 67.3922 	 158.296 	 0.33649 	 470.434 	 13738 	 0.767357 	 645.463 	 307.2 	 488.492 	 408.104 	 0.623116 	 683.734 	 393.702 	 366.631 	 0.750535 	 270 	 5072 	 84.3111 	 27.5184 	 5 	 2658.02 	 0.222689 	 123.455 	 16.2788 	 77.8519 	 43.5175 	 90 	 45 	 54 	 20.1246 	 85 	 86 	 104.894 	 30.4013 	 1 	 0 	 0 	 NaN 	 NaN 	 NaN 	 NaN 	 85 	 85 	 85 	 0 	  Tumour 
41 	 1053.1 	 545.307 	 922.194 	 NaN 	 8414 	 138.743 	 77.9862 	 0.827074 	 0.96746 	 371.362 	 629.499 	 142.434 	 0.226265 	 413.815 	 590.614 	 294.109 	 -62.9328 	 82.8565 	 0.230632 	 359.259 	 10996 	 0.960601 	 433.421 	 101.06 	 122.676 	 42.2875 	 0.117347 	 93.8261 	 125.11 	 38.0885 	 0.310481 	 68 	 71 	 97.1471 	 40.3544 	 1 	 0 	 0 	 NaN 	 NaN 	 NaN 	 NaN 	 68 	 68 	 68 	 0 	 46 	 49 	 97.8043 	 23.3115 	 1 	 0 	 0 	 NaN 	 NaN 	 NaN 	 NaN 	 46 	 46 	 46 	 0 	  Tumour 
42 	 1107.42 	 358.771 	 1064.36 	 NaN 	 3263 	 128.676 	 33.5626 	 0.965384 	 0.90163 	 308.392 	 1162.62 	 570.117 	 0.490374 	 919.184 	 1123.73 	 249.257 	 107.83 	 139.046 	 0.44225 	 314.407 	 6700 	 0.875817 	 457.238 	 312.336 	 373.372 	 292.984 	 0.512881 	 546.247 	 309.491 	 367.648 	 0.984669 	 193 	 312 	 81.7824 	 24.9897 	 2 	 845.826 	 0.259217 	 20.0526 	 20.0526 	 20.0526 	 0 	 109 	 84 	 96.5 	 17.6777 	 0 	 0 	 0 	 -74.4928 	 0 	 0 	 0 	 NaN 	 NaN 	 NaN 	 NaN 	 0 	 0 	 NaN 	 NaN 	  Tumour 
43 	 1147.97 	 650.725 	 968.324 	 NaN 	 6573 	 102.857 	 81.9787 	 0.603957 	 0.980167 	 318.877 	 965.611 	 426.902 	 0.442105 	 760.415 	 926.726 	 264.82 	 19.1073 	 77.8486 	 0.235926 	 329.97 	 10723 	 0.902609 	 508.936 	 269.392 	 367.545 	 287.156 	 0 	 0 	 365.976 	 423.985 	 1.15356 	 472 	 1042 	 104.013 	 47.22 	 3 	 1142.83 	 0.173868 	 52.7159 	 19 	 35.2138 	 15.1112 	 219 	 90 	 157.333 	 64.6864 	 0 	 0 	 0 	 -74.4928 	 0 	 0 	 0 	 NaN 	 NaN 	 NaN 	 NaN 	 0 	 0 	 NaN 	 NaN 	  Tumour 
44 	 1138.83 	 791.096 	 923.539 	 NaN 	 2284 	 58.3952 	 50.5167 	 0.501631 	 0.96412 	 183.581 	 477.011 	 126.85 	 0.265926 	 340.999 	 438.126 	 235.866 	 -10.7854 	 59.3531 	 0.197176 	 301.017 	 6418 	 0.957625 	 342.936 	 586.562 	 740.362 	 659.973 	 0 	 0 	 0 	 452.316 	 0.61094 	 0 	 0 	 NaN 	 NaN 	 0 	 0 	 0 	 NaN 	 NaN 	 NaN 	 NaN 	 0 	 0 	 NaN 	 NaN 	 0 	 0 	 0 	 -74.4928 	 0 	 0 	 0 	 NaN 	 NaN 	 NaN 	 NaN 	 0 	 0 	 NaN 	 NaN 	  Tumour 
45 	 1152.73 	 479.283 	 1041.36 	 NaN 	 3646 	 95.3188 	 49.3773 	 0.855367 	 0.96865 	 258.149 	 767.676 	 337.586 	 0.439751 	 567.464 	 728.791 	 267.112 	 15.0545 	 119.834 	 0.36066 	 332.262 	 6448 	 0.850884 	 412.167 	 291.11 	 326.576 	 246.187 	 0.0651042 	 770.56 	 313.28 	 294.941 	 0.903131 	 157 	 255 	 76.8917 	 20.099 	 2 	 1763.63 	 0.483717 	 17.5302 	 17.5302 	 17.5302 	 0 	 80 	 77 	 78.5 	 2.12132 	 0 	 0 	 0 	 -74.4928 	 0 	 0 	 0 	 NaN 	 NaN 	 NaN 	 NaN 	 0 	 0 	 NaN 	 NaN 	  Tumour 
