rownames 	XLoc 	YLoc 	NNDistSame 	NNDistOpp 	dapi_Area 	dapi_MajorAxisLength 	dapi_MinorAxisLength 	dapi_Eccentricity 	dapi_Solidity 	dapi_Perimeter 	dapi_MeanIntensity 	dapi_PixelSD 	dapi_PixelCV 	dapi_NucAdjustedInt 	dapi_BackAdjustedInt 	nucl_BackgroundAdjust 	nucl_NuclearAdjustedInt 	nucl_PixelSD 	nucl_PixelCV 	nucl_MeanIntensity 	memb_Area 	memb_Solidity 	memb_Perimeter 	memb_MeanIntensity 	memb_MembraneIntensity 	memb_temp 	memb_pcTouch 	memb_OverLapIntensity 	memb_nonLapIntensity 	memb_PixelSD 	memb_PixelCV 	Her2_Area 	Her2_ConvexArea 	Her2_MeanIntensity 	Her2_BackAdjustedInt 	Her2_CN 	Her2_AreaSD 	Her2_CoeffVar 	Her2_MaxSpotDist 	Her2_MinSpotDist 	Her2_MeanSpotDist 	Her2_SDSpotDist 	Her2_SpotAreaMax 	Her2_SpotAreaMin 	Her2_SpotAreaMean 	Her2_SpotAreaSD 	cent_Area 	cent_ConvexArea 	cent_MeanIntensity 	cent_BackAdjustedInt 	cent_CN 	cent_AreaSD 	cent_CoeffVar 	cent_MaxSpotDist 	cent_MinSpotDist 	cent_MeanSpotDist 	cent_SDSpotDist 	cent_SpotAreaMax 	cent_SpotAreaMin 	cent_SpotAreaMean 	cent_SpotAreaSD 	CellLabels 	
1 	 42.2698 	 945.319 	 60.0167 	 843.263 	 3892 	 93.6339 	 56.5527 	 0.797002 	 0.873429 	 294.492 	 1102.65 	 305.538 	 0.277094 	 216.486 	 981.894 	 867.323 	 -12.4228 	 123.148 	 0.111973 	 1099.8 	 8492 	 0.887264 	 434.267 	 639.893 	 893.154 	 810.147 	 0.349633 	 1010.3 	 884.242 	 301.581 	 0.337659 	 0 	 0 	 NaN 	 NaN 	 0 	 0 	 0 	 NaN 	 NaN 	 NaN 	 NaN 	 0 	 0 	 NaN 	 NaN 	 0 	 0 	 NaN 	 NaN 	 0 	 0 	 0 	 NaN 	 NaN 	 NaN 	 NaN 	 0 	 0 	 NaN 	 NaN 	  Tumour 
2 	 52.6928 	 885.896 	 60.0167 	 814.686 	 2712 	 65.2103 	 54.1241 	 0.557772 	 0.92057 	 216.267 	 1151.55 	 268.345 	 0.233029 	 214.672 	 1030.8 	 798.729 	 -134.486 	 127.35 	 0.123496 	 1031.21 	 7341 	 0.912492 	 402.953 	 678.877 	 1062.14 	 979.134 	 0.435696 	 1295.75 	 998.63 	 561.312 	 0.528472 	 182 	 208 	 305.247 	 174.997 	 1 	 0 	 0 	 NaN 	 NaN 	 NaN 	 NaN 	 182 	 182 	 182 	 0 	 36 	 38 	 128.194 	 14.7807 	 1 	 0 	 0 	 NaN 	 NaN 	 NaN 	 NaN 	 36 	 36 	 36 	 0 	  Tumour 
3 	 77.8386 	 59.1036 	 886.731 	 584.219 	 6128 	 117.099 	 67.3128 	 0.818269 	 0.953181 	 336.191 	 1526.79 	 483.623 	 0.316758 	 621.269 	 1406.03 	 883.48 	 -4.29658 	 165.358 	 0.148176 	 1115.96 	 7669 	 0.91352 	 399.095 	 499.749 	 811.777 	 728.77 	 0.321716 	 1472.78 	 657.972 	 594.933 	 0.732877 	 468 	 2105 	 287.724 	 157.474 	 6 	 669.773 	 0.109297 	 72.0778 	 11.8527 	 39.5491 	 19.5977 	 198 	 28 	 78 	 61.9258 	 152 	 868 	 144.842 	 31.4283 	 3 	 380.989 	 0.0621719 	 44.0454 	 28.2424 	 33.9418 	 7.84763 	 62 	 45 	 50.6667 	 9.81495 	  Tumour 
4 	 80.2877 	 427.217 	 519.392 	 664.116 	 7262 	 100.486 	 92.4914 	 0.390874 	 0.965691 	 332.735 	 1109.04 	 195.627 	 0.176393 	 208.428 	 988.284 	 838.249 	 -60.7555 	 93.3106 	 0.0871468 	 1070.73 	 9816 	 0.820393 	 489.238 	 1016.71 	 1473.22 	 1390.21 	 0.366013 	 1747.1 	 1405.39 	 563.838 	 0.382725 	 708 	 3033 	 209.194 	 78.9435 	 8 	 1182.24 	 0.162799 	 59.0184 	 11.8767 	 36.4051 	 13.6772 	 272 	 7 	 88.5 	 79.6869 	 60 	 61 	 135.417 	 22.0029 	 1 	 0 	 0 	 NaN 	 NaN 	 NaN 	 NaN 	 60 	 60 	 60 	 0 	  Tumour 
5 	 125.535 	 699.295 	 259.946 	 711.016 	 13526 	 153.015 	 112.647 	 0.676783 	 0.987443 	 454.416 	 1316.14 	 275.274 	 0.209152 	 608.719 	 1195.39 	 770.283 	 -224.407 	 164.49 	 0.164036 	 1002.76 	 21466 	 0.943353 	 636.794 	 648.217 	 1442.45 	 1359.44 	 0.174419 	 1147.28 	 1454.06 	 401.163 	 0.278112 	 1351 	 5406 	 285.241 	 154.991 	 9 	 5701.64 	 0.421532 	 94.1913 	 7.87464 	 50.323 	 22.4865 	 815 	 31 	 150.111 	 250.705 	 212 	 912 	 156.528 	 43.1145 	 3 	 4731.38 	 0.349799 	 50.1422 	 15.1203 	 35.8747 	 16.4485 	 74 	 64 	 70.6667 	 5.7735 	  Tumour 
6 	 131.378 	 175.326 	 775.126 	 540.334 	 6519 	 98.9259 	 84.1923 	 0.525063 	 0.967929 	 313.806 	 1266.32 	 303.897 	 0.239984 	 396.397 	 1145.57 	 835.198 	 -86.1745 	 179.558 	 0.168176 	 1067.68 	 12828 	 0.917006 	 515.966 	 891.09 	 1469.04 	 1386.03 	 0.475104 	 1735.68 	 1351.76 	 806.475 	 0.54898 	 543 	 1743 	 235.114 	 104.864 	 7 	 1860.97 	 0.285469 	 62.0264 	 10.5524 	 30.8914 	 13.5139 	 151 	 24 	 77.5714 	 48.466 	 0 	 0 	 NaN 	 NaN 	 0 	 0 	 0 	 NaN 	 NaN 	 NaN 	 NaN 	 0 	 0 	 NaN 	 NaN 	  Tumour 
7 	 165.004 	 294.342 	 662.518 	 534.434 	 14569 	 145.052 	 128.409 	 0.465103 	 0.978508 	 482.742 	 1674.12 	 473.213 	 0.282665 	 790.802 	 1553.36 	 753.234 	 -181.216 	 105.092 	 0.106615 	 985.714 	 18174 	 0.92663 	 607.806 	 629.007 	 1724.94 	 1641.93 	 0.7041 	 1770.95 	 1674.07 	 704.143 	 0.408214 	 1830 	 9233 	 282.078 	 151.828 	 15 	 3516.46 	 0.241366 	 112.602 	 8.4917 	 62.4708 	 26.8223 	 591 	 33 	 122 	 149.883 	 549 	 5861 	 152.725 	 39.3112 	 9 	 1526.18 	 0.104755 	 101.883 	 9.86746 	 54.5812 	 22.3318 	 112 	 43 	 61 	 22.6164 	  Tumour 
8 	 169.292 	 421.453 	 539.171 	 582.979 	 8422 	 110.816 	 101.852 	 0.39402 	 0.939641 	 376.434 	 1262.31 	 296.967 	 0.235256 	 685.012 	 1141.56 	 718.825 	 -358.245 	 136.938 	 0.143947 	 951.304 	 11870 	 0.941316 	 475.581 	 981.83 	 1661.56 	 1578.55 	 0.662192 	 1513.96 	 1732.97 	 541.141 	 0.325683 	 1184 	 4415 	 261.661 	 131.411 	 8 	 1598.54 	 0.189805 	 84.7835 	 10.5064 	 46.7228 	 22.1837 	 396 	 44 	 148 	 129.057 	 61 	 62 	 138.852 	 25.4387 	 1 	 0 	 0 	 NaN 	 NaN 	 NaN 	 NaN 	 61 	 61 	 61 	 0 	  Tumour 
9 	 208.886 	 838.723 	 197.8 	 651.777 	 10099 	 128.577 	 100.895 	 0.619873 	 0.957433 	 428.073 	 1031.47 	 212.949 	 0.206453 	 529.597 	 910.711 	 663.296 	 -28.4786 	 162.173 	 0.181043 	 895.775 	 34027 	 0.922816 	 827.262 	 523.296 	 1303.64 	 1220.63 	 0.534282 	 1358.5 	 1264.11 	 378.621 	 0.290435 	 495 	 1923 	 162.071 	 31.8207 	 4 	 3099.13 	 0.306875 	 50.9778 	 13.6683 	 33.8114 	 12.295 	 208 	 27 	 99 	 73.5493 	 91 	 98 	 135.242 	 21.828 	 1 	 0 	 0 	 NaN 	 NaN 	 NaN 	 NaN 	 91 	 91 	 91 	 0 	  Tumour 
10 	 186.005 	 45.3133 	 911.447 	 476.944 	 3977 	 85.6333 	 59.7566 	 0.716274 	 0.9567 	 256.35 	 1297.96 	 361.794 	 0.278741 	 657.353 	 1177.21 	 675.845 	 -130.332 	 134.269 	 0.147821 	 908.324 	 6628 	 0.91019 	 373.439 	 695.996 	 1140.34 	 1057.33 	 0.501433 	 1414.42 	 1046.08 	 550.816 	 0.483028 	 443 	 2497 	 195.361 	 65.1112 	 9 	 1037.74 	 0.260935 	 60.3415 	 6.64835 	 33.0516 	 14.1311 	 108 	 6 	 49.2222 	 31.5507 	 42 	 44 	 131.714 	 18.3005 	 1 	 0 	 0 	 NaN 	 NaN 	 NaN 	 NaN 	 42 	 42 	 42 	 0 	  Tumour 
11 	 246.546 	 229.095 	 744.769 	 437.809 	 8828 	 125.931 	 91.215 	 0.689457 	 0.950269 	 380.96 	 1277.77 	 278.485 	 0.217946 	 709.577 	 1157.02 	 595.393 	 -227.913 	 160.631 	 0.194029 	 827.872 	 11739 	 0.895628 	 505.48 	 794.79 	 1862.34 	 1779.33 	 0.989451 	 1895.88 	 1791.72 	 754.018 	 0.404877 	 955 	 3743 	 210.369 	 80.1186 	 10 	 1712.17 	 0.193947 	 73.546 	 12.2015 	 40.428 	 17.6357 	 267 	 34 	 95.5 	 66.5353 	 245 	 1106 	 160.563 	 47.1495 	 3 	 2038.14 	 0.230872 	 50.5537 	 18.7458 	 37.7722 	 15.0249 	 89 	 72 	 81.6667 	 8.73689 	  Tumour 
12 	 236.034 	 569.908 	 422.21 	 597.378 	 8072 	 110.213 	 93.6025 	 0.527928 	 0.976176 	 354.919 	 1149.41 	 277.421 	 0.241359 	 651.05 	 1028.65 	 968.932 	 -147.213 	 106.856 	 0.0889423 	 1201.41 	 11473 	 0.910122 	 479.723 	 736.746 	 1596.19 	 1513.18 	 0.44519 	 1865.82 	 1505.65 	 421.663 	 0.264168 	 927 	 2770 	 215.666 	 85.4156 	 10 	 2515.33 	 0.311611 	 62.482 	 10 	 31.5327 	 13.7102 	 283 	 45 	 92.7 	 74.0106 	 253 	 1183 	 145.336 	 31.9222 	 4 	 2033.17 	 0.25188 	 36.9058 	 13.4417 	 29.3547 	 8.26047 	 83 	 49 	 63.25 	 14.523 	  Tumour 
13 	 232.521 	 667.716 	 336.467 	 603.041 	 3918 	 75.7259 	 66.3637 	 0.481644 	 0.962417 	 256.35 	 903.452 	 171.039 	 0.189317 	 440.829 	 782.697 	 1270.1 	 -139.857 	 119.052 	 0.0792318 	 1502.58 	 6471 	 0.880049 	 367.48 	 876.49 	 1352.48 	 1269.47 	 0.535714 	 1270.65 	 1338.61 	 403.443 	 0.298299 	 111 	 516 	 187.261 	 57.0113 	 3 	 1443.34 	 0.368386 	 32.5021 	 19.9847 	 24.2671 	 6.38053 	 53 	 27 	 37 	 14 	 54 	 56 	 133.315 	 19.901 	 1 	 0 	 0 	 NaN 	 NaN 	 NaN 	 NaN 	 54 	 54 	 54 	 0 	  Tumour 
14 	 261.588 	 979.412 	 222.612 	 656.201 	 6925 	 112.581 	 80.2195 	 0.70162 	 0.959274 	 347.747 	 941.17 	 165.761 	 0.176122 	 468.441 	 820.415 	 477.375 	 -292.812 	 119.956 	 0.168986 	 709.854 	 11693 	 0.93559 	 490.51 	 731.973 	 1363.84 	 1280.83 	 0.575431 	 1488.75 	 1268.62 	 440.886 	 0.323269 	 928 	 3070 	 217.805 	 87.555 	 7 	 1504.14 	 0.217204 	 75.854 	 13.1062 	 41.9956 	 18.0525 	 327 	 28 	 132.571 	 101.354 	 38 	 38 	 122.105 	 8.69147 	 1 	 0 	 0 	 NaN 	 NaN 	 NaN 	 NaN 	 38 	 38 	 38 	 0 	  Tumour 
15 	 252.459 	 139.591 	 831.941 	 415.12 	 7012 	 110.276 	 84.3657 	 0.64398 	 0.930961 	 356.09 	 1119.87 	 235.557 	 0.210343 	 559.185 	 999.119 	 826.364 	 -155.435 	 186.414 	 0.176054 	 1058.84 	 10503 	 0.850721 	 507.137 	 1203.3 	 1660.24 	 1577.24 	 0.778481 	 1730.52 	 1623.53 	 735.266 	 0.442866 	 646 	 1959 	 228.231 	 97.9807 	 8 	 3694.13 	 0.52683 	 49.6964 	 9.77939 	 29.2328 	 10.9541 	 212 	 30 	 80.75 	 61.6737 	 86 	 91 	 129.628 	 16.2141 	 1 	 0 	 0 	 NaN 	 NaN 	 NaN 	 NaN 	 86 	 86 	 86 	 0 	  Tumour 
16 	 268.123 	 49.4101 	 924.063 	 394.857 	 3482 	 80.5908 	 57.1453 	 0.705129 	 0.96776 	 245.279 	 971.554 	 183.669 	 0.189047 	 474.267 	 850.799 	 629.529 	 -184.918 	 131.7 	 0.152782 	 862.008 	 5517 	 0.824171 	 366.853 	 665.69 	 1002.36 	 919.352 	 0.74269 	 1217.28 	 876.929 	 520.958 	 0.519732 	 89 	 181 	 149.292 	 19.0421 	 2 	 1078.16 	 0.309637 	 17.0097 	 17.0097 	 17.0097 	 0 	 45 	 44 	 44.5 	 0.707107 	 107 	 148 	 135.551 	 22.1376 	 2 	 1226.69 	 0.352295 	 10.8667 	 10.8667 	 10.8667 	 0 	 54 	 53 	 53.5 	 0.707107 	  Tumour 
17 	 278.754 	 363.5 	 628.405 	 458.76 	 7901 	 108.544 	 93.4252 	 0.509085 	 0.975794 	 351.747 	 1276.69 	 322.496 	 0.252604 	 707.541 	 1155.93 	 936.733 	 -213.079 	 170.433 	 0.145767 	 1169.21 	 16112 	 0.914104 	 571.137 	 1027.71 	 1850.92 	 1767.91 	 0.737918 	 1849.58 	 1815.96 	 567.391 	 0.306546 	 1055 	 4502 	 201.075 	 70.8249 	 8 	 763.946 	 0.0966897 	 66.0684 	 7.4182 	 40.8214 	 18.4145 	 505 	 45 	 117.222 	 147.433 	 76 	 78 	 145.079 	 31.6652 	 1 	 0 	 0 	 NaN 	 NaN 	 NaN 	 NaN 	 76 	 76 	 76 	 0 	  Tumour 
18 	 306.586 	 478.784 	 536.079 	 504.624 	 8542 	 119.119 	 92.6986 	 0.628011 	 0.951649 	 373.061 	 1300.04 	 268.05 	 0.206186 	 587.377 	 1179.28 	 882.897 	 -190.329 	 148.086 	 0.132768 	 1115.38 	 13632 	 0.91866 	 519.48 	 802.468 	 1648.17 	 1565.17 	 0.565574 	 1618.81 	 1640.88 	 525.571 	 0.318881 	 1103 	 4867 	 252.239 	 121.989 	 7 	 1495.93 	 0.175127 	 74.9736 	 15.4948 	 45.5353 	 17.4226 	 422 	 34 	 137.875 	 134.59 	 161 	 1733 	 142.441 	 29.0272 	 3 	 1186.25 	 0.138873 	 54.5697 	 46.0966 	 49.6168 	 3.94845 	 79 	 33 	 53.6667 	 23.3524 	  Tumour 
19 	 322.96 	 838.079 	 300.683 	 542.677 	 8265 	 122.54 	 86.979 	 0.704405 	 0.966554 	 363.12 	 1099.35 	 218.176 	 0.198459 	 552.766 	 978.598 	 876.162 	 -123.083 	 151.907 	 0.137021 	 1108.64 	 14021 	 0.887574 	 591.421 	 661.308 	 1282.59 	 1199.58 	 0.823636 	 1360.08 	 1213.78 	 362.672 	 0.282765 	 991 	 4137 	 185.914 	 55.6642 	 6 	 1617.79 	 0.19574 	 87.701 	 19.2354 	 45.5035 	 17.7042 	 348 	 45 	 165.167 	 137.268 	 164 	 2125 	 138.317 	 24.9033 	 3 	 1757.35 	 0.212625 	 66.8416 	 46.5518 	 57.2281 	 9.11112 	 61 	 42 	 54.6667 	 10.9697 	  Tumour 
20 	 340.837 	 20.8051 	 971.173 	 325.51 	 3217 	 92.6542 	 46.9443 	 0.862145 	 0.947012 	 252.125 	 1445.15 	 437.978 	 0.303068 	 962.939 	 1324.39 	 678.568 	 31.9509 	 170.766 	 0.187439 	 911.048 	 3542 	 0.899441 	 290.083 	 964.305 	 868.572 	 785.565 	 0.456522 	 1096.63 	 809.067 	 455.256 	 0.524142 	 311 	 944 	 192.283 	 62.033 	 4 	 352.081 	 0.109444 	 52.7267 	 15.2719 	 29.9563 	 13.6359 	 145 	 39 	 77.75 	 48.6989 	 0 	 0 	 NaN 	 NaN 	 0 	 0 	 0 	 NaN 	 NaN 	 NaN 	 NaN 	 0 	 0 	 NaN 	 NaN 	  Tumour 
21 	 343.195 	 545.746 	 499.802 	 488.532 	 4742 	 93.4734 	 65.9608 	 0.708547 	 0.929257 	 292.149 	 872.857 	 139.006 	 0.159255 	 314.812 	 752.102 	 936.543 	 -250.684 	 150.545 	 0.128779 	 1169.02 	 6447 	 0.909565 	 372.995 	 1164.46 	 1697.8 	 1614.79 	 0.767442 	 1505.75 	 1801.63 	 648.513 	 0.381973 	 286 	 578 	 193.85 	 63.5997 	 3 	 1755.92 	 0.370291 	 32.2838 	 15.1528 	 21.5964 	 8.33669 	 162 	 59 	 95.3333 	 57.8129 	 147 	 719 	 133.048 	 19.6338 	 3 	 488.81 	 0.103081 	 47.7831 	 18.9044 	 33.6015 	 12.9211 	 61 	 36 	 49 	 12.53 	  Tumour 
22 	 340.674 	 250.204 	 756.588 	 353.706 	 7072 	 119.369 	 76.0382 	 0.770864 	 0.959305 	 348.434 	 996.46 	 203.68 	 0.204403 	 515.372 	 875.705 	 590.277 	 -248.504 	 121.565 	 0.147753 	 822.757 	 11858 	 0.891445 	 523.924 	 917.027 	 1726.46 	 1643.45 	 0.921529 	 1765.85 	 1659.8 	 697.707 	 0.404126 	 798 	 2637 	 198.722 	 68.4718 	 9 	 1367.77 	 0.193407 	 71.7522 	 8.32913 	 36.4807 	 16.3264 	 201 	 40 	 88.6667 	 50.8822 	 79 	 339 	 125.987 	 12.5735 	 2 	 1191.76 	 0.168518 	 39.2806 	 39.2806 	 39.2806 	 0 	 45 	 34 	 39.5 	 7.77817 	  Tumour 
23 	 345.396 	 81.6458 	 914.646 	 317.077 	 3922 	 99.6776 	 50.889 	 0.859857 	 0.937605 	 277.12 	 942.698 	 188.713 	 0.200184 	 436 	 821.943 	 653.832 	 -150.101 	 163.675 	 0.18467 	 886.312 	 7434 	 0.923823 	 394.61 	 973.416 	 1486.32 	 1403.31 	 0.90566 	 1441.65 	 1485.39 	 471.354 	 0.317128 	 397 	 764 	 284.463 	 154.213 	 3 	 1945.42 	 0.496028 	 40.2244 	 20.568 	 27.6859 	 9.74186 	 307 	 45 	 132.333 	 151.266 	 0 	 0 	 NaN 	 NaN 	 0 	 0 	 0 	 NaN 	 NaN 	 NaN 	 NaN 	 0 	 0 	 NaN 	 NaN 	  Tumour 
24 	 369.799 	 774.579 	 369.437 	 479.742 	 6565 	 110.21 	 77.2076 	 0.713605 	 0.951587 	 357.505 	 1083.53 	 225.527 	 0.208141 	 596.69 	 962.779 	 962.759 	 -22.5503 	 129.349 	 0.10822 	 1195.24 	 12579 	 0.828875 	 639.848 	 724.574 	 1287.14 	 1204.14 	 0.423208 	 1246.02 	 1278.27 	 389.253 	 0.302416 	 178 	 602 	 171.539 	 41.2893 	 3 	 803.712 	 0.122424 	 47.2959 	 12.7008 	 31.6381 	 15.6786 	 76 	 50 	 59.3333 	 14.4684 	 141 	 255 	 136.255 	 22.8415 	 2 	 1616.84 	 0.246282 	 19.1329 	 19.1329 	 19.1329 	 0 	 96 	 45 	 70.5 	 36.0624 	  Tumour 
25 	 384.692 	 973.766 	 344.224 	 548.972 	 8211 	 122.963 	 85.9096 	 0.715453 	 0.975178 	 357.12 	 1196.71 	 250.867 	 0.209631 	 790.954 	 1075.96 	 764.893 	 -131.354 	 155.527 	 0.155936 	 997.373 	 13882 	 0.821712 	 587.581 	 754.111 	 1291.7 	 1208.69 	 0.753131 	 1189.11 	 1319.31 	 474.094 	 0.367031 	 901 	 3846 	 208.788 	 78.538 	 12 	 2063.52 	 0.251312 	 78 	 9.20795 	 40.6673 	 18.3403 	 214 	 27 	 75.0833 	 51.433 	 266 	 1665 	 143.989 	 30.5749 	 5 	 1646.99 	 0.200584 	 57.4689 	 12.842 	 34.388 	 12.5846 	 66 	 34 	 53.2 	 11.8617 	  Tumour 
26 	 415.541 	 610.913 	 501.43 	 422.966 	 10887 	 148.527 	 95.9167 	 0.763517 	 0.907174 	 470.96 	 1451.75 	 331.91 	 0.228628 	 700.645 	 1331 	 798.061 	 -243.719 	 170.436 	 0.165385 	 1030.54 	 13468 	 0.896253 	 527.723 	 698.199 	 1593.23 	 1510.23 	 0.610101 	 1453.96 	 1615.19 	 656.91 	 0.412312 	 612 	 3440 	 205.263 	 75.0131 	 9 	 1767.91 	 0.162388 	 93.8584 	 9.56603 	 43.3909 	 21.2043 	 126 	 31 	 68 	 35.7736 	 171 	 2650 	 139.579 	 26.1652 	 3 	 2819.55 	 0.258983 	 105.068 	 44.2968 	 76.3058 	 27.2938 	 77 	 39 	 57 	 19.0788 	  Tumour 
27 	 417.115 	 704.033 	 445.765 	 421.201 	 7926 	 124.962 	 81.7754 	 0.756149 	 0.972515 	 365.563 	 1315.95 	 312.702 	 0.237624 	 795.423 	 1195.2 	 898.04 	 -367.752 	 154.213 	 0.136409 	 1130.52 	 8805 	 0.933623 	 408.894 	 671.008 	 1339.02 	 1256.01 	 0.583554 	 1403.04 	 1320.44 	 402.013 	 0.300229 	 1000 	 4075 	 247.319 	 117.069 	 8 	 1194.6 	 0.150719 	 87.2425 	 8.96095 	 46.9838 	 23.3272 	 298 	 33 	 125 	 98.4175 	 129 	 1443 	 137.318 	 23.904 	 3 	 1482.63 	 0.18706 	 52.3779 	 38.9206 	 45.7541 	 6.02051 	 61 	 32 	 43 	 15.7162 	  Tumour 
28 	 424.408 	 252.625 	 790.435 	 278.614 	 9106 	 124.451 	 94.5835 	 0.649916 	 0.964619 	 380.818 	 1228.61 	 290.638 	 0.236558 	 776.884 	 1107.86 	 561.377 	 -342.555 	 182.461 	 0.229841 	 793.857 	 13938 	 0.90689 	 559.522 	 838.421 	 1718.42 	 1635.41 	 0.792706 	 1494.04 	 1854.7 	 714.214 	 0.415622 	 883 	 3892 	 229.946 	 99.6956 	 7 	 2651.27 	 0.291157 	 74.4367 	 12.9175 	 44.9248 	 19.0471 	 276 	 26 	 110.375 	 86.7853 	 73 	 235 	 119.548 	 6.13415 	 2 	 2073.21 	 0.227675 	 27.4413 	 27.4413 	 27.4413 	 0 	 45 	 28 	 36.5 	 12.0208 	  Tumour 
29 	 427.498 	 490.313 	 596.029 	 390.988 	 7143 	 103.522 	 89.7071 	 0.499087 	 0.941231 	 345.747 	 1123.76 	 261.819 	 0.232985 	 627.462 	 1003.01 	 798.653 	 -332.245 	 171.016 	 0.165853 	 1031.13 	 80 	 0.776699 	 40.1421 	 2057.69 	 2039.5 	 1956.49 	 0.583333 	 1976.1 	 2067.67 	 309.826 	 0.151913 	 1181 	 3802 	 206.853 	 76.6027 	 9 	 728.81 	 0.102031 	 69.3116 	 8.24621 	 36.61 	 15.3431 	 243 	 45 	 107.364 	 72.0434 	 169 	 623 	 136.112 	 22.6986 	 3 	 2389.28 	 0.334492 	 33.4556 	 18.2815 	 25.7177 	 6.79012 	 69 	 37 	 56.3333 	 17.0098 	  Tumour 
30 	 437.363 	 115.001 	 919.198 	 228.528 	 7033 	 111.13 	 80.7375 	 0.687151 	 0.980072 	 328.191 	 1197.19 	 269.456 	 0.225073 	 737.416 	 1076.44 	 556.294 	 -140.025 	 134.248 	 0.170198 	 788.773 	 12897 	 0.828164 	 571.38 	 732.868 	 1359.61 	 1276.6 	 0.752328 	 1575.73 	 1208.9 	 608.048 	 0.447223 	 940 	 2190 	 305.017 	 174.767 	 2 	 3167.09 	 0.450318 	 52.7975 	 17.0636 	 36.2413 	 16.1092 	 771 	 45 	 313.333 	 398.314 	 160 	 1654 	 134.9 	 21.4862 	 3 	 1177.97 	 0.167492 	 56.9605 	 40.42 	 48.5158 	 7.40208 	 69 	 38 	 53.3333 	 15.5027 	  Tumour 
31 	 452.853 	 390.818 	 689.809 	 342.883 	 9351 	 132.639 	 90.2444 	 0.732862 	 0.970826 	 389.061 	 1120.82 	 228.526 	 0.203891 	 621.036 	 1000.07 	 683.91 	 -406.827 	 224.577 	 0.245067 	 916.389 	 14520 	 0.899628 	 581.865 	 831.596 	 1593.97 	 1510.96 	 0.33211 	 1696.42 	 1577.31 	 488.381 	 0.306393 	 1324 	 4735 	 230.264 	 100.014 	 10 	 1748.9 	 0.187028 	 86.0642 	 12.6194 	 39.6692 	 18.7972 	 381 	 40 	 132.4 	 127.666 	 99 	 654 	 142.485 	 29.0711 	 2 	 986.862 	 0.105535 	 70.9521 	 70.9521 	 70.9521 	 0 	 54 	 45 	 49.5 	 6.36396 	  Tumour 
32 	 452.986 	 960.328 	 411.274 	 485.891 	 3845 	 82.3009 	 61.7199 	 0.661518 	 0.969002 	 251.622 	 1248.39 	 296.446 	 0.237463 	 792.8 	 1127.63 	 825.905 	 -146.712 	 140.618 	 0.132861 	 1058.38 	 7845 	 0.874777 	 433.196 	 738.93 	 1100.26 	 1017.26 	 0.441463 	 797.475 	 1220.07 	 521.367 	 0.473857 	 118 	 255 	 182.229 	 51.9788 	 2 	 1920.98 	 0.499606 	 22.5181 	 22.5181 	 22.5181 	 0 	 73 	 45 	 59 	 19.799 	 0 	 0 	 NaN 	 NaN 	 0 	 0 	 0 	 NaN 	 NaN 	 NaN 	 NaN 	 0 	 0 	 NaN 	 NaN 	  Tumour 
33 	 504.803 	 660.238 	 543.686 	 331.002 	 10878 	 152.228 	 93.0532 	 0.791418 	 0.903939 	 445.99 	 1526.65 	 393.032 	 0.257448 	 1005.35 	 1405.89 	 754.57 	 -246.985 	 134.163 	 0.135924 	 987.049 	 16524 	 0.835854 	 666.049 	 724.217 	 1478.88 	 1395.87 	 0.797735 	 1390.37 	 1541.63 	 596.156 	 0.403115 	 1581 	 6499 	 294.539 	 164.289 	 9 	 2190.02 	 0.201325 	 104.838 	 9.01388 	 52.898 	 26.993 	 547 	 45 	 175.667 	 189.934 	 343 	 2898 	 150.825 	 37.4113 	 5 	 2343.31 	 0.215417 	 106.929 	 22.0305 	 56.9274 	 26.4724 	 87 	 48 	 68.6 	 17.0822 	  Tumour 
34 	 539.921 	 119.688 	 963.654 	 130.035 	 6638 	 161.941 	 56.6108 	 0.936907 	 0.858843 	 406.718 	 1400.24 	 461.351 	 0.329481 	 951.954 	 1279.48 	 671.047 	 45.6855 	 105.304 	 0.116547 	 903.527 	 5260 	 0.826394 	 424.309 	 762.023 	 1095.46 	 1012.46 	 0.762755 	 1259.62 	 954.535 	 460.884 	 0.42072 	 926 	 4839 	 241.855 	 111.605 	 9 	 1677.54 	 0.252718 	 112.36 	 8.63134 	 58.5648 	 31.3237 	 367 	 21 	 102.889 	 106.665 	 89 	 172 	 131.82 	 18.4064 	 2 	 1546.13 	 0.23292 	 18.1108 	 18.1108 	 18.1108 	 0 	 59 	 30 	 44.5 	 20.5061 	  Tumour 
35 	 534.185 	 332.272 	 786.024 	 246.854 	 4685 	 94.5722 	 64.4268 	 0.732056 	 0.953204 	 295.48 	 817.47 	 186.311 	 0.227912 	 321.413 	 696.715 	 799.304 	 -132.559 	 145.062 	 0.140593 	 1031.78 	 6887 	 0.839264 	 421.765 	 1340.13 	 1647.5 	 1564.5 	 0.507853 	 1561.64 	 1654.26 	 532.959 	 0.323495 	 353 	 2629 	 164.173 	 33.9228 	 8 	 976.446 	 0.20842 	 72.912 	 8.8682 	 38.5786 	 16.6878 	 51 	 29 	 44.125 	 6.49038 	 43 	 44 	 147.302 	 33.8885 	 1 	 0 	 0 	 NaN 	 NaN 	 NaN 	 NaN 	 43 	 43 	 43 	 0 	  Tumour 
36 	 548.906 	 192.905 	 906.947 	 140.004 	 8229 	 125.251 	 85.6227 	 0.72985 	 0.963809 	 371.848 	 1308.78 	 331.232 	 0.253084 	 865.145 	 1188.03 	 471.225 	 -298.324 	 149.581 	 0.212562 	 703.705 	 14680 	 0.729441 	 701.12 	 951.251 	 1770.78 	 1687.77 	 0.677419 	 1463.05 	 1894.83 	 678.035 	 0.382902 	 1053 	 5878 	 207.761 	 77.5107 	 13 	 2090.67 	 0.254062 	 103.769 	 9.8656 	 49.2565 	 23.0944 	 224 	 35 	 81 	 64.7907 	 225 	 2256 	 134.138 	 20.724 	 4 	 608.554 	 0.0739523 	 77.1059 	 32.3693 	 49.6849 	 17.1566 	 73 	 39 	 56.25 	 16.7606 	  Tumour 
37 	 546.862 	 492.092 	 678.405 	 279.235 	 6312 	 119.065 	 71.5155 	 0.799516 	 0.94491 	 348.777 	 1092.76 	 272.795 	 0.249639 	 469.567 	 972.002 	 721.287 	 -177.472 	 139.769 	 0.146544 	 953.767 	 12651 	 0.939477 	 495.865 	 853.52 	 1652.74 	 1569.73 	 0.501089 	 1611.24 	 1664.29 	 575.779 	 0.348379 	 974 	 3027 	 278.503 	 148.253 	 9 	 1278.93 	 0.202619 	 88.6449 	 8.52477 	 38.2687 	 21.5474 	 310 	 27 	 108.222 	 98.2965 	 0 	 0 	 NaN 	 NaN 	 0 	 0 	 0 	 NaN 	 NaN 	 NaN 	 NaN 	 0 	 0 	 NaN 	 NaN 	  Tumour 
38 	 592.963 	 744.83 	 586.175 	 257.109 	 7963 	 117.476 	 87.9562 	 0.662888 	 0.955942 	 371.304 	 1126.23 	 215.338 	 0.191202 	 594.805 	 1005.48 	 727.343 	 -168.484 	 138.792 	 0.144602 	 959.822 	 10391 	 0.903408 	 492.936 	 781.753 	 1297.44 	 1214.43 	 0.411894 	 1256.89 	 1308.82 	 403.499 	 0.310997 	 1089 	 4922 	 231.005 	 100.755 	 13 	 2357.37 	 0.296041 	 95.7224 	 10.0031 	 42.2238 	 20.8253 	 204 	 30 	 83.7692 	 61.867 	 214 	 1158 	 140.953 	 27.5395 	 4 	 2099.68 	 0.26368 	 42.4797 	 15.6309 	 30.9625 	 10.1555 	 71 	 37 	 53.5 	 14.2712 	  Tumour 
39 	 591.354 	 625.561 	 634.95 	 247.487 	 5530 	 110.055 	 67.225 	 0.791761 	 0.890499 	 320.333 	 1192.56 	 300.939 	 0.252346 	 712.091 	 1071.81 	 855.045 	 -111.222 	 183.874 	 0.169076 	 1087.52 	 5727 	 0.843322 	 383.095 	 1221.38 	 1763.54 	 1680.53 	 0.764706 	 1796.09 	 1726.98 	 515.688 	 0.292416 	 478 	 2319 	 190.234 	 59.9843 	 6 	 423.769 	 0.0766309 	 64.2746 	 11.1109 	 35.3353 	 14.6355 	 202 	 28 	 79.6667 	 62.7715 	 123 	 250 	 132.187 	 18.7732 	 2 	 972.101 	 0.175787 	 20.1476 	 20.1476 	 20.1476 	 0 	 64 	 59 	 61.5 	 3.53553 	  Tumour 
40 	 595.621 	 376.094 	 794.152 	 205 	 4455 	 93.0002 	 64.2269 	 0.723226 	 0.955394 	 274.492 	 966.919 	 173.303 	 0.179232 	 327.372 	 846.164 	 624.859 	 -172.983 	 100.301 	 0.116991 	 857.339 	 13618 	 0.882395 	 545.948 	 810.587 	 1595.78 	 1512.77 	 0.793939 	 1619.25 	 1554.24 	 630.804 	 0.395295 	 287 	 945 	 199.909 	 69.6594 	 4 	 1950.02 	 0.437715 	 44.1115 	 17.9856 	 27.5167 	 10.4419 	 157 	 20 	 71.75 	 63.741 	 114 	 255 	 125.325 	 11.9108 	 2 	 1776.94 	 0.398865 	 21.7562 	 21.7562 	 21.7562 	 0 	 61 	 53 	 57 	 5.65685 	  Tumour 
41 	 621.177 	 567.248 	 691.466 	 234.651 	 6576 	 107.765 	 79.9156 	 0.670872 	 0.96014 	 360.09 	 1347.71 	 294.871 	 0.218794 	 761.423 	 1226.96 	 744.68 	 -290.734 	 169.495 	 0.173457 	 977.16 	 10677 	 0.789369 	 548.007 	 1041.32 	 1698.11 	 1615.11 	 0.861933 	 1622.4 	 1746.2 	 697.323 	 0.410646 	 792 	 3370 	 232.415 	 102.165 	 7 	 498.187 	 0.0757584 	 61.7907 	 18.4942 	 38.0186 	 12.814 	 171 	 26 	 113.143 	 54.7766 	 178 	 1094 	 144.725 	 31.3109 	 3 	 751.325 	 0.114253 	 46.8317 	 31.1772 	 37.2824 	 7.492 	 67 	 49 	 59.3333 	 9.29157 	  Tumour 
42 	 646.054 	 327.964 	 863.426 	 162.262 	 2889 	 82.3405 	 46.5116 	 0.825181 	 0.923889 	 238.652 	 672.114 	 181.976 	 0.270752 	 201.798 	 551.359 	 851.736 	 -21.7557 	 107.406 	 0.0990636 	 1084.22 	 4737 	 0.877547 	 349.338 	 1143.92 	 1433.33 	 1350.32 	 0.338509 	 1282.73 	 1458.26 	 530.737 	 0.370282 	 71 	 325 	 113.169 	 -17.081 	 2 	 1000.97 	 0.346478 	 47.3855 	 47.3855 	 47.3855 	 0 	 68 	 3 	 35.5 	 45.9619 	 0 	 0 	 NaN 	 NaN 	 0 	 0 	 0 	 NaN 	 NaN 	 NaN 	 NaN 	 0 	 0 	 NaN 	 NaN 	  Tumour 
43 	 662.191 	 75.3149 	 54.1295 	 130.035 	 5074 	 119.842 	 54.877 	 0.888998 	 0.943123 	 311.321 	 1548.11 	 503.812 	 0.325436 	 1125.54 	 1427.36 	 162.525 	 14.814 	 43.7664 	 0.1108 	 395.004 	 6937 	 0.908341 	 392.024 	 120.572 	 173.033 	 90.0251 	 0.413043 	 268.033 	 144.991 	 245.916 	 1.42121 	 170 	 776 	 140.335 	 10.0853 	 3 	 1629.05 	 0.321059 	 35.5208 	 23.126 	 29.5559 	 5.5548 	 97 	 28 	 56.6667 	 35.949 	 108 	 253 	 126.62 	 13.2066 	 2 	 577.927 	 0.1139 	 22.6252 	 22.6252 	 22.6252 	 0 	 60 	 48 	 54 	 8.48528 	  DCIS 
44 	 673.352 	 128.209 	 54.1295 	 133.24 	 4601 	 131.291 	 45.6073 	 0.937726 	 0.951997 	 321.522 	 1138 	 279.957 	 0.246007 	 701.667 	 1017.25 	 178.472 	 -26.913 	 63.9912 	 0.155714 	 410.952 	 10247 	 0.606116 	 691.563 	 476.44 	 615.684 	 532.677 	 0.472136 	 761.285 	 578.465 	 560.117 	 0.909747 	 129 	 284 	 137.333 	 7.08333 	 2 	 1391.01 	 0.302327 	 19.7299 	 19.7299 	 19.7299 	 0 	 87 	 42 	 64.5 	 31.8198 	 79 	 116 	 112.81 	 -0.603667 	 2 	 345.117 	 0.0750092 	 10.8385 	 10.8385 	 10.8385 	 0 	 42 	 37 	 39.5 	 3.53553 	  DCIS 
45 	 664.729 	 474.887 	 780.403 	 168.217 	 7378 	 130.067 	 72.7023 	 0.829194 	 0.970662 	 353.889 	 1239.8 	 257.584 	 0.207763 	 712.06 	 1119.04 	 762.206 	 -216.03 	 221.123 	 0.222304 	 994.686 	 8859 	 0.933017 	 444.35 	 858.313 	 1324.3 	 1241.3 	 0.822222 	 1295.32 	 1343.79 	 561.892 	 0.424293 	 799 	 2991 	 267.696 	 137.446 	 8 	 1882.62 	 0.255167 	 57.7246 	 13.7734 	 36.3796 	 13.3472 	 227 	 31 	 99.875 	 82.0164 	 244 	 2619 	 137.18 	 23.7665 	 4 	 1517.85 	 0.205727 	 91.0118 	 33.375 	 54.065 	 21.1533 	 70 	 49 	 61 	 9.48683 	  Tumour 
46 	 686.719 	 722.581 	 682.136 	 161.385 	 7236 	 115.621 	 81.5188 	 0.709156 	 0.957776 	 355.563 	 1270.54 	 311.042 	 0.24481 	 564.13 	 1149.79 	 778.228 	 -187.913 	 151.444 	 0.14984 	 1010.71 	 10506 	 0.915795 	 476.208 	 711.663 	 1283.83 	 1200.82 	 0.628118 	 1302.61 	 1262.16 	 418.129 	 0.32569 	 513 	 2348 	 224.039 	 93.789 	 6 	 1136.92 	 0.15712 	 67.1874 	 12.083 	 38.9518 	 16.2363 	 204 	 40 	 85.5 	 62.3306 	 70 	 73 	 159.6 	 46.1862 	 1 	 0 	 0 	 NaN 	 NaN 	 NaN 	 NaN 	 70 	 70 	 70 	 0 	  Tumour 
47 	 697.337 	 933.336 	 655.11 	 305.459 	 9122 	 121.489 	 96.6549 	 0.605844 	 0.970735 	 378.274 	 1244.03 	 297.65 	 0.239263 	 833.39 	 1123.27 	 714.396 	 -139.679 	 144.408 	 0.152511 	 946.875 	 12491 	 0.864489 	 552.25 	 730.23 	 1210.06 	 1127.05 	 0.427451 	 1179.97 	 1212.12 	 329.149 	 0.272011 	 748 	 5320 	 187.297 	 57.0468 	 11 	 1745.57 	 0.191359 	 90.5998 	 13.1529 	 45.6016 	 19.2305 	 149 	 5 	 68 	 44.6049 	 215 	 460 	 152.953 	 39.5397 	 3 	 1314.86 	 0.144141 	 30.0072 	 14.7651 	 20.642 	 7.33248 	 87 	 63 	 71.6667 	 13.3167 	  Tumour 
48 	 717.358 	 440.139 	 843.001 	 105.603 	 6538 	 136.505 	 63.5923 	 0.884858 	 0.934 	 361.404 	 1353.17 	 339.586 	 0.250956 	 912.029 	 1232.41 	 1048.14 	 -59.0091 	 160.198 	 0.125094 	 1280.62 	 11647 	 0.892354 	 530.593 	 963.244 	 1401.65 	 1318.64 	 0.432653 	 1322.33 	 1421.31 	 723.983 	 0.516523 	 395 	 2359 	 202.129 	 71.8791 	 8 	 1669.53 	 0.255358 	 86.5238 	 8.24621 	 38.8089 	 22.0819 	 93 	 30 	 49.375 	 18.4773 	 255 	 1214 	 141.878 	 28.4646 	 5 	 859.136 	 0.131407 	 84.5046 	 9.76177 	 37.0674 	 22.6268 	 63 	 37 	 51 	 11.6404 	  Tumour 
49 	 719.548 	 626.832 	 748.871 	 120.88 	 9028 	 125.077 	 94.2955 	 0.656986 	 0.90271 	 410.032 	 1324.62 	 376.839 	 0.284489 	 653.488 	 1203.86 	 777.103 	 -143.721 	 138.085 	 0.136775 	 1009.58 	 14525 	 0.905831 	 566.936 	 782.354 	 1335.45 	 1252.45 	 0.55303 	 1470.52 	 1258.9 	 556.147 	 0.416449 	 818 	 4693 	 239.528 	 109.278 	 12 	 1781.65 	 0.197347 	 100.127 	 10.8792 	 48.8337 	 22.7295 	 194 	 30 	 68.1667 	 50.6195 	 189 	 3219 	 150.206 	 36.7926 	 4 	 1611.03 	 0.178448 	 104.521 	 21.8586 	 66.8567 	 26.5328 	 76 	 9 	 47.25 	 29.8482 	  Tumour 
50 	 764.273 	 74.7242 	 102 	 228.475 	 3267 	 103.048 	 41.8876 	 0.913656 	 0.902237 	 274.794 	 1108.07 	 335.581 	 0.302851 	 716.577 	 987.316 	 112.317 	 26.8528 	 27.2958 	 0.0791648 	 344.796 	 4665 	 0.956139 	 301.054 	 69.0707 	 66.9397 	 -16.0678 	 0.14539 	 79.3659 	 66.0038 	 7.71835 	 0.115303 	 5 	 5 	 74.8 	 -55.45 	 1 	 0 	 0 	 NaN 	 NaN 	 NaN 	 NaN 	 5 	 5 	 5 	 0 	 49 	 51 	 112.878 	 -0.536242 	 1 	 0 	 0 	 NaN 	 NaN 	 NaN 	 NaN 	 49 	 49 	 49 	 0 	  DCIS 
51 	 773.077 	 901.72 	 732.264 	 249.098 	 6436 	 120.768 	 70.8971 	 0.809547 	 0.912778 	 341.161 	 1049.66 	 221.965 	 0.211465 	 504.669 	 928.902 	 747.932 	 -199.227 	 108.316 	 0.11048 	 980.412 	 12146 	 0.878426 	 533.179 	 720.805 	 1158.23 	 1075.22 	 0.535497 	 1162.03 	 1160.45 	 282.849 	 0.244209 	 531 	 1781 	 221.48 	 91.2302 	 5 	 3386.93 	 0.526247 	 74.899 	 16.9702 	 38.1208 	 18.5473 	 225 	 45 	 106.2 	 85.9488 	 0 	 0 	 NaN 	 NaN 	 0 	 0 	 0 	 NaN 	 NaN 	 NaN 	 NaN 	 0 	 0 	 NaN 	 NaN 	  Tumour 
52 	 771.139 	 777.414 	 748.108 	 132.97 	 2998 	 65.9847 	 58.4074 	 0.465276 	 0.968659 	 208.752 	 1531.72 	 336.43 	 0.219642 	 505.368 	 1410.96 	 801.502 	 -24.6056 	 218.546 	 0.211363 	 1033.98 	 4759 	 0.928948 	 300.711 	 798.621 	 806.875 	 723.867 	 0.392857 	 1062.43 	 734.658 	 518.045 	 0.642038 	 135 	 361 	 166.556 	 36.3056 	 3 	 131.192 	 0.0437598 	 22.3607 	 9.21954 	 17.8676 	 6.7005 	 45 	 45 	 45 	 0 	 128 	 361 	 154.438 	 41.0237 	 2 	 102.758 	 0.0342754 	 31.2161 	 31.2161 	 31.2161 	 0 	 79 	 49 	 64 	 21.2132 	  Tumour 
53 	 771.726 	 503.225 	 853.384 	 124.664 	 1663 	 61.417 	 37.359 	 0.793719 	 0.864795 	 189.338 	 982.805 	 215.318 	 0.219086 	 467.698 	 862.05 	 835.495 	 151.508 	 133.129 	 0.124656 	 1067.97 	 1983 	 0.862549 	 213.497 	 641.171 	 685.598 	 602.59 	 0.557789 	 834.667 	 622.632 	 486.557 	 0.709683 	 0 	 0 	 NaN 	 NaN 	 0 	 0 	 0 	 NaN 	 NaN 	 NaN 	 NaN 	 0 	 0 	 NaN 	 NaN 	 0 	 0 	 NaN 	 NaN 	 0 	 0 	 0 	 NaN 	 NaN 	 NaN 	 NaN 	 0 	 0 	 NaN 	 NaN 	  Tumour 
54 	 785.448 	 578.464 	 828.697 	 97.4166 	 4604 	 112.666 	 52.855 	 0.883129 	 0.961972 	 293.38 	 1515.49 	 480.04 	 0.316756 	 969.981 	 1394.73 	 623.428 	 108.207 	 236.17 	 0.27593 	 855.907 	 5041 	 0.878376 	 342.368 	 621.745 	 733.747 	 650.739 	 0.71875 	 796.404 	 695.102 	 569.412 	 0.776033 	 79 	 273 	 179.709 	 49.4589 	 2 	 1615.37 	 0.350863 	 30.1124 	 30.1124 	 30.1124 	 0 	 45 	 34 	 39.5 	 7.77817 	 87 	 321 	 155.046 	 41.6322 	 2 	 1694.74 	 0.368101 	 39.1725 	 39.1725 	 39.1725 	 0 	 48 	 39 	 43.5 	 6.36396 	  Tumour 
55 	 800.609 	 376.205 	 331.545 	 105.603 	 2044 	 98.7809 	 27.551 	 0.960317 	 0.877253 	 248.978 	 961.088 	 264.486 	 0.275194 	 522.048 	 840.333 	 356.339 	 20.3938 	 68.9322 	 0.117069 	 588.818 	 3539 	 0.951856 	 285.22 	 446.648 	 386.013 	 303.005 	 0.218487 	 364.096 	 385.038 	 238.324 	 0.6174 	 0 	 0 	 NaN 	 NaN 	 0 	 0 	 0 	 NaN 	 NaN 	 NaN 	 NaN 	 0 	 0 	 NaN 	 NaN 	 0 	 0 	 NaN 	 NaN 	 0 	 0 	 0 	 NaN 	 NaN 	 NaN 	 NaN 	 0 	 0 	 NaN 	 NaN 	  DCIS 
56 	 825.912 	 980.229 	 784.781 	 319.157 	 8361 	 127.806 	 86.1426 	 0.738721 	 0.943147 	 379.321 	 1175.13 	 271.833 	 0.231322 	 436.196 	 1054.38 	 711.054 	 -167.103 	 226.553 	 0.240111 	 943.534 	 14932 	 0.861478 	 602.108 	 647.952 	 1147.55 	 1064.55 	 0.507092 	 1013.4 	 1163.85 	 469.432 	 0.409072 	 572 	 3137 	 274.152 	 143.902 	 5 	 4226.71 	 0.505527 	 97.9148 	 13.9541 	 58.8049 	 29.1809 	 237 	 28 	 114.4 	 98.4393 	 39 	 39 	 153.205 	 39.7913 	 1 	 0 	 0 	 NaN 	 NaN 	 NaN 	 NaN 	 39 	 39 	 39 	 0 	  Tumour 
57 	 814.597 	 331.846 	 299.095 	 145.836 	 3331 	 73.7262 	 59.5248 	 0.590036 	 0.954168 	 233.765 	 1347.52 	 339.086 	 0.251637 	 678.39 	 1226.76 	 280.689 	 -3.15388 	 68.3931 	 0.133276 	 513.168 	 4823 	 0.960374 	 293.723 	 151.756 	 190.667 	 107.659 	 0.199234 	 364.096 	 171.896 	 178.924 	 0.938411 	 90 	 209 	 153.744 	 23.4944 	 2 	 733.29 	 0.220141 	 20.6155 	 20.6155 	 20.6155 	 0 	 45 	 45 	 45 	 0 	 91 	 236 	 142.56 	 29.1466 	 2 	 1275.16 	 0.382817 	 20.2662 	 20.2662 	 20.2662 	 0 	 48 	 43 	 45.5 	 3.53553 	  DCIS 
58 	 836.133 	 660.556 	 611.287 	 97.4166 	 5402 	 138.142 	 50.2168 	 0.931588 	 0.96258 	 338.735 	 1127.8 	 265.678 	 0.235572 	 658.111 	 1007.04 	 284.766 	 -16.6884 	 55.341 	 0.106992 	 517.246 	 8064 	 0.929461 	 413.539 	 153.808 	 175.209 	 92.2017 	 0.168367 	 216.894 	 171.37 	 57.5107 	 0.32824 	 0 	 0 	 NaN 	 NaN 	 0 	 0 	 0 	 NaN 	 NaN 	 NaN 	 NaN 	 0 	 0 	 NaN 	 NaN 	 0 	 0 	 NaN 	 NaN 	 0 	 0 	 0 	 NaN 	 NaN 	 NaN 	 NaN 	 0 	 0 	 NaN 	 NaN 	  DCIS 
59 	 887.435 	 397.188 	 392.822 	 156.4 	 1630 	 54.4988 	 38.6667 	 0.704709 	 0.96564 	 159.338 	 978.178 	 249.159 	 0.254718 	 605.055 	 857.423 	 196.813 	 -41.129 	 55.3984 	 0.129046 	 429.293 	 2885 	 0.979959 	 212.77 	 102.981 	 105.748 	 22.74 	 0 	 0 	 0 	 11.2489 	 0.106375 	 33 	 33 	 163.606 	 33.3561 	 1 	 0 	 0 	 NaN 	 NaN 	 NaN 	 NaN 	 33 	 33 	 33 	 0 	 0 	 0 	 NaN 	 NaN 	 0 	 0 	 0 	 NaN 	 NaN 	 NaN 	 NaN 	 0 	 0 	 NaN 	 NaN 	  DCIS 
60 	 892.553 	 532.988 	 512.957 	 117 	 3428 	 103.939 	 43.9482 	 0.90621 	 0.897617 	 264.451 	 1369.97 	 429.995 	 0.313873 	 965.983 	 1249.21 	 260.029 	 12.7289 	 39.2694 	 0.0797334 	 492.509 	 5024 	 0.949178 	 306.669 	 122.432 	 122.672 	 39.6648 	 0.238908 	 122.243 	 123.229 	 15.1627 	 0.123603 	 147 	 341 	 141.218 	 10.9677 	 3 	 867.858 	 0.253167 	 30.9963 	 9.43398 	 20.6652 	 9.66813 	 57 	 45 	 49 	 6.9282 	 133 	 379 	 140.707 	 27.293 	 2 	 509.088 	 0.148509 	 30.638 	 30.638 	 30.638 	 0 	 67 	 66 	 66.5 	 0.707107 	  DCIS 
61 	 902.501 	 287.243 	 320.975 	 240.842 	 2384 	 65.1593 	 47.0814 	 0.69131 	 0.960516 	 197.966 	 1149.31 	 473.957 	 0.412385 	 780.795 	 1028.55 	 126.372 	 38.7048 	 43.8776 	 0.122272 	 358.851 	 3898 	 0.972555 	 249.255 	 72.1498 	 69.0975 	 -13.9101 	 0 	 0 	 0 	 8.62869 	 0.124877 	 0 	 0 	 NaN 	 NaN 	 0 	 0 	 0 	 NaN 	 NaN 	 NaN 	 NaN 	 0 	 0 	 NaN 	 NaN 	 0 	 0 	 NaN 	 NaN 	 0 	 0 	 0 	 NaN 	 NaN 	 NaN 	 NaN 	 0 	 0 	 NaN 	 NaN 	  DCIS 
62 	 909.352 	 970.032 	 867.36 	 317.506 	 3617 	 71.2335 	 65.9565 	 0.377722 	 0.923883 	 251.581 	 1548.17 	 335.364 	 0.21662 	 491.899 	 1427.42 	 1109.96 	 -114.05 	 231.894 	 0.17274 	 1342.44 	 4728 	 0.921637 	 288.208 	 1165.04 	 1234.42 	 1151.41 	 0.58498 	 1305.69 	 1196.92 	 524.908 	 0.425228 	 45 	 45 	 156.778 	 26.5278 	 1 	 0 	 0 	 NaN 	 NaN 	 NaN 	 NaN 	 45 	 45 	 45 	 0 	 108 	 447 	 149.602 	 36.1881 	 2 	 1018.41 	 0.281561 	 44.626 	 44.626 	 44.626 	 0 	 63 	 45 	 54 	 12.7279 	  Tumour 
63 	 941.057 	 531.171 	 534.581 	 115.261 	 3770 	 82.0324 	 59.7177 	 0.685601 	 0.95034 	 261.522 	 1891.27 	 642.663 	 0.339805 	 1421.65 	 1770.52 	 274.188 	 41.3188 	 39.9225 	 0.0787942 	 506.668 	 4641 	 0.955528 	 295.196 	 105.852 	 113.426 	 30.4189 	 0.294118 	 111.45 	 113.321 	 10.8118 	 0.0953199 	 36 	 205 	 177.389 	 47.1389 	 2 	 397.948 	 0.105557 	 36.9558 	 36.9558 	 36.9558 	 0 	 31 	 5 	 18 	 18.3848 	 136 	 354 	 143.934 	 30.52 	 2 	 609.913 	 0.161781 	 27.6028 	 27.6028 	 27.6028 	 0 	 75 	 61 	 68 	 9.89949 	  DCIS 
64 	 947.949 	 906.829 	 906.797 	 270.296 	 3977 	 78.6624 	 66.0205 	 0.543685 	 0.910277 	 267.622 	 1433.9 	 448.323 	 0.31266 	 386.456 	 1313.14 	 1104.5 	 242.309 	 182.992 	 0.13687 	 1336.98 	 4300 	 0.785819 	 328.853 	 763.861 	 951.872 	 868.864 	 0.618421 	 1425.24 	 727.413 	 673.972 	 0.708049 	 68 	 256 	 168.206 	 37.9559 	 2 	 246.738 	 0.0620413 	 32.7054 	 32.7054 	 32.7054 	 0 	 45 	 23 	 34 	 15.5563 	 45 	 45 	 158.711 	 45.2973 	 1 	 0 	 0 	 NaN 	 NaN 	 NaN 	 NaN 	 45 	 45 	 45 	 0 	  Tumour 
65 	 968.685 	 422.044 	 463.312 	 198.217 	 2655 	 73.8816 	 46.6567 	 0.775371 	 0.957792 	 207.279 	 1262.16 	 387.678 	 0.307153 	 774.76 	 1141.41 	 244.654 	 13.7707 	 55.8531 	 0.11706 	 477.134 	 4270 	 0.970455 	 268.569 	 91.2794 	 92.0556 	 9.04802 	 0 	 0 	 0 	 20.6852 	 0.224703 	 0 	 0 	 NaN 	 NaN 	 0 	 0 	 0 	 NaN 	 NaN 	 NaN 	 NaN 	 0 	 0 	 NaN 	 NaN 	 0 	 0 	 NaN 	 NaN 	 0 	 0 	 0 	 NaN 	 NaN 	 NaN 	 NaN 	 0 	 0 	 NaN 	 NaN 	  DCIS 
66 	 986.067 	 512.317 	 544.008 	 107.224 	 2068 	 71.7245 	 38.9789 	 0.83944 	 0.897959 	 210.309 	 831.803 	 115.095 	 0.138368 	 426.983 	 711.048 	 223.136 	 -17.1149 	 34.9963 	 0.0768111 	 455.615 	 3011 	 0.930182 	 240.368 	 103.91 	 111.569 	 28.5613 	 0.431193 	 111.128 	 111.367 	 23.1279 	 0.207297 	 0 	 0 	 NaN 	 NaN 	 0 	 0 	 0 	 NaN 	 NaN 	 NaN 	 NaN 	 0 	 0 	 NaN 	 NaN 	 0 	 0 	 NaN 	 NaN 	 0 	 0 	 0 	 NaN 	 NaN 	 NaN 	 NaN 	 0 	 0 	 NaN 	 NaN 	  DCIS 
67 	 1010.64 	 951.157 	 969.019 	 292.756 	 6859 	 98.3055 	 89.8085 	 0.406692 	 0.95145 	 340.191 	 1158.2 	 274.374 	 0.236898 	 500.942 	 1037.44 	 807.433 	 -314.339 	 163.059 	 0.156801 	 1039.91 	 10486 	 0.945537 	 437.924 	 834.899 	 1588.2 	 1505.2 	 0.744526 	 1594.75 	 1565.48 	 436.494 	 0.274835 	 530 	 2998 	 275.862 	 145.612 	 6 	 2179.44 	 0.317749 	 73.6614 	 17.7195 	 44.4053 	 19.3902 	 286 	 45 	 88.3333 	 96.9735 	 34 	 34 	 134.529 	 21.1156 	 1 	 0 	 0 	 NaN 	 NaN 	 NaN 	 NaN 	 34 	 34 	 34 	 0 	  Tumour 
68 	 995.712 	 837.272 	 960.094 	 237.857 	 5471 	 115.958 	 61.0877 	 0.849985 	 0.92981 	 345.12 	 1341.26 	 338.729 	 0.252546 	 668.151 	 1220.5 	 898.195 	 82.0687 	 185.902 	 0.164417 	 1130.67 	 4153 	 0.799884 	 346.752 	 571.128 	 741.473 	 658.466 	 0.652038 	 1038.17 	 555.765 	 533.41 	 0.719391 	 90 	 290 	 156.467 	 26.2167 	 2 	 1141.76 	 0.208694 	 31.7805 	 31.7805 	 31.7805 	 0 	 45 	 45 	 45 	 0 	 90 	 367 	 152.544 	 39.1307 	 2 	 1835.97 	 0.335583 	 42.5793 	 42.5793 	 42.5793 	 0 	 45 	 45 	 45 	 0 	  Tumour 
69 	 1022.39 	 612.638 	 1034.71 	 89.6939 	 7209 	 122.529 	 77.9716 	 0.771398 	 0.911493 	 376.919 	 1269.62 	 348.076 	 0.274158 	 802.486 	 1148.86 	 676.273 	 58.0086 	 139.417 	 0.153416 	 908.752 	 7736 	 0.864454 	 450.936 	 517.929 	 723.583 	 640.575 	 0.521845 	 979.567 	 617.827 	 322.902 	 0.446254 	 980 	 4247 	 187.731 	 57.4806 	 13 	 1690.76 	 0.234534 	 85.2838 	 8.84722 	 40.7224 	 19.2675 	 213 	 40 	 75.3846 	 49.2401 	 86 	 342 	 149.465 	 36.0513 	 2 	 3210.17 	 0.4453 	 39.29 	 39.29 	 39.29 	 0 	 45 	 41 	 43 	 2.82843 	  Tumour 
70 	 1068.98 	 774.403 	 1041.14 	 153.574 	 8933 	 186.5 	 76.3367 	 0.912394 	 0.723965 	 497.002 	 1472.78 	 347.909 	 0.236227 	 908.117 	 1352.02 	 1054.83 	 39.7993 	 190.781 	 0.148201 	 1287.31 	 9365 	 0.696852 	 570.451 	 882.052 	 1102.44 	 1019.43 	 0.808989 	 1197.7 	 1038.33 	 561.552 	 0.509373 	 1046 	 2665 	 222.144 	 91.8944 	 6 	 5097.72 	 0.570661 	 77.1099 	 12.415 	 40.1295 	 18.3107 	 506 	 20 	 174.333 	 188.956 	 0 	 0 	 NaN 	 NaN 	 0 	 0 	 0 	 NaN 	 NaN 	 NaN 	 NaN 	 0 	 0 	 NaN 	 NaN 	  Tumour 
71 	 1073.79 	 697.266 	 1061.38 	 154.003 	 13195 	 143.856 	 120.586 	 0.545298 	 0.94015 	 476.073 	 1520.97 	 341.678 	 0.224645 	 1027.43 	 1400.22 	 949.691 	 7.85247 	 125.183 	 0.105892 	 1182.17 	 19502 	 0.917439 	 639.463 	 562.891 	 924.037 	 841.03 	 0.714044 	 887.592 	 934.255 	 279.618 	 0.302605 	 1260 	 9373 	 248.49 	 118.24 	 11 	 1669.54 	 0.126528 	 128.706 	 11.5424 	 63.8465 	 29.5703 	 296 	 45 	 114.545 	 79.7137 	 242 	 2225 	 175.748 	 62.3341 	 5 	 3472.13 	 0.26314 	 103.441 	 10.4403 	 47.433 	 27.6179 	 76 	 22 	 48.4 	 19.4499 	  Tumour 
72 	 1093.95 	 869.784 	 1054.67 	 176.782 	 11648 	 143.666 	 103.594 	 0.692855 	 0.976608 	 435.446 	 1314.22 	 360.581 	 0.274369 	 754.834 	 1193.46 	 744.103 	 -385.42 	 234.28 	 0.239898 	 976.583 	 18063 	 0.921723 	 614.35 	 709.728 	 1416.7 	 1333.69 	 0.90087 	 1439.57 	 1382.8 	 542.97 	 0.383264 	 1311 	 5909 	 221.757 	 91.5074 	 13 	 2413.23 	 0.20718 	 109.889 	 12.3693 	 46.3928 	 21.8259 	 289 	 30 	 100.846 	 89.518 	 291 	 2347 	 166.674 	 53.2597 	 4 	 2464.03 	 0.211541 	 91.9204 	 27.5174 	 57.6585 	 24.8729 	 91 	 57 	 72.75 	 14.1038 	  Tumour 
73 	 1055.79 	 529.618 	 601.881 	 89.6939 	 3423 	 78.6847 	 55.7768 	 0.705345 	 0.981646 	 224.208 	 1309.13 	 376.907 	 0.287906 	 902.848 	 1188.38 	 264.386 	 -24.581 	 97.192 	 0.19561 	 496.866 	 5166 	 0.948238 	 300.569 	 201.85 	 273.377 	 190.369 	 0.376761 	 528.224 	 221.79 	 339.789 	 1.24293 	 0 	 0 	 NaN 	 NaN 	 0 	 0 	 0 	 NaN 	 NaN 	 NaN 	 NaN 	 0 	 0 	 NaN 	 NaN 	 0 	 0 	 NaN 	 NaN 	 0 	 0 	 0 	 NaN 	 NaN 	 NaN 	 NaN 	 0 	 0 	 NaN 	 NaN 	  DCIS 
74 	 1097.64 	 77.4795 	 436.005 	 517.015 	 3629 	 86.2455 	 54.6778 	 0.77335 	 0.96516 	 246.007 	 1666.65 	 788.979 	 0.473392 	 1315.19 	 1545.9 	 134.457 	 58.6928 	 51.0936 	 0.139244 	 366.936 	 5390 	 0.970122 	 300.569 	 57.5403 	 53.6127 	 -29.3949 	 0 	 0 	 0 	 3.62724 	 0.0676564 	 0 	 0 	 NaN 	 NaN 	 0 	 0 	 0 	 NaN 	 NaN 	 NaN 	 NaN 	 0 	 0 	 NaN 	 NaN 	 0 	 0 	 NaN 	 NaN 	 0 	 0 	 0 	 NaN 	 NaN 	 NaN 	 NaN 	 0 	 0 	 NaN 	 NaN 	  DCIS 
75 	 1101.33 	 180.734 	 451.616 	 439.164 	 2117 	 82.8591 	 33.0279 	 0.917124 	 0.964026 	 203.48 	 996.404 	 256.635 	 0.257561 	 665.53 	 875.649 	 96.4917 	 17.6094 	 36.5505 	 0.111106 	 328.971 	 3672 	 0.962264 	 262.912 	 58.3723 	 57.8427 	 -25.1648 	 0 	 0 	 0 	 8.78047 	 0.151799 	 45 	 45 	 139.933 	 9.68333 	 1 	 0 	 0 	 NaN 	 NaN 	 NaN 	 NaN 	 45 	 45 	 45 	 0 	 61 	 62 	 115.23 	 1.81572 	 1 	 0 	 0 	 NaN 	 NaN 	 NaN 	 NaN 	 61 	 61 	 61 	 0 	  DCIS 
76 	 1124.81 	 958.993 	 1083.09 	 233.225 	 5452 	 114.221 	 63.1362 	 0.833343 	 0.931488 	 324.049 	 903.782 	 135.799 	 0.150257 	 308.781 	 783.027 	 795.087 	 -120.323 	 148.442 	 0.144459 	 1027.57 	 14226 	 0.845628 	 588.693 	 806.858 	 1627.99 	 1544.98 	 0.575318 	 1507.34 	 1642.91 	 484.421 	 0.297558 	 485 	 1234 	 226.893 	 96.6428 	 5 	 1167.04 	 0.214057 	 37.7161 	 14.0296 	 24.7157 	 8.17464 	 160 	 36 	 97 	 47.571 	 0 	 0 	 NaN 	 NaN 	 0 	 0 	 0 	 NaN 	 NaN 	 NaN 	 NaN 	 0 	 0 	 NaN 	 NaN 	  Tumour 
77 	 1164.85 	 781.57 	 1134.77 	 65.7343 	 5014 	 132.412 	 68.4724 	 0.855915 	 0.624875 	 426.233 	 1065.79 	 229.39 	 0.215231 	 539.422 	 945.032 	 948.179 	 7.57169 	 139.036 	 0.117761 	 1180.66 	 6059 	 0.917058 	 377.137 	 678.619 	 905.198 	 822.19 	 0.959302 	 854.639 	 939.13 	 318.24 	 0.35157 	 0 	 0 	 NaN 	 NaN 	 0 	 0 	 0 	 NaN 	 NaN 	 NaN 	 NaN 	 0 	 0 	 NaN 	 NaN 	 0 	 0 	 NaN 	 NaN 	 0 	 0 	 0 	 NaN 	 NaN 	 NaN 	 NaN 	 0 	 0 	 NaN 	 NaN 	  Tumour 
78 	 1164.38 	 465.479 	 635.692 	 205.105 	 4785 	 118.929 	 52.052 	 0.899135 	 0.938603 	 314.777 	 1039.46 	 268.076 	 0.257898 	 689.768 	 918.71 	 127.626 	 33.0028 	 43.6193 	 0.121129 	 360.106 	 6624 	 0.901592 	 384.51 	 72.3219 	 68.2961 	 -14.7114 	 0.27095 	 69.0515 	 67.5041 	 10.3131 	 0.151006 	 145 	 1232 	 116.069 	 -14.181 	 4 	 1388.7 	 0.290219 	 73.4374 	 20.1246 	 46.6751 	 20.8551 	 45 	 10 	 36.25 	 17.5 	 137 	 515 	 116.613 	 3.19935 	 2 	 783.8 	 0.163804 	 46.4935 	 46.4935 	 46.4935 	 0 	 72 	 65 	 68.5 	 4.94975 	  DCIS 
79 	 1149.25 	 520.094 	 659.692 	 157.41 	 3127 	 100.841 	 39.9796 	 0.918051 	 0.962154 	 252.291 	 1034.65 	 270.618 	 0.261556 	 583.4 	 913.891 	 97.6027 	 12.5935 	 22.308 	 0.0675833 	 330.082 	 5126 	 0.947855 	 323.196 	 75.2801 	 77.14 	 -5.86753 	 0.326667 	 70.0816 	 78.5299 	 12.7479 	 0.165257 	 51 	 170 	 120.804 	 -9.44608 	 2 	 1018.41 	 0.325682 	 22.3169 	 22.3169 	 22.3169 	 0 	 28 	 23 	 25.5 	 3.53553 	 64 	 66 	 119.891 	 6.47683 	 1 	 0 	 0 	 NaN 	 NaN 	 NaN 	 NaN 	 64 	 64 	 64 	 0 	  DCIS 
80 	 1220.38 	 745.878 	 872.7 	 65.7343 	 4418 	 81.7876 	 69.8357 	 0.520492 	 0.962947 	 266.208 	 1614.84 	 586.455 	 0.363165 	 1131.22 	 1494.09 	 578.039 	 -25.1605 	 142.65 	 0.175998 	 810.519 	 9687 	 0.868322 	 487.078 	 485.852 	 713.581 	 630.574 	 0.493243 	 753.1 	 689.198 	 239.63 	 0.335813 	 45 	 45 	 186.911 	 56.6611 	 1 	 0 	 0 	 NaN 	 NaN 	 NaN 	 NaN 	 45 	 45 	 45 	 0 	 42 	 42 	 143.333 	 29.9195 	 1 	 0 	 0 	 NaN 	 NaN 	 NaN 	 NaN 	 42 	 42 	 42 	 0 	  DCIS 
81 	 1237.51 	 937.96 	 1196.02 	 192.842 	 5543 	 95.7775 	 75.3025 	 0.617942 	 0.970074 	 292.652 	 1187.66 	 166.542 	 0.140226 	 258.537 	 1066.91 	 699.572 	 -113.418 	 138.06 	 0.148124 	 932.051 	 17109 	 0.856049 	 699.848 	 785.701 	 1371.65 	 1288.64 	 0.532508 	 1392.2 	 1347.34 	 578.121 	 0.421478 	 1078 	 4228 	 199.798 	 69.5478 	 14 	 1166.45 	 0.210436 	 74.3604 	 8.95766 	 37.1228 	 16.2729 	 193 	 19 	 71.8667 	 48.1172 	 0 	 0 	 NaN 	 NaN 	 0 	 0 	 0 	 NaN 	 NaN 	 NaN 	 NaN 	 0 	 0 	 NaN 	 NaN 	  Tumour 
82 	 1314.9 	 854.68 	 1276.18 	 144.589 	 11682 	 135.199 	 113.704 	 0.541016 	 0.971234 	 435.848 	 1082.31 	 237.704 	 0.219626 	 575.483 	 961.557 	 550.473 	 -212.855 	 150.919 	 0.192756 	 782.953 	 17256 	 0.918068 	 640.049 	 781.771 	 1082.72 	 999.714 	 0.356419 	 1206.37 	 1053.03 	 600.189 	 0.554334 	 335 	 3217 	 271.304 	 141.054 	 5 	 6193.32 	 0.53016 	 86.9412 	 13.6233 	 48.8788 	 26.1641 	 162 	 31 	 67 	 56.0089 	 198 	 2189 	 138.086 	 24.6721 	 3 	 1739.92 	 0.14894 	 78.6846 	 38.6022 	 59.9802 	 18.0446 	 92 	 50 	 66 	 22.7156 	  Tumour 
83 	 1269.23 	 616.114 	 813.099 	 195.888 	 1433 	 51.6856 	 35.5825 	 0.725292 	 0.974167 	 147.196 	 907.411 	 243.231 	 0.26805 	 474.382 	 786.656 	 332.824 	 -6.18676 	 56.3039 	 0.0995995 	 565.304 	 2567 	 0.979771 	 199.113 	 98.0417 	 98.7632 	 15.7556 	 0 	 0 	 0 	 14.9114 	 0.150982 	 0 	 0 	 0 	 -130.25 	 0 	 0 	 0 	 NaN 	 NaN 	 NaN 	 NaN 	 0 	 0 	 NaN 	 NaN 	 0 	 0 	 0 	 -113.414 	 0 	 0 	 0 	 NaN 	 NaN 	 NaN 	 NaN 	 0 	 0 	 NaN 	 NaN 	  Other 
84 	 1289.62 	 192.551 	 638.99 	 498.221 	 356 	 33.3102 	 13.6958 	 0.911563 	 0.972678 	 77.4975 	 918.781 	 176.175 	 0.191749 	 648.827 	 798.026 	 177.939 	 4.29546 	 35.5813 	 0.0866952 	 410.419 	 1089 	 0.975806 	 129.456 	 61.9532 	 60.2541 	 -22.7534 	 0 	 0 	 0 	 10.7077 	 0.177708 	 0 	 0 	 0 	 -130.25 	 0 	 0 	 0 	 NaN 	 NaN 	 NaN 	 NaN 	 0 	 0 	 NaN 	 NaN 	 0 	 0 	 0 	 -113.414 	 0 	 0 	 0 	 NaN 	 NaN 	 NaN 	 NaN 	 0 	 0 	 NaN 	 NaN 	  Other 
85 	 1305.83 	 494.782 	 768.854 	 307.539 	 537 	 51.6199 	 13.5215 	 0.965083 	 0.92268 	 119.539 	 771.914 	 122.094 	 0.158171 	 459.255 	 651.16 	 90.5298 	 10.7607 	 17.9414 	 0.0555445 	 323.009 	 1358 	 0.94965 	 157.941 	 61.0493 	 60.1959 	 -22.8116 	 0 	 0 	 0 	 5.83289 	 0.0968983 	 0 	 0 	 0 	 -130.25 	 0 	 0 	 0 	 NaN 	 NaN 	 NaN 	 NaN 	 0 	 0 	 NaN 	 NaN 	 0 	 0 	 0 	 -113.414 	 0 	 0 	 0 	 NaN 	 NaN 	 NaN 	 NaN 	 0 	 0 	 NaN 	 NaN 	  Other 
