rownames 	XLoc 	YLoc 	NNDistSame 	NNDistOpp 	dapi_Area 	dapi_MajorAxisLength 	dapi_MinorAxisLength 	dapi_Eccentricity 	dapi_Solidity 	dapi_Perimeter 	dapi_MeanIntensity 	dapi_PixelSD 	dapi_PixelCV 	dapi_NucAdjustedInt 	dapi_BackAdjustedInt 	nucl_BackgroundAdjust 	nucl_NuclearAdjustedInt 	nucl_PixelSD 	nucl_PixelCV 	nucl_MeanIntensity 	memb_Area 	memb_Solidity 	memb_Perimeter 	memb_MeanIntensity 	memb_MembraneIntensity 	memb_temp 	memb_pcTouch 	memb_OverLapIntensity 	memb_nonLapIntensity 	memb_PixelSD 	memb_PixelCV 	Her2_Area 	Her2_ConvexArea 	Her2_MeanIntensity 	Her2_BackAdjustedInt 	Her2_CN 	Her2_AreaSD 	Her2_CoeffVar 	Her2_MaxSpotDist 	Her2_MinSpotDist 	Her2_MeanSpotDist 	Her2_SDSpotDist 	Her2_SpotAreaMax 	Her2_SpotAreaMin 	Her2_SpotAreaMean 	Her2_SpotAreaSD 	cent_Area 	cent_ConvexArea 	cent_MeanIntensity 	cent_BackAdjustedInt 	cent_CN 	cent_AreaSD 	cent_CoeffVar 	cent_MaxSpotDist 	cent_MinSpotDist 	cent_MeanSpotDist 	cent_SDSpotDist 	cent_SpotAreaMax 	cent_SpotAreaMin 	cent_SpotAreaMean 	cent_SpotAreaSD 	CellLabels 	
1 	 76.1515 	 266.827 	 81.3941 	 124.487 	 6376 	 109.404 	 76.6053 	 0.713942 	 0.9323 	 339.362 	 1010.38 	 325.485 	 0.322142 	 281.052 	 915.337 	 168.202 	 -54.2042 	 29.8485 	 0.115061 	 259.414 	 9124 	 0.940231 	 412.167 	 52.2911 	 50.3724 	 2.99289 	 0.130208 	 51.04 	 50.2214 	 8.44174 	 0.167587 	 150 	 892 	 114.267 	 8.91096 	 3 	 2461.52 	 0.386061 	 56.2371 	 10.4647 	 40.2714 	 23.1078 	 62 	 43 	 50 	 10.4403 	 80 	 81 	 115.263 	 13.3885 	 1 	 0 	 0 	 NaN 	 NaN 	 NaN 	 NaN 	 80 	 80 	 80 	 0 	  Fib 
2 	 112.183 	 340.016 	 81.3941 	 121.655 	 2314 	 77.0294 	 39.0167 	 0.86223 	 0.937601 	 211.179 	 871.413 	 190.634 	 0.218764 	 238.11 	 776.373 	 149.894 	 -254.534 	 19.6293 	 0.0814136 	 241.106 	 3270 	 0.966027 	 237.882 	 60.2138 	 59.867 	 12.4875 	 0.174312 	 51.0526 	 60.8568 	 11.2911 	 0.188603 	 32 	 32 	 97.4375 	 -7.9182 	 1 	 0 	 0 	 NaN 	 NaN 	 NaN 	 NaN 	 32 	 32 	 32 	 0 	 67 	 68 	 98.7463 	 -3.12775 	 1 	 0 	 0 	 NaN 	 NaN 	 NaN 	 NaN 	 67 	 67 	 67 	 0 	  Fib 
3 	 167.251 	 205.993 	 109.554 	 59.9083 	 2121 	 63.673 	 44.1395 	 0.720725 	 0.920174 	 202.451 	 1053.9 	 381.921 	 0.362389 	 308.05 	 958.858 	 277.016 	 -158.368 	 124.325 	 0.337631 	 368.229 	 3303 	 0.944524 	 257.681 	 78.1932 	 82.8017 	 35.4222 	 0.267241 	 100.839 	 80.6045 	 26.3535 	 0.318272 	 36 	 37 	 99.8611 	 -5.49459 	 1 	 0 	 0 	 NaN 	 NaN 	 NaN 	 NaN 	 36 	 36 	 36 	 0 	 0 	 0 	 NaN 	 NaN 	 0 	 0 	 0 	 NaN 	 NaN 	 NaN 	 NaN 	 0 	 0 	 NaN 	 NaN 	  DCIS 
4 	 199.682 	 255.869 	 108.931 	 59.9083 	 4438 	 98.5597 	 59.1215 	 0.800109 	 0.944657 	 287.22 	 1350.81 	 469.702 	 0.347719 	 807.057 	 1255.77 	 550.143 	 73.0879 	 217.992 	 0.339893 	 641.355 	 6490 	 0.865795 	 390.936 	 354.518 	 372.98 	 325.601 	 0.403409 	 484.19 	 334.018 	 383.985 	 1.0295 	 90 	 136 	 182.044 	 76.6887 	 2 	 588.144 	 0.132524 	 11.4018 	 11.4018 	 11.4018 	 0 	 45 	 45 	 45 	 0 	 59 	 61 	 133.424 	 31.5497 	 1 	 0 	 0 	 NaN 	 NaN 	 NaN 	 NaN 	 59 	 59 	 59 	 0 	  Tumour 
5 	 256.155 	 987.788 	 79.9812 	 176.918 	 10164 	 175.965 	 85.4597 	 0.874146 	 0.7927 	 482.659 	 839.34 	 169.927 	 0.202453 	 148.877 	 744.3 	 375.097 	 9.82441 	 75.9153 	 0.1628 	 466.309 	 13778 	 0.926938 	 521.186 	 302.566 	 395.761 	 348.382 	 0.147727 	 503.338 	 392.519 	 176.365 	 0.445635 	 902 	 5571 	 144.106 	 38.7507 	 10 	 2070.35 	 0.203695 	 118.128 	 10.1119 	 56.5173 	 28.7414 	 268 	 3 	 82 	 72.2357 	 306 	 4322 	 104.288 	 2.41357 	 5 	 2433.47 	 0.239421 	 107.993 	 16.1869 	 61.7174 	 27.0812 	 99 	 37 	 61.2 	 22.9172 	  Tumour 
6 	 274.792 	 334.829 	 108.931 	 120.037 	 9729 	 142.886 	 87.7023 	 0.789469 	 0.969314 	 401.404 	 1669.27 	 615.148 	 0.368514 	 965.516 	 1574.23 	 819.453 	 301.886 	 266.952 	 0.29314 	 910.665 	 12036 	 0.951011 	 494.108 	 412.016 	 359.748 	 312.368 	 0.157895 	 884.931 	 314.662 	 307.538 	 0.854871 	 769 	 3837 	 254.494 	 149.138 	 11 	 1529.99 	 0.157261 	 91.6038 	 8.51098 	 44.1703 	 21.9849 	 150 	 45 	 69.9091 	 35.5231 	 413 	 3277 	 158.608 	 56.7337 	 6 	 997.926 	 0.102572 	 86.8957 	 19.5484 	 48.7675 	 19.7821 	 74 	 62 	 68.8333 	 4.62241 	  Tumour 
7 	 245.405 	 496.347 	 284.609 	 163.771 	 326 	 22.5298 	 18.8224 	 0.549578 	 0.976048 	 66.2843 	 714.411 	 177.237 	 0.248088 	 -80.5858 	 619.371 	 319.616 	 26.5796 	 55.0207 	 0.133926 	 410.828 	 795 	 0.981481 	 107.799 	 114.498 	 151.029 	 103.65 	 0 	 0 	 0 	 165.32 	 1.09462 	 0 	 0 	 NaN 	 NaN 	 0 	 0 	 0 	 NaN 	 NaN 	 NaN 	 NaN 	 0 	 0 	 NaN 	 NaN 	 0 	 0 	 NaN 	 NaN 	 0 	 0 	 0 	 NaN 	 NaN 	 NaN 	 NaN 	 0 	 0 	 NaN 	 NaN 	  DCIS 
8 	 315.264 	 933.606 	 687.684 	 117.085 	 12806 	 149.949 	 111.894 	 0.665704 	 0.976439 	 465.203 	 845.134 	 255.852 	 0.302736 	 452.557 	 750.093 	 366.543 	 -48.7359 	 63.0779 	 0.137798 	 457.755 	 14360 	 0.914184 	 544.274 	 406.892 	 479.858 	 432.478 	 0.449791 	 557.86 	 462.071 	 252.24 	 0.525656 	 1564 	 8121 	 157.395 	 52.0394 	 13 	 2755.68 	 0.215186 	 132.221 	 7.80985 	 56.822 	 28.105 	 373 	 18 	 120.308 	 127.503 	 117 	 1165 	 98.7094 	 -3.16461 	 3 	 568.418 	 0.0443868 	 73.3371 	 32.619 	 50.9831 	 18.4701 	 57 	 9 	 39 	 26.1534 	  Tumour 
9 	 287.475 	 647.499 	 434.65 	 199.04 	 4408 	 92.8385 	 60.6963 	 0.756682 	 0.981956 	 258.007 	 1233.9 	 358.32 	 0.290396 	 877.33 	 1138.86 	 186.166 	 84.9475 	 49.1287 	 0.177118 	 277.378 	 6469 	 0.96079 	 334.125 	 54.1858 	 50.4569 	 3.07736 	 0.0958466 	 44.6667 	 50.8024 	 11.52 	 0.228314 	 111 	 211 	 124.685 	 19.329 	 2 	 479.357 	 0.108747 	 17.2156 	 17.2156 	 17.2156 	 0 	 58 	 53 	 55.5 	 3.53553 	 0 	 0 	 NaN 	 NaN 	 0 	 0 	 0 	 NaN 	 NaN 	 NaN 	 NaN 	 0 	 0 	 NaN 	 NaN 	  DCIS 
10 	 291.038 	 845.724 	 596.977 	 173.632 	 3184 	 79.5702 	 53.1957 	 0.743678 	 0.964848 	 230.693 	 1170.63 	 349.473 	 0.298533 	 830.255 	 1075.59 	 184.406 	 -30.0007 	 82.6629 	 0.299918 	 275.618 	 5640 	 0.903267 	 361.338 	 373.909 	 434.356 	 386.977 	 0.320359 	 660.056 	 389.836 	 342.271 	 0.787996 	 47 	 47 	 102.83 	 -2.52592 	 1 	 0 	 0 	 NaN 	 NaN 	 NaN 	 NaN 	 47 	 47 	 47 	 0 	 136 	 174 	 112.75 	 10.876 	 2 	 778.052 	 0.244363 	 10.361 	 10.361 	 10.361 	 0 	 83 	 53 	 68 	 21.2132 	  Tumour 
11 	 322.154 	 574.308 	 393.402 	 243.578 	 1580 	 54.9761 	 36.9142 	 0.741041 	 0.967544 	 156.752 	 931.235 	 303.521 	 0.325933 	 631.325 	 836.195 	 158.618 	 25.209 	 32.1497 	 0.128686 	 249.83 	 2662 	 0.904519 	 224.912 	 52.1818 	 51.5476 	 4.16811 	 0.361905 	 52.8947 	 50.4867 	 7.79401 	 0.1512 	 90 	 114 	 104.878 	 -0.477927 	 1 	 0 	 0 	 NaN 	 NaN 	 NaN 	 NaN 	 90 	 90 	 90 	 0 	 0 	 0 	 NaN 	 NaN 	 0 	 0 	 0 	 NaN 	 NaN 	 NaN 	 NaN 	 0 	 0 	 NaN 	 NaN 	  DCIS 
12 	 362.537 	 687.505 	 509.519 	 173.632 	 1187 	 57.2468 	 27.3822 	 0.878187 	 0.93834 	 155.782 	 701.955 	 155.394 	 0.221374 	 418.638 	 606.914 	 157.264 	 16.9257 	 49.2844 	 0.198346 	 248.477 	 2300 	 0.945724 	 203.598 	 56.9739 	 55.7292 	 8.34966 	 0 	 0 	 0 	 10.0261 	 0.179908 	 0 	 0 	 NaN 	 NaN 	 0 	 0 	 0 	 NaN 	 NaN 	 NaN 	 NaN 	 0 	 0 	 NaN 	 NaN 	 0 	 0 	 NaN 	 NaN 	 0 	 0 	 0 	 NaN 	 NaN 	 NaN 	 NaN 	 0 	 0 	 NaN 	 NaN 	  DCIS 
13 	 362.575 	 585.22 	 428.361 	 265.036 	 664 	 30.5538 	 27.9824 	 0.401538 	 0.948571 	 97.8406 	 747.22 	 164.638 	 0.220333 	 378.363 	 652.18 	 219.62 	 0.968982 	 39.7096 	 0.127752 	 310.833 	 1528 	 0.976982 	 152.284 	 63.5033 	 63.1458 	 15.7663 	 0.319444 	 60.4783 	 64.0289 	 12.4849 	 0.197716 	 0 	 0 	 NaN 	 NaN 	 0 	 0 	 0 	 NaN 	 NaN 	 NaN 	 NaN 	 0 	 0 	 NaN 	 NaN 	 0 	 0 	 NaN 	 NaN 	 0 	 0 	 0 	 NaN 	 NaN 	 NaN 	 NaN 	 0 	 0 	 NaN 	 NaN 	  DCIS 
14 	 388.473 	 89.1845 	 359.205 	 251.462 	 3301 	 73.834 	 57.4002 	 0.628979 	 0.944762 	 231.723 	 1258.69 	 442.068 	 0.351213 	 918.458 	 1163.65 	 209.484 	 77.2381 	 40.5954 	 0.135005 	 300.697 	 4293 	 0.966239 	 264.51 	 51.7831 	 52.2815 	 4.902 	 0.411765 	 56.4184 	 51.2249 	 7.17654 	 0.137267 	 63 	 66 	 142.683 	 37.3268 	 1 	 0 	 0 	 NaN 	 NaN 	 NaN 	 NaN 	 63 	 63 	 63 	 0 	 142 	 347 	 116.021 	 14.1471 	 3 	 1022.85 	 0.30986 	 16.2378 	 13.5762 	 15.0235 	 1.20391 	 71 	 29 	 47.3333 	 21.5019 	  DCIS 
15 	 391.453 	 151.431 	 335.68 	 217.513 	 3602 	 117.915 	 46.5358 	 0.918829 	 0.808711 	 310.049 	 827.923 	 168.83 	 0.203919 	 404.743 	 732.882 	 319.285 	 -176.727 	 98.6985 	 0.240436 	 410.498 	 5369 	 0.850602 	 361.48 	 68.9339 	 72.6091 	 25.2296 	 0.20303 	 61.0896 	 74.0135 	 18.2885 	 0.251876 	 44 	 46 	 120.523 	 15.167 	 1 	 0 	 0 	 NaN 	 NaN 	 NaN 	 NaN 	 44 	 44 	 44 	 0 	 64 	 66 	 127.391 	 25.5166 	 1 	 0 	 0 	 NaN 	 NaN 	 NaN 	 NaN 	 64 	 64 	 64 	 0 	  DCIS 
16 	 394.607 	 332.007 	 325.555 	 120.037 	 2648 	 78.9432 	 43.7018 	 0.832793 	 0.924904 	 220.551 	 1104.49 	 370.488 	 0.335438 	 579.123 	 1009.45 	 382.064 	 53.8382 	 77.0682 	 0.16284 	 473.276 	 4160 	 0.96475 	 270.912 	 150.291 	 92.8477 	 45.4681 	 0 	 0 	 91.459 	 24.6192 	 0.265157 	 0 	 0 	 NaN 	 NaN 	 0 	 0 	 0 	 NaN 	 NaN 	 NaN 	 NaN 	 0 	 0 	 NaN 	 NaN 	 31 	 32 	 107.129 	 5.25502 	 1 	 0 	 0 	 NaN 	 NaN 	 NaN 	 NaN 	 31 	 31 	 31 	 0 	  DCIS 
17 	 431.802 	 33.1643 	 426.019 	 321.797 	 3494 	 83.8472 	 53.9676 	 0.765327 	 0.931237 	 251.279 	 1409.74 	 425.406 	 0.301761 	 979.193 	 1314.7 	 232.271 	 70.6753 	 55.9786 	 0.173049 	 323.484 	 4531 	 0.959551 	 291.823 	 58.0393 	 54.5534 	 7.17393 	 0.389313 	 58.0196 	 54.3417 	 7.80528 	 0.143076 	 51 	 51 	 132.314 	 26.958 	 1 	 0 	 0 	 NaN 	 NaN 	 NaN 	 NaN 	 51 	 51 	 51 	 0 	 213 	 413 	 109.695 	 7.82082 	 3 	 1577.79 	 0.451571 	 29.2672 	 10.8881 	 19.6108 	 8.25115 	 90 	 41 	 71 	 26.2869 	  DCIS 
18 	 449.472 	 257.19 	 373.134 	 190.683 	 7112 	 118.448 	 88.3542 	 0.66602 	 0.8606 	 401.647 	 1436.82 	 483.219 	 0.336311 	 774.731 	 1341.78 	 194.786 	 -29.0621 	 47.1331 	 0.164802 	 285.998 	 9943 	 0.914215 	 450.995 	 58.4499 	 62.2393 	 14.8598 	 0 	 0 	 62.4254 	 11.514 	 0.184995 	 215 	 531 	 142.842 	 37.4862 	 2 	 306.612 	 0.0431119 	 32.929 	 32.929 	 32.929 	 0 	 111 	 104 	 107.5 	 4.94975 	 131 	 300 	 120.809 	 18.9351 	 2 	 3026.77 	 0.425586 	 24.0433 	 24.0433 	 24.0433 	 0 	 76 	 55 	 65.5 	 14.8492 	  DCIS 
19 	 430.226 	 956.093 	 774.621 	 117.085 	 2276 	 81.242 	 36.9816 	 0.890388 	 0.914791 	 217.622 	 958.316 	 246.804 	 0.257539 	 431.733 	 863.276 	 204.919 	 -30.0417 	 69.2139 	 0.233727 	 296.131 	 4070 	 0.901639 	 306.995 	 97.9393 	 121.119 	 73.7392 	 0.183453 	 207.373 	 112.913 	 64.5155 	 0.532663 	 0 	 0 	 NaN 	 NaN 	 0 	 0 	 0 	 NaN 	 NaN 	 NaN 	 NaN 	 0 	 0 	 NaN 	 NaN 	 0 	 0 	 NaN 	 NaN 	 0 	 0 	 0 	 NaN 	 NaN 	 NaN 	 NaN 	 0 	 0 	 NaN 	 NaN 	  DCIS 
20 	 437.975 	 635.129 	 516.205 	 224.415 	 3648 	 89.6965 	 52.243 	 0.812872 	 0.97514 	 244.794 	 1331.65 	 531.315 	 0.398989 	 1051.86 	 1236.61 	 155.439 	 38.8801 	 44.5947 	 0.180801 	 246.651 	 5478 	 0.971621 	 308.569 	 47.264 	 45.4349 	 -1.94458 	 0 	 0 	 0 	 5.09692 	 0.112181 	 106 	 326 	 129.774 	 24.4179 	 2 	 303.356 	 0.0831568 	 32.3646 	 32.3646 	 32.3646 	 0 	 57 	 49 	 53 	 5.65685 	 51 	 53 	 92.9608 	 -8.91323 	 1 	 0 	 0 	 NaN 	 NaN 	 NaN 	 NaN 	 51 	 51 	 51 	 0 	  DCIS 
21 	 441.54 	 82.7143 	 409.649 	 297.478 	 1393 	 52.6644 	 34.7129 	 0.752025 	 0.897552 	 162.569 	 1352.09 	 305.382 	 0.22586 	 807.865 	 1257.05 	 326.594 	 -168.496 	 67.5192 	 0.161604 	 417.806 	 1780 	 0.904931 	 176.569 	 66.0461 	 65.3375 	 17.958 	 0.65625 	 65.2667 	 65.7256 	 9.43091 	 0.144341 	 0 	 0 	 NaN 	 NaN 	 0 	 0 	 0 	 NaN 	 NaN 	 NaN 	 NaN 	 0 	 0 	 NaN 	 NaN 	 0 	 0 	 NaN 	 NaN 	 0 	 0 	 0 	 NaN 	 NaN 	 NaN 	 NaN 	 0 	 0 	 NaN 	 NaN 	  DCIS 
22 	 508.36 	 53.6866 	 481.657 	 249.612 	 8130 	 139.955 	 76.1635 	 0.838954 	 0.921664 	 402.233 	 1019.07 	 281.635 	 0.276366 	 606.792 	 924.026 	 240.768 	 -55.9284 	 89.6432 	 0.270025 	 331.981 	 9999 	 0.941171 	 434.409 	 60.0768 	 64.7605 	 17.381 	 0.224691 	 63.022 	 64.0126 	 13.7513 	 0.212341 	 89 	 302 	 120.719 	 15.3634 	 2 	 2439.23 	 0.300029 	 33.143 	 33.143 	 33.143 	 0 	 45 	 44 	 44.5 	 0.707107 	 140 	 329 	 121.436 	 19.5617 	 2 	 1800.68 	 0.221486 	 26.2237 	 26.2237 	 26.2237 	 0 	 73 	 67 	 70 	 4.24264 	  DCIS 
23 	 501.46 	 948.594 	 803.585 	 186.604 	 1833 	 65.2879 	 37.2402 	 0.821367 	 0.907426 	 177.338 	 941.365 	 193.178 	 0.20521 	 656.522 	 846.325 	 188.573 	 -5.80572 	 31.0073 	 0.110825 	 279.786 	 2858 	 0.949502 	 229.154 	 78.7551 	 97.8873 	 50.5078 	 0.328638 	 89.3286 	 99.1014 	 68.862 	 0.703483 	 45 	 45 	 109.311 	 3.95541 	 1 	 0 	 0 	 NaN 	 NaN 	 NaN 	 NaN 	 45 	 45 	 45 	 0 	 59 	 63 	 107.424 	 5.54971 	 1 	 0 	 0 	 NaN 	 NaN 	 NaN 	 NaN 	 59 	 59 	 59 	 0 	  DCIS 
24 	 525.076 	 894.602 	 772.001 	 213.591 	 4357 	 81.8933 	 69.2588 	 0.533628 	 0.93158 	 274.593 	 1073.29 	 372.461 	 0.347026 	 788.938 	 978.254 	 121.046 	 9.50264 	 69.5808 	 0.327812 	 212.258 	 6048 	 0.95545 	 328.267 	 54.067 	 56.4818 	 9.10234 	 0.178218 	 64.8704 	 55.9511 	 12.8465 	 0.227444 	 45 	 45 	 96.6444 	 -8.71126 	 1 	 0 	 0 	 NaN 	 NaN 	 NaN 	 NaN 	 45 	 45 	 45 	 0 	 72 	 75 	 111.111 	 9.2371 	 1 	 0 	 0 	 NaN 	 NaN 	 NaN 	 NaN 	 72 	 72 	 72 	 0 	  DCIS 
25 	 646.96 	 507.935 	 619.776 	 78.6384 	 6959 	 108.506 	 84.1022 	 0.631849 	 0.935349 	 344.233 	 1717.62 	 702.358 	 0.408915 	 878.491 	 1622.57 	 670.433 	 -89.4473 	 193.19 	 0.253648 	 761.645 	 8654 	 0.981958 	 358.676 	 167.595 	 161.98 	 114.601 	 0 	 0 	 161.648 	 54.8083 	 0.338364 	 0 	 0 	 NaN 	 NaN 	 0 	 0 	 0 	 NaN 	 NaN 	 NaN 	 NaN 	 0 	 0 	 NaN 	 NaN 	 0 	 0 	 NaN 	 NaN 	 0 	 0 	 0 	 NaN 	 NaN 	 NaN 	 NaN 	 0 	 0 	 NaN 	 NaN 	  DCIS 
26 	 623.521 	 393.559 	 445.892 	 116.297 	 2789 	 87.1875 	 41.3334 	 0.880484 	 0.94223 	 230.409 	 1839.09 	 678.528 	 0.368947 	 863.122 	 1744.05 	 749.205 	 53.5473 	 177.213 	 0.210864 	 840.417 	 4282 	 0.84994 	 342.853 	 557.129 	 496.11 	 448.731 	 0.22956 	 668.37 	 472.32 	 357.571 	 0.72075 	 42 	 45 	 160.357 	 55.0014 	 1 	 0 	 0 	 NaN 	 NaN 	 NaN 	 NaN 	 42 	 42 	 42 	 0 	 81 	 84 	 154.296 	 52.4223 	 1 	 0 	 0 	 NaN 	 NaN 	 NaN 	 NaN 	 81 	 81 	 81 	 0 	  Tumour 
27 	 657.241 	 586.487 	 563.692 	 78.6384 	 5511 	 114.181 	 62.3285 	 0.837868 	 0.964473 	 301.321 	 1239.97 	 394.677 	 0.318296 	 893.977 	 1144.93 	 288.55 	 8.74564 	 64.4049 	 0.169592 	 379.763 	 7465 	 0.950592 	 364.794 	 130.366 	 140.252 	 92.872 	 0 	 0 	 0 	 69.1217 	 0.492841 	 168 	 862 	 142.065 	 36.7098 	 2 	 1140.12 	 0.20688 	 68.1681 	 68.1681 	 68.1681 	 0 	 103 	 65 	 84 	 26.8701 	 142 	 680 	 124.986 	 23.1119 	 2 	 363.793 	 0.0660121 	 69.528 	 69.528 	 69.528 	 0 	 76 	 66 	 71 	 7.07107 	  Tumour 
28 	 681.101 	 426.189 	 510.158 	 88.7694 	 4589 	 92.6391 	 66.288 	 0.698561 	 0.873762 	 307.664 	 1207.92 	 423.297 	 0.350436 	 567.663 	 1112.87 	 1040.04 	 124.588 	 170.825 	 0.151004 	 1131.26 	 5905 	 0.874426 	 375.338 	 488.766 	 468.698 	 421.319 	 0.433908 	 689.901 	 404.341 	 236.644 	 0.504896 	 135 	 210 	 200.496 	 95.1406 	 3 	 1044.44 	 0.227596 	 16.1245 	 8.544 	 11.3675 	 3.7062 	 45 	 45 	 45 	 0 	 0 	 0 	 NaN 	 NaN 	 0 	 0 	 0 	 NaN 	 NaN 	 NaN 	 NaN 	 0 	 0 	 NaN 	 NaN 	  Tumour 
29 	 739.101 	 249.146 	 539.045 	 228.615 	 3777 	 88.1479 	 58.3481 	 0.749562 	 0.901002 	 267.765 	 981.482 	 297.009 	 0.302613 	 646.087 	 886.442 	 259.282 	 -3.45998 	 61.5935 	 0.175733 	 350.494 	 6048 	 0.870341 	 370.995 	 148.072 	 162.053 	 114.673 	 0 	 0 	 0 	 89.633 	 0.55311 	 415 	 2380 	 147.573 	 42.2178 	 5 	 1398.91 	 0.370376 	 72.2684 	 23.7658 	 41.0638 	 16.5099 	 158 	 28 	 83 	 50.5025 	 161 	 395 	 133.646 	 31.7719 	 2 	 957.171 	 0.253421 	 25.7267 	 25.7267 	 25.7267 	 0 	 82 	 79 	 80.5 	 2.12132 	  Tumour 
30 	 748.57 	 118.553 	 565.836 	 249.612 	 3047 	 77.7928 	 50.3006 	 0.762832 	 0.975664 	 216.652 	 1528.25 	 519.622 	 0.340012 	 966.517 	 1433.21 	 300.994 	 -0.391831 	 80.106 	 0.204244 	 392.207 	 3993 	 0.902169 	 295.439 	 287.912 	 406.517 	 359.137 	 0.387454 	 436.952 	 395.257 	 184.157 	 0.453013 	 610 	 1876 	 148.962 	 43.6066 	 6 	 280.833 	 0.0921672 	 62.9494 	 13.4443 	 30.8835 	 13.2415 	 131 	 40 	 87.1429 	 38.2946 	 37 	 38 	 101.108 	 -0.765908 	 1 	 0 	 0 	 NaN 	 NaN 	 NaN 	 NaN 	 37 	 37 	 37 	 0 	  Tumour 
31 	 755.51 	 416.304 	 578.564 	 103.446 	 4791 	 82.8455 	 75.3378 	 0.415973 	 0.955715 	 280.693 	 1479.33 	 576.949 	 0.390006 	 1105.73 	 1384.29 	 480.691 	 58.3966 	 223.283 	 0.390421 	 571.903 	 6670 	 0.947982 	 347.196 	 356.53 	 372.88 	 325.5 	 0.234568 	 684.684 	 331.892 	 259.998 	 0.697271 	 120 	 282 	 155.725 	 50.3693 	 2 	 1133.63 	 0.236617 	 26.0242 	 26.0242 	 26.0242 	 0 	 68 	 52 	 60 	 11.3137 	 119 	 267 	 125.277 	 23.4033 	 2 	 595.166 	 0.124226 	 17.48 	 17.48 	 17.48 	 0 	 64 	 55 	 59.5 	 6.36396 	  Tumour 
32 	 819.226 	 52.0638 	 651.749 	 311.006 	 13268 	 187.018 	 97.0334 	 0.854869 	 0.844504 	 576.014 	 1191.74 	 298.082 	 0.250124 	 605.635 	 1096.7 	 466.259 	 -84.2102 	 93.2776 	 0.167323 	 557.472 	 18597 	 0.887304 	 671.179 	 439.704 	 548.067 	 500.687 	 0.256735 	 572.105 	 535.623 	 224.001 	 0.408711 	 2343 	 9877 	 198.694 	 93.3379 	 20 	 2135.93 	 0.160984 	 143.054 	 8.82916 	 61.4544 	 31.6653 	 576 	 32 	 117.15 	 132.118 	 215 	 5076 	 115.828 	 13.9539 	 5 	 1380.98 	 0.104083 	 144.706 	 15.3482 	 87.5917 	 44.018 	 65 	 29 	 43 	 14.4222 	  Tumour 
33 	 801.258 	 968.607 	 932.507 	 233.42 	 10496 	 126.318 	 108.744 	 0.50881 	 0.977463 	 396.09 	 909.378 	 208.545 	 0.229327 	 270.527 	 814.338 	 690.056 	 38.9537 	 99.9703 	 0.127959 	 781.268 	 16600 	 0.934159 	 585.279 	 662.14 	 549.245 	 501.865 	 0.0145985 	 493.5 	 524.122 	 227.443 	 0.414102 	 550 	 6067 	 130.842 	 25.4861 	 10 	 1404.17 	 0.133781 	 90.9676 	 10.8167 	 54.7936 	 23.7095 	 103 	 33 	 55 	 23.2857 	 54 	 57 	 107.352 	 5.47784 	 1 	 0 	 0 	 NaN 	 NaN 	 NaN 	 NaN 	 54 	 54 	 54 	 0 	  Tumour 
34 	 831.803 	 596.27 	 717.652 	 77.1298 	 3352 	 81.2219 	 53.3055 	 0.754505 	 0.967388 	 229.137 	 1473.93 	 646.517 	 0.438634 	 1061.5 	 1378.89 	 293.042 	 -37.5747 	 127.975 	 0.333048 	 384.255 	 5600 	 0.91623 	 345.966 	 224.691 	 193.571 	 146.191 	 0.157051 	 68.9184 	 205.358 	 177.161 	 0.915225 	 138 	 206 	 132.92 	 27.5646 	 2 	 580.177 	 0.173084 	 11.6542 	 11.6542 	 11.6542 	 0 	 93 	 45 	 69 	 33.9411 	 142 	 205 	 119.894 	 18.0204 	 2 	 197.18 	 0.0588246 	 13.3598 	 13.3598 	 13.3598 	 0 	 74 	 68 	 71 	 4.24264 	  Tumour 
35 	 854.72 	 446.073 	 799.301 	 103.446 	 3016 	 75.4739 	 51.4389 	 0.731775 	 0.97542 	 215.48 	 1172.19 	 448.222 	 0.382379 	 823.466 	 1077.15 	 197.251 	 -9.27476 	 39.0041 	 0.135214 	 288.463 	 4712 	 0.967159 	 278.912 	 78.3559 	 78.6364 	 31.2569 	 0 	 0 	 0 	 12.9217 	 0.164322 	 45 	 45 	 127.333 	 21.9776 	 1 	 0 	 0 	 NaN 	 NaN 	 NaN 	 NaN 	 45 	 45 	 45 	 0 	 80 	 85 	 105.188 	 3.31348 	 1 	 0 	 0 	 NaN 	 NaN 	 NaN 	 NaN 	 80 	 80 	 80 	 0 	  DCIS 
36 	 895.049 	 195.807 	 697.585 	 253.18 	 6529 	 118.076 	 71.3355 	 0.796871 	 0.95677 	 343.161 	 902.315 	 179.961 	 0.199444 	 538.994 	 807.274 	 466.797 	 -99.6143 	 74.3343 	 0.133213 	 558.009 	 14394 	 0.966559 	 483.647 	 651.97 	 566.835 	 519.455 	 0.174528 	 320.108 	 587.82 	 287.296 	 0.506842 	 874 	 2618 	 182.859 	 77.5036 	 3 	 2589.51 	 0.396617 	 53.6908 	 34.388 	 42.7377 	 8.8649 	 439 	 45 	 291.333 	 214.733 	 0 	 0 	 NaN 	 NaN 	 0 	 0 	 0 	 NaN 	 NaN 	 NaN 	 NaN 	 0 	 0 	 NaN 	 NaN 	  Tumour 
37 	 907.776 	 682.939 	 930.204 	 115.521 	 4029 	 92.6135 	 56.3418 	 0.793665 	 0.951807 	 261.037 	 1348.51 	 519.502 	 0.385241 	 967.787 	 1253.47 	 236.816 	 11.0583 	 47.2658 	 0.144091 	 328.028 	 5365 	 0.946542 	 318.711 	 62.6662 	 64.3725 	 16.993 	 0.35906 	 61.0935 	 64.9733 	 11.2836 	 0.175285 	 56 	 61 	 127.821 	 22.4657 	 1 	 0 	 0 	 NaN 	 NaN 	 NaN 	 NaN 	 56 	 56 	 56 	 0 	 120 	 510 	 108.6 	 6.72598 	 2 	 351.094 	 0.0871418 	 46.9553 	 46.9553 	 46.9553 	 0 	 68 	 52 	 60 	 11.3137 	  DCIS 
38 	 907.44 	 613.572 	 900.539 	 77.1298 	 4340 	 81.4719 	 68.3547 	 0.544134 	 0.958692 	 265.622 	 1515.4 	 612.985 	 0.404502 	 1040.19 	 1420.36 	 237.876 	 -42.7166 	 55.8317 	 0.169655 	 329.089 	 5970 	 0.959653 	 319.64 	 67.5526 	 67.99 	 20.6105 	 0.345515 	 66.1923 	 68.3715 	 8.96195 	 0.131813 	 110 	 157 	 157.645 	 52.2897 	 2 	 694.12 	 0.159936 	 12.1067 	 12.1067 	 12.1067 	 0 	 58 	 52 	 55 	 4.24264 	 49 	 52 	 120 	 18.126 	 1 	 0 	 0 	 NaN 	 NaN 	 NaN 	 NaN 	 49 	 49 	 49 	 0 	  DCIS 
39 	 915.627 	 135.441 	 726.152 	 287.388 	 3501 	 73.681 	 64.004 	 0.495402 	 0.928155 	 257.279 	 935.803 	 170.52 	 0.182218 	 289.573 	 840.762 	 514.57 	 0.548207 	 89.7707 	 0.14819 	 605.783 	 4846 	 0.842636 	 353.137 	 739.59 	 591.075 	 543.695 	 0.734375 	 646.634 	 557.821 	 277.525 	 0.469525 	 138 	 240 	 110.841 	 5.48488 	 2 	 662.515 	 0.189236 	 16.7822 	 16.7822 	 16.7822 	 0 	 93 	 45 	 69 	 33.9411 	 6 	 7 	 103.5 	 1.62598 	 1 	 0 	 0 	 NaN 	 NaN 	 NaN 	 NaN 	 6 	 6 	 6 	 0 	  Tumour 
40 	 903.275 	 894.593 	 950.016 	 126.59 	 2639 	 64.111 	 52.5812 	 0.572136 	 0.976684 	 196.551 	 1273.79 	 452.544 	 0.355274 	 908.838 	 1178.75 	 277.795 	 -49.4549 	 136.914 	 0.371033 	 369.008 	 6213 	 0.834408 	 416.652 	 321.107 	 316.42 	 269.04 	 0.0259067 	 480.4 	 312.062 	 260.097 	 0.821999 	 0 	 0 	 NaN 	 NaN 	 0 	 0 	 0 	 NaN 	 NaN 	 NaN 	 NaN 	 0 	 0 	 NaN 	 NaN 	 66 	 68 	 112.212 	 10.3381 	 1 	 0 	 0 	 NaN 	 NaN 	 NaN 	 NaN 	 66 	 66 	 66 	 0 	  Tumour 
41 	 922.793 	 769.72 	 985.098 	 126.59 	 3505 	 93.1436 	 49.7328 	 0.845525 	 0.931438 	 248.35 	 1140.04 	 359.017 	 0.314916 	 720.105 	 1045 	 192.573 	 35.4769 	 41.0626 	 0.144696 	 283.785 	 5554 	 0.942634 	 319.882 	 59.9977 	 56.2867 	 8.90716 	 0.136667 	 58.6098 	 55.8336 	 6.90968 	 0.122759 	 55 	 57 	 122.2 	 16.8443 	 1 	 0 	 0 	 NaN 	 NaN 	 NaN 	 NaN 	 55 	 55 	 55 	 0 	 0 	 0 	 NaN 	 NaN 	 0 	 0 	 0 	 NaN 	 NaN 	 NaN 	 NaN 	 0 	 0 	 NaN 	 NaN 	  DCIS 
42 	 997.209 	 103.518 	 811.365 	 249.098 	 9444 	 133.562 	 92.2063 	 0.723465 	 0.939795 	 417.446 	 1238.99 	 407.893 	 0.329213 	 733.419 	 1143.95 	 611.424 	 -45.4458 	 130.072 	 0.18512 	 702.636 	 12977 	 0.907229 	 530.35 	 465.509 	 610.843 	 563.464 	 0.515275 	 745.822 	 562.214 	 257.038 	 0.420792 	 1685 	 5563 	 185.112 	 79.7565 	 14 	 2077.77 	 0.22001 	 83.6302 	 10.2956 	 45.5069 	 18.8489 	 434 	 44 	 120.357 	 108.814 	 133 	 575 	 117.707 	 15.8328 	 2 	 1205.87 	 0.127686 	 59.3327 	 59.3327 	 59.3327 	 0 	 80 	 53 	 66.5 	 19.0919 	  Tumour 
43 	 1028.35 	 604.653 	 898.546 	 71.0282 	 9255 	 125.582 	 96.1949 	 0.642847 	 0.949913 	 395.789 	 1557.66 	 654.765 	 0.420351 	 1150.61 	 1462.62 	 354.201 	 67.9654 	 56.3961 	 0.126615 	 445.413 	 11786 	 0.923234 	 447.078 	 63.4201 	 61.5124 	 14.1329 	 0.188119 	 70.1579 	 60.8197 	 10.6168 	 0.172597 	 0 	 0 	 NaN 	 NaN 	 0 	 0 	 0 	 NaN 	 NaN 	 NaN 	 NaN 	 0 	 0 	 NaN 	 NaN 	 63 	 64 	 128.81 	 26.9355 	 1 	 0 	 0 	 NaN 	 NaN 	 NaN 	 NaN 	 63 	 63 	 63 	 0 	  Tumour 
44 	 1042.26 	 982.523 	 1202.42 	 110.68 	 2336 	 74.8406 	 40.4188 	 0.841623 	 0.958949 	 200.51 	 875.774 	 215.434 	 0.245993 	 555.749 	 780.734 	 143.495 	 33.8697 	 25.581 	 0.108991 	 234.708 	 3724 	 0.972324 	 251.598 	 72.8542 	 72.2625 	 24.883 	 0 	 0 	 0 	 36.625 	 0.506833 	 98 	 157 	 108.541 	 3.18511 	 2 	 103.411 	 0.0442686 	 13.6209 	 13.6209 	 13.6209 	 0 	 53 	 45 	 49 	 5.65685 	 160 	 315 	 105.381 	 3.50723 	 2 	 96.116 	 0.0411455 	 23.0791 	 23.0791 	 23.0791 	 0 	 82 	 78 	 80 	 2.82843 	  DCIS 
45 	 1091.44 	 67.0186 	 910.825 	 202.608 	 15316 	 175.526 	 115.467 	 0.753161 	 0.954208 	 511.186 	 1651.78 	 541.743 	 0.327975 	 1104.57 	 1556.74 	 414.116 	 -16.9701 	 157.927 	 0.312523 	 505.328 	 17182 	 0.877618 	 635.747 	 364.432 	 376.302 	 328.923 	 0.440415 	 516.729 	 351.967 	 305.709 	 0.812402 	 1750 	 10936 	 185.766 	 80.4106 	 15 	 4421.11 	 0.28866 	 142.496 	 8.20814 	 60.5251 	 32.6348 	 548 	 45 	 116.667 	 135.919 	 174 	 942 	 131.408 	 29.534 	 3 	 1925.28 	 0.125704 	 69.2028 	 12.0416 	 47.3145 	 27.5857 	 84 	 45 	 58 	 22.5167 	  Tumour 
46 	 1071.86 	 801.732 	 1028.83 	 61.8466 	 4635 	 90.5607 	 66.3606 	 0.680472 	 0.968247 	 272.35 	 1579.28 	 671.307 	 0.425071 	 1192.46 	 1484.24 	 323.515 	 18.3431 	 109.69 	 0.264487 	 414.728 	 6501 	 0.934052 	 344.836 	 233.523 	 230.03 	 182.65 	 0.465347 	 313.887 	 199.304 	 225.291 	 0.979398 	 88 	 322 	 130.625 	 25.2693 	 2 	 833.374 	 0.1798 	 37.6404 	 37.6404 	 37.6404 	 0 	 45 	 43 	 44 	 1.41421 	 212 	 771 	 120.113 	 18.2392 	 3 	 1127.54 	 0.243265 	 31.0844 	 21.7679 	 27.1168 	 4.30163 	 74 	 65 	 70.6667 	 4.93288 	  Tumour 
47 	 1091.86 	 382.373 	 1022.49 	 232.002 	 6183 	 94.6898 	 86.1141 	 0.415848 	 0.916407 	 332.434 	 1434.22 	 601.783 	 0.41959 	 1084.38 	 1339.18 	 250.414 	 9.94343 	 80.5595 	 0.235812 	 341.626 	 8146 	 0.932997 	 380.894 	 59.871 	 59.6619 	 12.2824 	 0.154728 	 64.2037 	 59.6894 	 6.77599 	 0.113573 	 90 	 239 	 192.811 	 87.4554 	 2 	 197.303 	 0.0319106 	 24.7588 	 24.7588 	 24.7588 	 0 	 45 	 45 	 45 	 0 	 95 	 98 	 132.063 	 30.1891 	 1 	 0 	 0 	 NaN 	 NaN 	 NaN 	 NaN 	 95 	 95 	 95 	 0 	  DCIS 
48 	 1104.94 	 891.505 	 1106.13 	 41.3038 	 4696 	 116.26 	 56.2352 	 0.875232 	 0.824583 	 339.362 	 887.354 	 237.213 	 0.267327 	 552.519 	 792.314 	 335.369 	 57.2333 	 111.627 	 0.261679 	 426.581 	 6773 	 0.872922 	 401.338 	 311.696 	 324.457 	 277.078 	 0.368984 	 483.384 	 288.735 	 231.437 	 0.713304 	 780 	 2424 	 186.088 	 80.7328 	 7 	 1157.07 	 0.246394 	 85.6308 	 12.3835 	 41.6614 	 21.0314 	 183 	 40 	 111.429 	 59.1519 	 0 	 0 	 NaN 	 NaN 	 0 	 0 	 0 	 NaN 	 NaN 	 NaN 	 NaN 	 0 	 0 	 NaN 	 NaN 	  Tumour 
49 	 1099.05 	 602.758 	 1076.77 	 71.0282 	 2949 	 65.5201 	 57.9219 	 0.467426 	 0.961526 	 211.924 	 1793.21 	 770.732 	 0.429807 	 1098.04 	 1698.17 	 333.063 	 50.3297 	 60.0599 	 0.141559 	 424.275 	 4169 	 0.985113 	 249.74 	 60.4886 	 58.406 	 11.0265 	 0.239316 	 70.2321 	 56.3811 	 13.8348 	 0.236873 	 112 	 149 	 162.536 	 57.18 	 2 	 1722.85 	 0.584215 	 9.61418 	 9.61418 	 9.61418 	 0 	 67 	 45 	 56 	 15.5563 	 111 	 200 	 116.315 	 14.4413 	 2 	 1364.44 	 0.462678 	 14.2671 	 14.2671 	 14.2671 	 0 	 67 	 44 	 55.5 	 16.2635 	  DCIS 
50 	 1099.71 	 933.09 	 1221.53 	 41.3038 	 814 	 45.5208 	 23.1685 	 0.860788 	 0.947614 	 121.64 	 857.02 	 247.913 	 0.289274 	 560.767 	 761.979 	 213.898 	 61.811 	 99.7159 	 0.326819 	 305.111 	 1841 	 0.966912 	 177.456 	 182.398 	 231.606 	 184.226 	 0.435294 	 354.527 	 204.195 	 231.439 	 0.99928 	 0 	 0 	 NaN 	 NaN 	 0 	 0 	 0 	 NaN 	 NaN 	 NaN 	 NaN 	 0 	 0 	 NaN 	 NaN 	 0 	 0 	 NaN 	 NaN 	 0 	 0 	 0 	 NaN 	 NaN 	 NaN 	 NaN 	 0 	 0 	 NaN 	 NaN 	  DCIS 
51 	 1132.12 	 786.887 	 1177.09 	 61.8466 	 5098 	 118.132 	 56.3702 	 0.878806 	 0.923718 	 321.505 	 1027.49 	 297.318 	 0.289364 	 622.301 	 932.449 	 301.326 	 61.3734 	 43.5982 	 0.111067 	 392.538 	 6659 	 0.954832 	 362.593 	 67.528 	 65.0093 	 17.6298 	 0.36646 	 66.1356 	 64.749 	 16.6102 	 0.255504 	 45 	 45 	 138.578 	 33.2221 	 1 	 0 	 0 	 NaN 	 NaN 	 NaN 	 NaN 	 45 	 45 	 45 	 0 	 0 	 0 	 NaN 	 NaN 	 0 	 0 	 0 	 NaN 	 NaN 	 NaN 	 NaN 	 0 	 0 	 NaN 	 NaN 	  DCIS 
52 	 1149.32 	 146.541 	 955.239 	 103.856 	 3935 	 112.161 	 53.5205 	 0.878807 	 0.728839 	 327.262 	 1088.85 	 359.655 	 0.330308 	 734.368 	 993.808 	 244.302 	 12.717 	 54.5018 	 0.162443 	 335.514 	 5624 	 0.81768 	 383.664 	 154.05 	 150.32 	 102.94 	 0.281525 	 186.823 	 146.256 	 69.5762 	 0.462855 	 424 	 3028 	 138.429 	 33.0735 	 7 	 577.371 	 0.146727 	 93.7547 	 10.9249 	 45.3511 	 21.0496 	 89 	 34 	 60.5714 	 20.3376 	 61 	 67 	 110.426 	 8.55221 	 1 	 0 	 0 	 NaN 	 NaN 	 NaN 	 NaN 	 61 	 61 	 61 	 0 	  Tumour 
53 	 1152 	 299.082 	 1076.48 	 152.03 	 5191 	 151.574 	 52.4996 	 0.938101 	 0.773621 	 395.546 	 1093.83 	 390.465 	 0.356969 	 679.008 	 998.793 	 264.115 	 53.7916 	 54.7725 	 0.154147 	 355.327 	 7726 	 0.8312 	 448.149 	 70.6424 	 68.3524 	 20.9728 	 0.233251 	 66.4787 	 68.4143 	 20.4408 	 0.29905 	 45 	 45 	 106.444 	 1.08874 	 1 	 0 	 0 	 NaN 	 NaN 	 NaN 	 NaN 	 45 	 45 	 45 	 0 	 49 	 54 	 101.633 	 -0.241363 	 1 	 0 	 0 	 NaN 	 NaN 	 NaN 	 NaN 	 49 	 49 	 49 	 0 	  DCIS 
54 	 1134.91 	 680.01 	 1136.68 	 130.668 	 2272 	 60.3184 	 48.3473 	 0.597949 	 0.978467 	 181.539 	 1568.91 	 610.977 	 0.389429 	 963.367 	 1473.87 	 225.19 	 18.075 	 30.243 	 0.0955842 	 316.402 	 3581 	 0.970987 	 236.77 	 50.9961 	 50.9336 	 3.55412 	 0 	 0 	 0 	 8.37032 	 0.164338 	 90 	 163 	 127.189 	 21.8332 	 2 	 716.694 	 0.315446 	 14.8661 	 14.8661 	 14.8661 	 0 	 45 	 45 	 45 	 0 	 108 	 169 	 121.167 	 19.2927 	 2 	 409.26 	 0.180132 	 11.8397 	 11.8397 	 11.8397 	 0 	 68 	 40 	 54 	 19.799 	  DCIS 
55 	 1204.71 	 808.738 	 1252.36 	 129.958 	 5500 	 115.786 	 63.1077 	 0.838413 	 0.931572 	 326.191 	 1290.33 	 532.661 	 0.412811 	 883.462 	 1195.29 	 278.331 	 36.3761 	 51.6522 	 0.139773 	 369.543 	 6603 	 0.884883 	 375.522 	 55.6211 	 52.5223 	 5.14275 	 0.436202 	 56.3333 	 51.482 	 5.30893 	 0.10108 	 0 	 0 	 NaN 	 NaN 	 0 	 0 	 0 	 NaN 	 NaN 	 NaN 	 NaN 	 0 	 0 	 NaN 	 NaN 	 87 	 90 	 123.621 	 21.7467 	 1 	 0 	 0 	 NaN 	 NaN 	 NaN 	 NaN 	 87 	 87 	 87 	 0 	  DCIS 
56 	 1223.31 	 744.783 	 1242.62 	 161.4 	 3469 	 78.8481 	 58.0121 	 0.677259 	 0.941895 	 245.037 	 1645.95 	 654.415 	 0.397592 	 1294.82 	 1550.91 	 268.914 	 -2.38069 	 49.5296 	 0.137534 	 360.126 	 4945 	 0.951144 	 297.238 	 52.4538 	 51.191 	 3.8115 	 0.262172 	 58.2429 	 50.1466 	 6.56582 	 0.128261 	 70 	 70 	 158.057 	 52.7014 	 1 	 0 	 0 	 NaN 	 NaN 	 NaN 	 NaN 	 70 	 70 	 70 	 0 	 85 	 86 	 141.153 	 39.2789 	 1 	 0 	 0 	 NaN 	 NaN 	 NaN 	 NaN 	 85 	 85 	 85 	 0 	  DCIS 
57 	 1214.2 	 227.665 	 1138.67 	 103.856 	 2019 	 69.6963 	 38.5644 	 0.832968 	 0.924451 	 192.024 	 1853.87 	 587.53 	 0.31692 	 1007.04 	 1758.83 	 231.173 	 20.7816 	 48.7258 	 0.151142 	 322.385 	 3466 	 0.918389 	 269.338 	 65.4911 	 72.3802 	 25.0007 	 0.603306 	 75.7671 	 70.253 	 18.9893 	 0.262355 	 138 	 221 	 145.036 	 39.6805 	 2 	 377.031 	 0.186742 	 16.2999 	 16.2999 	 16.2999 	 0 	 87 	 51 	 69 	 25.4558 	 148 	 228 	 120.595 	 18.7206 	 2 	 610.643 	 0.302448 	 12.7674 	 12.7674 	 12.7674 	 0 	 77 	 71 	 74 	 4.24264 	  DCIS 
58 	 1227.01 	 508.421 	 1175.96 	 221.382 	 2356 	 64.6653 	 46.9113 	 0.688278 	 0.965178 	 194.551 	 1004.6 	 427.129 	 0.425174 	 584.7 	 909.558 	 252.794 	 -2.64583 	 44.1813 	 0.128432 	 344.007 	 3731 	 0.977213 	 242.426 	 47.2434 	 47.0652 	 -0.314291 	 0 	 0 	 0 	 3.25216 	 0.0690989 	 0 	 0 	 NaN 	 NaN 	 0 	 0 	 0 	 NaN 	 NaN 	 NaN 	 NaN 	 0 	 0 	 NaN 	 NaN 	 0 	 0 	 NaN 	 NaN 	 0 	 0 	 0 	 NaN 	 NaN 	 NaN 	 NaN 	 0 	 0 	 NaN 	 NaN 	  DCIS 
59 	 1252.68 	 310.602 	 1177.82 	 194.196 	 5771 	 111.907 	 68.5053 	 0.790731 	 0.937003 	 324.777 	 1047.17 	 332.827 	 0.317835 	 640.694 	 952.127 	 329.49 	 26.8402 	 80.87 	 0.192226 	 420.702 	 7725 	 0.945764 	 376.468 	 84.6387 	 79.958 	 32.5785 	 0.229692 	 84.939 	 79.1962 	 22.7695 	 0.284768 	 135 	 1075 	 127.378 	 22.0221 	 3 	 1296.81 	 0.224712 	 63.7297 	 24.9869 	 44.8151 	 17.3407 	 50 	 40 	 45 	 5 	 130 	 184 	 127.931 	 26.0568 	 2 	 514.027 	 0.0890706 	 12.2469 	 12.2469 	 12.2469 	 0 	 69 	 61 	 65 	 5.65685 	  DCIS 
60 	 1251.95 	 209.268 	 1177.43 	 120.221 	 4464 	 142.047 	 43.0798 	 0.952902 	 0.879259 	 349.848 	 887.033 	 243.489 	 0.274498 	 437.555 	 791.992 	 306.935 	 39.0338 	 50.9974 	 0.128087 	 398.148 	 5896 	 0.856106 	 392.267 	 63.229 	 63.1989 	 15.8194 	 0.321526 	 70.9068 	 61.4838 	 11.7808 	 0.186409 	 0 	 0 	 NaN 	 NaN 	 0 	 0 	 0 	 NaN 	 NaN 	 NaN 	 NaN 	 0 	 0 	 NaN 	 NaN 	 0 	 0 	 NaN 	 NaN 	 0 	 0 	 0 	 NaN 	 NaN 	 NaN 	 NaN 	 0 	 0 	 NaN 	 NaN 	  Fib 
61 	 1304.55 	 91.5387 	 1241.4 	 165.412 	 5201 	 149.569 	 47.853 	 0.947438 	 0.864097 	 356.475 	 1494.31 	 616.108 	 0.412304 	 993.277 	 1399.27 	 185.679 	 14.9863 	 52.903 	 0.19106 	 276.892 	 7849 	 0.914376 	 421.338 	 51.6322 	 49.9619 	 2.58242 	 0 	 0 	 49.835 	 7.99657 	 0.160053 	 239 	 1700 	 143.297 	 37.9414 	 4 	 779.551 	 0.149885 	 93.7463 	 11.7769 	 61.4238 	 36.7083 	 75 	 45 	 59.75 	 12.2577 	 148 	 733 	 120.932 	 19.0584 	 2 	 518.132 	 0.0996217 	 61.2261 	 61.2261 	 61.2261 	 0 	 79 	 69 	 74 	 7.07107 	  Fib 
