rownames 	XLoc 	YLoc 	NNDistSame 	NNDistOpp 	dapi_Area 	dapi_MajorAxisLength 	dapi_MinorAxisLength 	dapi_Eccentricity 	dapi_Solidity 	dapi_Perimeter 	dapi_MeanIntensity 	dapi_PixelSD 	dapi_PixelCV 	dapi_NucAdjustedInt 	dapi_BackAdjustedInt 	memb_Area 	memb_Solidity 	memb_Perimeter 	memb_MeanIntensity 	memb_MembraneIntensity 	memb_temp 	memb_pcTouch 	memb_OverLapIntensity 	memb_nonLapIntensity 	memb_PixelSD 	memb_PixelCV 	cent_Area 	cent_ConvexArea 	cent_MeanIntensity 	cent_BackAdjustedInt 	cent_CN 	cent_AreaSD 	cent_CoeffVar 	cent_MaxSpotDist 	cent_MinSpotDist 	cent_MeanSpotDist 	cent_SDSpotDist 	cent_SpotAreaMax 	cent_SpotAreaMin 	cent_SpotAreaMean 	cent_SpotAreaSD 	nucl_BackgroundAdjust 	nucl_NucAdjustedInt 	nucl_PixelSD 	nucl_PixelCV 	nucl_MeanIntensity 	Her2_Area 	Her2_ConvexArea 	Her2_MeanIntensity 	Her2_BackAdjustedInt 	Her2_CN 	Her2_AreaSD 	Her2_CoeffVar 	Her2_MaxSpotDist 	Her2_MinSpotDist 	Her2_MeanSpotDist 	Her2_SDSpotDist 	Her2_SpotAreaMax 	Her2_SpotAreaMin 	Her2_SpotAreaMean 	Her2_SpotAreaSD 	CellLabels 	
1 	 85.0465 	 750.214 	 177.539 	 70.0286 	 4990 	 94.1403 	 69.6012 	 0.673338 	 0.941154 	 303.22 	 1250.51 	 296.461 	 0.237072 	 137.062 	 891.308 	 7219 	 0.964333 	 342.25 	 1017.34 	 1071.71 	 254.886 	 0.126667 	 1030.66 	 1081.47 	 152.798 	 0.142574 	 0 	 0 	 NaN 	 NaN 	 0 	 0 	 0 	 NaN 	 NaN 	 NaN 	 NaN 	 0 	 0 	 NaN 	 NaN 	 66.6903 	 -28.685 	 19.0884 	 0.12794 	 149.199 	 178 	 432 	 96.5112 	 31.1907 	 2 	 2875.22 	 0.576197 	 27.3412 	 27.3412 	 27.3412 	 0 	 133 	 45 	 89 	 62.2254 	  Tumour 
2 	 116.707 	 474.28 	 100.245 	 77.3692 	 1953 	 64.7042 	 42.1485 	 0.758732 	 0.885313 	 200.066 	 973.963 	 122.052 	 0.125315 	 -45.1171 	 614.76 	 3940 	 0.938766 	 263.012 	 782.232 	 845.562 	 28.7407 	 0.183267 	 1192.87 	 802.35 	 263.722 	 0.31189 	 0 	 0 	 NaN 	 NaN 	 0 	 0 	 0 	 NaN 	 NaN 	 NaN 	 NaN 	 0 	 0 	 NaN 	 NaN 	 40.6402 	 -78.2011 	 14.8405 	 0.120509 	 123.148 	 0 	 0 	 NaN 	 NaN 	 0 	 0 	 0 	 NaN 	 NaN 	 NaN 	 NaN 	 0 	 0 	 NaN 	 NaN 	  DCIS 
3 	 129.369 	 578.461 	 41.8808 	 104.69 	 2468 	 119.176 	 44.639 	 0.927201 	 0.597723 	 301.765 	 1318.32 	 409.888 	 0.310917 	 162.699 	 959.116 	 3594 	 0.621584 	 378.794 	 1053.01 	 1126.98 	 310.159 	 0.468023 	 1236.75 	 1084.74 	 302.053 	 0.26802 	 89 	 150 	 249.315 	 15.9952 	 2 	 1387.89 	 0.562354 	 14.0876 	 14.0876 	 14.0876 	 0 	 45 	 44 	 44.5 	 0.707107 	 76.4771 	 -42.6122 	 22.8453 	 0.143694 	 158.985 	 106 	 114 	 101.34 	 36.0191 	 1 	 0 	 0 	 NaN 	 NaN 	 NaN 	 NaN 	 106 	 106 	 106 	 0 	  Tumour 
4 	 152.145 	 543.014 	 217.573 	 77.3692 	 4222 	 79.8042 	 68.895 	 0.50469 	 0.969238 	 256.451 	 1586.42 	 304.931 	 0.192213 	 144.442 	 1227.22 	 5546 	 0.938409 	 328.267 	 954.47 	 1182.51 	 365.694 	 0.752475 	 1149.71 	 1186.43 	 230.193 	 0.194664 	 0 	 0 	 NaN 	 NaN 	 0 	 0 	 0 	 NaN 	 NaN 	 NaN 	 NaN 	 0 	 0 	 NaN 	 NaN 	 76.2035 	 -45.6739 	 14.4372 	 0.0909652 	 158.712 	 142 	 1294 	 74.3662 	 9.04564 	 2 	 700.796 	 0.165987 	 54.5552 	 31.8498 	 42.3376 	 10.2422 	 90 	 7 	 47.3333 	 41.5492 	  Tumour 
5 	 155.005 	 747.601 	 114.215 	 70.0286 	 1887 	 56.4231 	 43.962 	 0.626838 	 0.950151 	 177.439 	 1292.11 	 360.741 	 0.279188 	 405.636 	 932.906 	 2620 	 0.915124 	 218.853 	 938.798 	 1008.28 	 191.457 	 0.252577 	 1048.24 	 1007.61 	 111.203 	 0.11029 	 0 	 0 	 NaN 	 NaN 	 0 	 0 	 0 	 NaN 	 NaN 	 NaN 	 NaN 	 0 	 0 	 NaN 	 NaN 	 8.02221 	 -46.3992 	 12.4051 	 0.137027 	 90.5305 	 0 	 0 	 NaN 	 NaN 	 0 	 0 	 0 	 NaN 	 NaN 	 NaN 	 NaN 	 0 	 0 	 NaN 	 NaN 	  DCIS 
6 	 172.097 	 75.5923 	 401.782 	 301.204 	 2455 	 74.1676 	 43.4987 	 0.809955 	 0.968442 	 203.38 	 1086.67 	 219.201 	 0.201717 	 583.888 	 727.471 	 4965 	 0.879695 	 354.024 	 906.373 	 990.403 	 173.582 	 0 	 0 	 0 	 165.831 	 0.167438 	 0 	 0 	 NaN 	 NaN 	 0 	 0 	 0 	 NaN 	 NaN 	 NaN 	 NaN 	 0 	 0 	 NaN 	 NaN 	 6.89947 	 10.9083 	 15.4594 	 0.172909 	 89.4077 	 77 	 79 	 102.701 	 37.3807 	 1 	 0 	 0 	 NaN 	 NaN 	 NaN 	 NaN 	 77 	 77 	 77 	 0 	  DCIS 
7 	 216.651 	 466.91 	 100.245 	 100.005 	 5640 	 125.394 	 63.3774 	 0.86287 	 0.885261 	 358.434 	 1345.59 	 349.194 	 0.25951 	 707.215 	 986.39 	 6554 	 0.919344 	 357.948 	 721.416 	 853.782 	 36.9607 	 0.270358 	 937.759 	 835.403 	 307.652 	 0.36034 	 0 	 0 	 NaN 	 NaN 	 0 	 0 	 0 	 NaN 	 NaN 	 NaN 	 NaN 	 0 	 0 	 NaN 	 NaN 	 25.0749 	 -26.4765 	 31.1791 	 0.289813 	 107.583 	 45 	 45 	 68.3556 	 3.035 	 1 	 0 	 0 	 NaN 	 NaN 	 NaN 	 NaN 	 45 	 45 	 45 	 0 	  DCIS 
8 	 228.823 	 578.806 	 223.555 	 83.6481 	 8199 	 121.023 	 88.1888 	 0.68484 	 0.97087 	 371.404 	 1961.08 	 421.648 	 0.215008 	 940.262 	 1601.88 	 10935 	 0.897268 	 491.747 	 1098.53 	 1341.18 	 524.356 	 0.717241 	 1365.58 	 1318.6 	 249.829 	 0.186276 	 90 	 640 	 287.156 	 53.8361 	 2 	 822.766 	 0.10035 	 74.0608 	 74.0608 	 74.0608 	 0 	 45 	 45 	 45 	 0 	 92.2946 	 -3.76708 	 20.2311 	 0.115737 	 174.803 	 355 	 2443 	 100.563 	 35.2428 	 4 	 1658.43 	 0.202272 	 64.4633 	 18.7019 	 47.9698 	 16.6305 	 120 	 55 	 88.75 	 27.0231 	  Tumour 
9 	 242.352 	 821.678 	 369.769 	 172.722 	 2769 	 81.6517 	 44.5871 	 0.837743 	 0.941196 	 232.007 	 1158.48 	 299.244 	 0.258307 	 614.211 	 799.277 	 5051 	 0.97755 	 276.208 	 1021.67 	 1123.18 	 306.357 	 0 	 0 	 0 	 177.145 	 0.157717 	 0 	 0 	 NaN 	 NaN 	 0 	 0 	 0 	 NaN 	 NaN 	 NaN 	 NaN 	 0 	 0 	 NaN 	 NaN 	 4.57841 	 -4.43106 	 9.51663 	 0.109278 	 87.0867 	 45 	 45 	 75.9778 	 10.6572 	 1 	 0 	 0 	 NaN 	 NaN 	 NaN 	 NaN 	 45 	 45 	 45 	 0 	  DCIS 
10 	 253.709 	 262.889 	 251.575 	 106.607 	 1924 	 51.7538 	 47.917 	 0.377855 	 0.970737 	 171.338 	 1223.97 	 317.061 	 0.259043 	 678.063 	 864.766 	 3001 	 0.953304 	 223.154 	 657.931 	 691.15 	 -125.671 	 0 	 0 	 0 	 91.0299 	 0.131708 	 0 	 0 	 NaN 	 NaN 	 0 	 0 	 0 	 NaN 	 NaN 	 NaN 	 NaN 	 0 	 0 	 NaN 	 NaN 	 7.00109 	 -0.785017 	 12.9629 	 0.144822 	 89.5094 	 43 	 46 	 78.0698 	 12.7492 	 1 	 0 	 0 	 NaN 	 NaN 	 NaN 	 NaN 	 43 	 43 	 43 	 0 	  DCIS 
11 	 267.696 	 505.015 	 154.149 	 83.6481 	 2841 	 77.4412 	 48.4445 	 0.780172 	 0.926614 	 234.451 	 1271.92 	 346.358 	 0.272312 	 615.358 	 912.713 	 3798 	 0.90666 	 303.865 	 818.312 	 973.966 	 157.145 	 0.464419 	 1116.99 	 907.303 	 411.906 	 0.422916 	 0 	 0 	 NaN 	 NaN 	 0 	 0 	 0 	 NaN 	 NaN 	 NaN 	 NaN 	 0 	 0 	 NaN 	 NaN 	 32.5241 	 -9.25493 	 31.4145 	 0.273092 	 115.032 	 29 	 29 	 82.1724 	 16.8519 	 1 	 0 	 0 	 NaN 	 NaN 	 NaN 	 NaN 	 29 	 29 	 29 	 0 	  DCIS 
12 	 278.782 	 368.317 	 428.439 	 107.935 	 4906 	 84.1236 	 77.1775 	 0.397897 	 0.93787 	 287.421 	 1464.3 	 410.935 	 0.280636 	 848.741 	 1105.1 	 6244 	 0.909012 	 356.853 	 948.672 	 1042.14 	 225.314 	 0.364458 	 1240.21 	 998.024 	 248.506 	 0.238459 	 90 	 246 	 282.622 	 49.3028 	 2 	 420.301 	 0.0856708 	 27.1662 	 27.1662 	 27.1662 	 0 	 45 	 45 	 45 	 0 	 100.159 	 28.2156 	 32.4071 	 0.177411 	 182.667 	 188 	 304 	 103.351 	 38.0305 	 2 	 1547.43 	 0.315416 	 12.7321 	 12.7321 	 12.7321 	 0 	 152 	 36 	 94 	 82.0244 	  Tumour 
13 	 307.025 	 611.107 	 261.926 	 112.947 	 6306 	 121.493 	 69.4805 	 0.820331 	 0.895739 	 355.404 	 1521.25 	 322.728 	 0.212146 	 891.082 	 1162.05 	 8101 	 0.834123 	 476.25 	 1179.8 	 1413.63 	 596.808 	 0.665899 	 1410.39 	 1423.09 	 181.519 	 0.128407 	 90 	 243 	 277.433 	 44.1139 	 2 	 540.534 	 0.0857174 	 24.5967 	 24.5967 	 24.5967 	 0 	 45 	 45 	 45 	 0 	 107.315 	 -2.58794 	 19.6481 	 0.103507 	 189.824 	 215 	 894 	 97.6837 	 32.3632 	 3 	 1412.63 	 0.224014 	 48.5724 	 14.9793 	 35.3201 	 15.9952 	 91 	 45 	 71.6667 	 23.8607 	  Tumour 
14 	 340.313 	 326.341 	 494.774 	 106.607 	 5021 	 106.646 	 61.4671 	 0.817193 	 0.935009 	 323.019 	 1554.49 	 480.62 	 0.309181 	 848.995 	 1195.29 	 6976 	 0.905739 	 396.167 	 1074.67 	 1148.13 	 331.307 	 0.233696 	 1353.7 	 1116.52 	 269.811 	 0.235001 	 45 	 45 	 297.6 	 64.2806 	 1 	 0 	 0 	 NaN 	 NaN 	 NaN 	 NaN 	 45 	 45 	 45 	 0 	 100.289 	 3.54944 	 38.6878 	 0.211644 	 182.797 	 276 	 861 	 105.609 	 40.2881 	 3 	 2135.74 	 0.425361 	 62.6977 	 31.4235 	 41.9505 	 16.0713 	 135 	 46 	 92 	 44.5758 	  Tumour 
15 	 336.6 	 64.6916 	 464.415 	 200.412 	 1336 	 64.1571 	 26.8599 	 0.908144 	 0.958393 	 160.995 	 878.282 	 86.2045 	 0.0981512 	 406.774 	 519.079 	 2598 	 0.964723 	 213.154 	 744.843 	 728.65 	 -88.1713 	 0 	 0 	 0 	 115.371 	 0.158335 	 0 	 0 	 NaN 	 NaN 	 0 	 0 	 0 	 NaN 	 NaN 	 NaN 	 NaN 	 0 	 0 	 NaN 	 NaN 	 -2.09659 	 -0.72888 	 6.42535 	 0.0799056 	 80.4117 	 0 	 0 	 NaN 	 NaN 	 0 	 0 	 0 	 NaN 	 NaN 	 NaN 	 NaN 	 0 	 0 	 NaN 	 NaN 	  DCIS 
16 	 370.675 	 632.81 	 309.006 	 164.295 	 3830 	 97.9899 	 52.8308 	 0.842213 	 0.854529 	 302.534 	 1514.45 	 328.649 	 0.217009 	 848.171 	 1155.25 	 6076 	 0.809701 	 443.078 	 1293.8 	 1440.82 	 624.001 	 0.76 	 1493.51 	 1387.35 	 223.152 	 0.154878 	 90 	 379 	 338.289 	 104.969 	 2 	 564.281 	 0.147332 	 43.1741 	 43.1741 	 43.1741 	 0 	 45 	 45 	 45 	 0 	 121.624 	 13.2102 	 39.624 	 0.194109 	 204.133 	 193 	 261 	 105.591 	 40.2701 	 1 	 0 	 0 	 NaN 	 NaN 	 NaN 	 NaN 	 193 	 193 	 193 	 0 	  Tumour 
17 	 424.907 	 585.264 	 377.922 	 176.207 	 6269 	 128.594 	 62.6823 	 0.873155 	 0.95288 	 345.019 	 1617.28 	 502.05 	 0.310428 	 1018.73 	 1258.08 	 7761 	 0.933598 	 424.066 	 1013.21 	 1238.27 	 421.449 	 0.473282 	 1520.45 	 1132.54 	 367.883 	 0.297095 	 45 	 45 	 300.844 	 67.525 	 1 	 0 	 0 	 NaN 	 NaN 	 NaN 	 NaN 	 45 	 45 	 45 	 0 	 138.182 	 57.5253 	 43.2074 	 0.195783 	 220.691 	 0 	 0 	 NaN 	 NaN 	 0 	 0 	 0 	 NaN 	 NaN 	 NaN 	 NaN 	 0 	 0 	 NaN 	 NaN 	  Tumour 
18 	 418.94 	 664.457 	 344.894 	 164.149 	 4540 	 111.591 	 57.5973 	 0.856499 	 0.851782 	 325.563 	 1845.09 	 450.005 	 0.243894 	 1082.62 	 1485.88 	 5808 	 0.795616 	 403.924 	 1367.79 	 1620.4 	 803.579 	 0.779841 	 1598.08 	 1611.93 	 323.605 	 0.199707 	 45 	 45 	 319.733 	 86.4139 	 1 	 0 	 0 	 NaN 	 NaN 	 NaN 	 NaN 	 45 	 45 	 45 	 0 	 199.312 	 50.6788 	 27.3269 	 0.0969658 	 281.82 	 274 	 551 	 125.566 	 60.2451 	 2 	 1429.84 	 0.314943 	 26.4533 	 26.4533 	 26.4533 	 0 	 159 	 115 	 137 	 31.1127 	  Tumour 
19 	 422.355 	 286.012 	 573.468 	 112.112 	 3555 	 111.997 	 43.3998 	 0.921866 	 0.873035 	 285.12 	 1020.67 	 153.405 	 0.150298 	 311.481 	 661.468 	 8713 	 0.936076 	 428.25 	 1044.05 	 1120.75 	 303.93 	 0.121762 	 1119.72 	 1122.21 	 263.94 	 0.235503 	 0 	 0 	 NaN 	 NaN 	 0 	 0 	 0 	 NaN 	 NaN 	 NaN 	 NaN 	 0 	 0 	 NaN 	 NaN 	 97.4794 	 -13.6165 	 15.6493 	 0.0869467 	 179.988 	 0 	 0 	 NaN 	 NaN 	 0 	 0 	 0 	 NaN 	 NaN 	 NaN 	 NaN 	 0 	 0 	 NaN 	 NaN 	  Tumour 
20 	 416.766 	 174.09 	 424.264 	 65.2993 	 1874 	 68.8883 	 36.116 	 0.851553 	 0.943605 	 183.338 	 1021.4 	 172.184 	 0.168576 	 513.474 	 662.199 	 5547 	 0.977101 	 296.492 	 904.656 	 907.862 	 91.0406 	 0.185771 	 932.745 	 890.852 	 305.994 	 0.337049 	 0 	 0 	 NaN 	 NaN 	 0 	 0 	 0 	 NaN 	 NaN 	 NaN 	 NaN 	 0 	 0 	 NaN 	 NaN 	 68.1758 	 5.0776 	 28.245 	 0.187445 	 150.684 	 0 	 0 	 NaN 	 NaN 	 0 	 0 	 0 	 NaN 	 NaN 	 NaN 	 NaN 	 0 	 0 	 NaN 	 NaN 	  DCIS 
21 	 458.773 	 223.832 	 645.408 	 65.2993 	 6317 	 108.002 	 76.2107 	 0.708568 	 0.955818 	 331.747 	 977.884 	 134.983 	 0.138035 	 402.946 	 618.681 	 9665 	 0.929327 	 452.919 	 898.893 	 1083.71 	 266.886 	 0.20524 	 1026.23 	 1081.16 	 334.896 	 0.309028 	 115 	 755 	 266.357 	 33.0371 	 3 	 447.761 	 0.0708819 	 64.1405 	 30.6757 	 43.1764 	 16.3387 	 45 	 25 	 38.3333 	 11.547 	 109.532 	 -8.51466 	 21.8626 	 0.113844 	 192.04 	 239 	 1284 	 91.0753 	 25.7548 	 3 	 1041.08 	 0.164806 	 71.9627 	 10.0382 	 48.0062 	 29.7443 	 141 	 45 	 79.6667 	 53.2666 	  Tumour 
22 	 488.067 	 699.116 	 406.214 	 98.4327 	 10619 	 123.872 	 109.973 	 0.46025 	 0.956753 	 419.304 	 1962.35 	 462.404 	 0.235637 	 1091.2 	 1603.15 	 15752 	 0.937675 	 558.09 	 1346.48 	 1754.18 	 937.36 	 0.419483 	 1682.91 	 1754.41 	 394.444 	 0.224859 	 225 	 2915 	 345.289 	 111.969 	 5 	 1199.55 	 0.112963 	 90.956 	 21.9317 	 51.8905 	 21.7539 	 45 	 45 	 45 	 0 	 164.655 	 4.29016 	 25.2809 	 0.102284 	 247.164 	 513 	 1956 	 111.651 	 46.3305 	 6 	 2960.55 	 0.278797 	 48.8604 	 11.9741 	 29.4462 	 11.1344 	 163 	 31 	 85.5 	 53.0801 	  Tumour 
23 	 495.591 	 853.042 	 535.987 	 72.4224 	 3398 	 73.1529 	 60.2704 	 0.566741 	 0.940493 	 236.551 	 1796.88 	 707.057 	 0.393491 	 1209.04 	 1437.68 	 4730 	 0.819331 	 350.392 	 1363.88 	 1498.4 	 681.579 	 0.586885 	 1598.52 	 1453.86 	 419.736 	 0.280123 	 45 	 45 	 382.667 	 149.347 	 1 	 0 	 0 	 NaN 	 NaN 	 NaN 	 NaN 	 45 	 45 	 45 	 0 	 99.6215 	 30.0246 	 39.4365 	 0.21653 	 182.13 	 109 	 113 	 132.743 	 67.4226 	 1 	 0 	 0 	 NaN 	 NaN 	 NaN 	 NaN 	 109 	 109 	 109 	 0 	  DCIS 
24 	 552.424 	 906.871 	 613.77 	 77.1038 	 6839 	 161.745 	 57.1415 	 0.935518 	 0.890611 	 410.09 	 1603.55 	 490.275 	 0.305745 	 1005.5 	 1244.34 	 11743 	 0.861555 	 545.806 	 1113.52 	 1427.45 	 610.632 	 0.326653 	 1431.94 	 1418.88 	 361.528 	 0.253268 	 90 	 368 	 416.689 	 183.369 	 2 	 2427.31 	 0.354922 	 40.3113 	 40.3113 	 40.3113 	 0 	 45 	 45 	 45 	 0 	 28.8952 	 -2.97684 	 28.0763 	 0.252023 	 111.403 	 339 	 3532 	 102.652 	 37.3314 	 7 	 2176.24 	 0.31821 	 103.962 	 10.3231 	 51.8156 	 26.331 	 93 	 29 	 48.4286 	 23.8737 	  Fib 
25 	 522.856 	 790.911 	 515.097 	 58 	 2562 	 75.3679 	 44.7665 	 0.804485 	 0.945387 	 209.581 	 1752.67 	 462.593 	 0.263936 	 691.556 	 1393.47 	 4149 	 0.915288 	 291.882 	 1594.9 	 1861.42 	 1044.6 	 0.709559 	 1996.82 	 1784.1 	 359.03 	 0.19288 	 45 	 45 	 348.711 	 115.392 	 1 	 0 	 0 	 NaN 	 NaN 	 NaN 	 NaN 	 45 	 45 	 45 	 0 	 150.534 	 4.00368 	 52.7865 	 0.22651 	 233.043 	 202 	 432 	 111.257 	 45.9369 	 3 	 571.741 	 0.223162 	 18.0081 	 16.2341 	 16.931 	 0.846294 	 98 	 51 	 67.3333 	 26.5769 	  DCIS 
26 	 565.016 	 830.587 	 486.786 	 58 	 5343 	 96.8943 	 71.961 	 0.669652 	 0.912086 	 311.806 	 1570 	 325.951 	 0.207612 	 898.699 	 1210.8 	 6604 	 0.898503 	 391.48 	 1566.21 	 1994.41 	 1177.59 	 0.975 	 1996.66 	 1945.31 	 390.049 	 0.195571 	 0 	 0 	 NaN 	 NaN 	 0 	 0 	 0 	 NaN 	 NaN 	 NaN 	 NaN 	 0 	 0 	 NaN 	 NaN 	 203.988 	 21.2752 	 44.3674 	 0.154862 	 286.497 	 175 	 1093 	 107.183 	 41.8623 	 3 	 1362.95 	 0.255091 	 61.033 	 12.5826 	 44.3619 	 24.6261 	 89 	 42 	 58.3333 	 26.5769 	  Tumour 
27 	 573.05 	 323.697 	 480.037 	 86.8389 	 2363 	 69.424 	 45.4322 	 0.756134 	 0.91874 	 213.765 	 1078 	 194.93 	 0.180827 	 477.417 	 718.793 	 3445 	 0.877931 	 299.137 	 1093.87 	 1172.23 	 355.404 	 0.330827 	 1205.41 	 1167.45 	 207.396 	 0.176925 	 0 	 0 	 NaN 	 NaN 	 0 	 0 	 0 	 NaN 	 NaN 	 NaN 	 NaN 	 0 	 0 	 NaN 	 NaN 	 104.637 	 4.16082 	 28.2987 	 0.151212 	 187.146 	 0 	 0 	 NaN 	 NaN 	 0 	 0 	 0 	 NaN 	 NaN 	 NaN 	 NaN 	 0 	 0 	 NaN 	 NaN 	  DCIS 
28 	 609.797 	 774.59 	 525.595 	 88.459 	 6241 	 116.187 	 77.0053 	 0.748825 	 0.84315 	 354.007 	 2571.65 	 718.905 	 0.27955 	 1635.8 	 2212.44 	 8873 	 0.858041 	 470.794 	 1624.91 	 2049.8 	 1232.98 	 0.458333 	 2074.35 	 2017.41 	 487.175 	 0.23767 	 38 	 39 	 329.684 	 96.3648 	 1 	 0 	 0 	 NaN 	 NaN 	 NaN 	 NaN 	 38 	 38 	 38 	 0 	 145.163 	 -38.3893 	 38.1842 	 0.167717 	 227.671 	 231 	 491 	 90.8312 	 25.5106 	 4 	 1477.47 	 0.236736 	 23.8124 	 11.7686 	 16.2922 	 4.87316 	 84 	 45 	 57.75 	 17.8955 	  Tumour 
29 	 591.371 	 390.57 	 481.212 	 128.445 	 2342 	 69.2911 	 43.8561 	 0.774212 	 0.938677 	 197.966 	 1181.02 	 277.041 	 0.234578 	 660.937 	 821.816 	 4375 	 0.9273 	 292.368 	 704.87 	 796.481 	 -20.3396 	 0.2 	 1139.13 	 759.36 	 243.959 	 0.306296 	 0 	 0 	 NaN 	 NaN 	 0 	 0 	 0 	 NaN 	 NaN 	 NaN 	 NaN 	 0 	 0 	 NaN 	 NaN 	 -0.43525 	 -1.31744 	 9.45884 	 0.115249 	 82.073 	 0 	 0 	 NaN 	 NaN 	 0 	 0 	 0 	 NaN 	 NaN 	 NaN 	 NaN 	 0 	 0 	 NaN 	 NaN 	  DCIS 
30 	 643.865 	 274.383 	 734.205 	 86.8389 	 3819 	 79.7623 	 63.043 	 0.612609 	 0.935342 	 248.35 	 1556.25 	 470.865 	 0.302565 	 1011.49 	 1197.04 	 8602 	 0.956203 	 388.492 	 984.727 	 1201.62 	 384.799 	 0.101449 	 1248.83 	 1192.64 	 263.376 	 0.219184 	 90 	 106 	 288.811 	 55.4917 	 1 	 0 	 0 	 NaN 	 NaN 	 NaN 	 NaN 	 90 	 90 	 90 	 0 	 65.4642 	 -32.4239 	 18.4828 	 0.124907 	 147.973 	 241 	 624 	 94.722 	 29.4014 	 2 	 449.487 	 0.117698 	 33.7128 	 33.7128 	 33.7128 	 0 	 136 	 105 	 120.5 	 21.9203 	  Tumour 
31 	 681.735 	 701.874 	 598.927 	 182.214 	 6434 	 125.814 	 66.9192 	 0.846814 	 0.958582 	 353.848 	 2049.38 	 614.48 	 0.299837 	 1356.38 	 1690.18 	 50 	 0.877193 	 29.8995 	 1904.66 	 1869.04 	 1052.22 	 0.592593 	 1889.25 	 1840.03 	 260.947 	 0.139616 	 90 	 195 	 319.156 	 85.8361 	 2 	 787.785 	 0.122441 	 19.105 	 19.105 	 19.105 	 0 	 45 	 45 	 45 	 0 	 136.246 	 31.1114 	 30.1263 	 0.137718 	 218.754 	 24 	 25 	 83.9583 	 18.6378 	 1 	 0 	 0 	 NaN 	 NaN 	 NaN 	 NaN 	 24 	 24 	 24 	 0 	  Tumour 
32 	 687.555 	 789.82 	 604.325 	 165.003 	 5009 	 91.5554 	 73.6166 	 0.59454 	 0.947239 	 293.622 	 1893.63 	 570.717 	 0.301387 	 1233.63 	 1534.43 	 6677 	 0.910169 	 370.024 	 1515.75 	 1641.84 	 825.017 	 0.280347 	 1694.74 	 1637.54 	 303.928 	 0.185115 	 0 	 0 	 NaN 	 NaN 	 0 	 0 	 0 	 NaN 	 NaN 	 NaN 	 NaN 	 0 	 0 	 NaN 	 NaN 	 171.348 	 30.2621 	 35.5994 	 0.140234 	 253.856 	 0 	 0 	 NaN 	 NaN 	 0 	 0 	 0 	 NaN 	 NaN 	 NaN 	 NaN 	 0 	 0 	 NaN 	 NaN 	  Tumour 
33 	 691.696 	 494.949 	 575.383 	 83.006 	 2273 	 73.2079 	 40.475 	 0.833263 	 0.935006 	 201.38 	 1251.07 	 351.156 	 0.280684 	 648.004 	 891.872 	 3643 	 0.811539 	 336.167 	 817.483 	 902.023 	 85.2017 	 0.506494 	 982.353 	 871.39 	 175.028 	 0.19404 	 0 	 0 	 NaN 	 NaN 	 0 	 0 	 0 	 NaN 	 NaN 	 NaN 	 NaN 	 0 	 0 	 NaN 	 NaN 	 5.13406 	 -12.259 	 16.5666 	 0.189025 	 87.6423 	 0 	 0 	 NaN 	 NaN 	 0 	 0 	 0 	 NaN 	 NaN 	 NaN 	 NaN 	 0 	 0 	 NaN 	 NaN 	  DCIS 
34 	 732.497 	 667.286 	 652.302 	 176.59 	 8248 	 153.344 	 81.1479 	 0.848504 	 0.847252 	 438.233 	 1917.44 	 543.386 	 0.283392 	 1271.75 	 1558.24 	 10487 	 0.864337 	 516.309 	 1203.23 	 1456.87 	 640.051 	 0.194215 	 1583.6 	 1425.51 	 256.095 	 0.175784 	 135 	 1001 	 293.267 	 59.9472 	 3 	 1676.67 	 0.203282 	 75.6637 	 24.1868 	 51.2958 	 23.1189 	 45 	 45 	 45 	 0 	 124.597 	 32.9462 	 28.4279 	 0.137263 	 207.106 	 150 	 546 	 92.54 	 27.2194 	 2 	 828.896 	 0.100497 	 50.2278 	 50.2278 	 50.2278 	 0 	 105 	 45 	 75 	 42.4264 	  Tumour 
35 	 712.812 	 448.44 	 596.567 	 50.3587 	 3139 	 71.1883 	 58.5861 	 0.568078 	 0.945197 	 234.208 	 1299.66 	 382.441 	 0.294263 	 689.482 	 940.453 	 4545 	 0.897158 	 309.054 	 859.01 	 877.003 	 60.1824 	 0.527586 	 982.484 	 836.324 	 224.426 	 0.255901 	 0 	 0 	 NaN 	 NaN 	 0 	 0 	 0 	 NaN 	 NaN 	 NaN 	 NaN 	 0 	 0 	 NaN 	 NaN 	 20.924 	 -0.375533 	 27.0732 	 0.261748 	 103.432 	 102 	 469 	 83.5 	 18.1794 	 2 	 686.905 	 0.218829 	 49.6614 	 49.6614 	 49.6614 	 0 	 57 	 45 	 51 	 8.48528 	  DCIS 
36 	 740.663 	 562.439 	 682.408 	 83.006 	 6589 	 128.773 	 69.3437 	 0.842628 	 0.916412 	 370.96 	 1427.13 	 332.679 	 0.233111 	 768.541 	 1067.92 	 9232 	 0.839807 	 531.179 	 1085.67 	 1265.57 	 448.753 	 0.790224 	 1269.66 	 1265.04 	 240.853 	 0.190311 	 90 	 209 	 313.122 	 79.8028 	 2 	 744.632 	 0.113011 	 20.8806 	 20.8806 	 20.8806 	 0 	 45 	 45 	 45 	 0 	 132.986 	 30.893 	 31.706 	 0.147132 	 215.494 	 158 	 374 	 92.1392 	 26.8187 	 2 	 1923.58 	 0.291938 	 22.8217 	 22.8217 	 22.8217 	 0 	 123 	 35 	 79 	 62.2254 	  Tumour 
37 	 763.05 	 442.119 	 744.68 	 50.3587 	 2881 	 99.8061 	 42.583 	 0.904414 	 0.776969 	 267.421 	 1307.23 	 325.401 	 0.248924 	 641.983 	 948.024 	 4338 	 0.820193 	 344.267 	 1072.35 	 1115.58 	 298.759 	 0.777429 	 1144.53 	 1081.23 	 229.882 	 0.206065 	 0 	 0 	 NaN 	 NaN 	 0 	 0 	 0 	 NaN 	 NaN 	 NaN 	 NaN 	 0 	 0 	 NaN 	 NaN 	 115.572 	 9.54459 	 17.1929 	 0.0867979 	 198.08 	 0 	 0 	 NaN 	 NaN 	 0 	 0 	 0 	 NaN 	 NaN 	 NaN 	 NaN 	 0 	 0 	 NaN 	 NaN 	  Tumour 
38 	 826.435 	 410.785 	 814.863 	 92.1141 	 7343 	 116.751 	 81.6595 	 0.714699 	 0.967712 	 349.948 	 1428.25 	 290.618 	 0.203478 	 864.993 	 1069.05 	 13406 	 0.909128 	 540.576 	 934.048 	 1006.51 	 189.688 	 0.496894 	 1121.53 	 965.061 	 243.94 	 0.242362 	 0 	 0 	 NaN 	 NaN 	 0 	 0 	 0 	 NaN 	 NaN 	 NaN 	 NaN 	 0 	 0 	 NaN 	 NaN 	 90.0555 	 21.9869 	 23.0592 	 0.133627 	 172.564 	 118 	 570 	 85.8559 	 20.5354 	 2 	 3315.99 	 0.451585 	 47.539 	 47.539 	 47.539 	 0 	 85 	 33 	 59 	 36.7696 	  Tumour 
39 	 823.002 	 543.734 	 766.211 	 139.864 	 6359 	 94.3129 	 87.8727 	 0.363193 	 0.943752 	 329.22 	 1721.06 	 544.542 	 0.3164 	 1138.32 	 1361.85 	 8144 	 0.886084 	 439.238 	 932.659 	 1162.54 	 345.714 	 0.562347 	 1238.86 	 1123.68 	 229.656 	 0.197547 	 45 	 45 	 247.422 	 14.1028 	 1 	 0 	 0 	 NaN 	 NaN 	 NaN 	 NaN 	 45 	 45 	 45 	 0 	 59.9959 	 -16.0163 	 33.7073 	 0.236536 	 142.504 	 110 	 116 	 93.4909 	 28.1704 	 1 	 0 	 0 	 NaN 	 NaN 	 NaN 	 NaN 	 110 	 110 	 110 	 0 	  Tumour 
40 	 842.917 	 220.999 	 768.821 	 190.759 	 4618 	 112.411 	 55.3377 	 0.870436 	 0.908161 	 325.161 	 1408.19 	 497.633 	 0.353386 	 805.502 	 1048.98 	 8668 	 0.94013 	 423.179 	 933.045 	 980.352 	 163.531 	 0 	 0 	 0 	 98.9812 	 0.100965 	 0 	 0 	 NaN 	 NaN 	 0 	 0 	 0 	 NaN 	 NaN 	 NaN 	 NaN 	 0 	 0 	 NaN 	 NaN 	 7.92179 	 11.6613 	 17.8604 	 0.197505 	 90.4301 	 137 	 145 	 145.504 	 80.1831 	 1 	 0 	 0 	 NaN 	 NaN 	 NaN 	 NaN 	 137 	 137 	 137 	 0 	  DCIS 
41 	 849.653 	 469.406 	 814.976 	 123.568 	 4210 	 100.187 	 56.4187 	 0.826365 	 0.904404 	 289.806 	 1365.75 	 267.555 	 0.195904 	 602.541 	 1006.54 	 5541 	 0.92923 	 343.723 	 953.565 	 1142.12 	 325.295 	 0.617363 	 1291.28 	 1067.09 	 300.181 	 0.262829 	 45 	 45 	 256.6 	 23.2806 	 1 	 0 	 0 	 NaN 	 NaN 	 NaN 	 NaN 	 45 	 45 	 45 	 0 	 119.174 	 24.5402 	 28.487 	 0.141247 	 201.682 	 137 	 178 	 74.8175 	 9.49696 	 2 	 1831.14 	 0.43495 	 15.5 	 15.5 	 15.5 	 0 	 85 	 52 	 68.5 	 23.3345 	  Tumour 
42 	 828.312 	 309.14 	 729.895 	 102.02 	 1327 	 68.3704 	 26.6616 	 0.920832 	 0.904567 	 173.338 	 1241.01 	 356.963 	 0.287638 	 655.261 	 881.809 	 2487 	 0.947068 	 244.51 	 708.199 	 714.037 	 -102.784 	 0.362385 	 665.557 	 724.374 	 54.1081 	 0.0757777 	 0 	 0 	 0 	 -233.319 	 0 	 0 	 0 	 NaN 	 NaN 	 NaN 	 NaN 	 0 	 0 	 NaN 	 NaN 	 -9.4834 	 4.58571 	 7.1223 	 0.0975325 	 73.0249 	 0 	 0 	 NaN 	 NaN 	 0 	 0 	 0 	 NaN 	 NaN 	 NaN 	 NaN 	 0 	 0 	 NaN 	 NaN 	  DCIS 
43 	 858.996 	 325.026 	 756.812 	 92.1141 	 2778 	 95.9618 	 38.5719 	 0.915661 	 0.936615 	 242.492 	 1463.13 	 414.348 	 0.283192 	 922.847 	 1103.93 	 3725 	 0.886905 	 293.723 	 599.668 	 655.828 	 -160.993 	 0.333333 	 667.207 	 655.538 	 83.2496 	 0.126938 	 0 	 0 	 0 	 -233.319 	 0 	 0 	 0 	 NaN 	 NaN 	 NaN 	 NaN 	 0 	 0 	 NaN 	 NaN 	 -10.3103 	 -6.70643 	 6.33295 	 0.0877165 	 72.198 	 0 	 0 	 NaN 	 NaN 	 0 	 0 	 0 	 NaN 	 NaN 	 NaN 	 NaN 	 0 	 0 	 NaN 	 NaN 	  DCIS 
44 	 962.537 	 519.318 	 847.196 	 123.568 	 2099 	 65.6862 	 40.8462 	 0.783147 	 0.974014 	 185.238 	 1189.54 	 304.255 	 0.255775 	 643.828 	 830.335 	 3307 	 0.963578 	 234.426 	 672.689 	 702.662 	 -114.159 	 0 	 0 	 0 	 240.784 	 0.342674 	 0 	 0 	 0 	 -233.319 	 0 	 0 	 0 	 NaN 	 NaN 	 NaN 	 NaN 	 0 	 0 	 NaN 	 NaN 	 6.43218 	 -4.43253 	 17.572 	 0.19757 	 88.9404 	 0 	 0 	 NaN 	 NaN 	 0 	 0 	 0 	 NaN 	 NaN 	 NaN 	 NaN 	 0 	 0 	 NaN 	 NaN 	  DCIS 
45 	 1010.19 	 432.473 	 893.987 	 164.222 	 2457 	 60.7679 	 52.3641 	 0.507407 	 0.966182 	 192.995 	 1074.23 	 201.477 	 0.187554 	 618.797 	 715.031 	 4033 	 0.964833 	 256.083 	 445.499 	 442.351 	 -374.47 	 0 	 0 	 0 	 88.7146 	 0.200552 	 0 	 0 	 0 	 -233.319 	 0 	 0 	 0 	 NaN 	 NaN 	 NaN 	 NaN 	 0 	 0 	 NaN 	 NaN 	 -3.53472 	 5.21566 	 8.61234 	 0.109053 	 78.9735 	 83 	 130 	 81.494 	 16.1734 	 2 	 1433.01 	 0.583237 	 9.83743 	 9.83743 	 9.83743 	 0 	 43 	 40 	 41.5 	 2.12132 	  DCIS 
46 	 1007.59 	 314.298 	 905.252 	 206.235 	 1211 	 63.4469 	 24.6198 	 0.921643 	 0.940217 	 157.581 	 921.511 	 143.912 	 0.15617 	 407.608 	 562.308 	 2482 	 0.962762 	 209.255 	 576.602 	 626.526 	 -190.296 	 0 	 0 	 0 	 83.0734 	 0.132594 	 0 	 0 	 0 	 -233.319 	 0 	 0 	 0 	 NaN 	 NaN 	 NaN 	 NaN 	 0 	 0 	 NaN 	 NaN 	 -14.05 	 -4.14916 	 6.05421 	 0.0884364 	 68.4583 	 0 	 0 	 NaN 	 NaN 	 0 	 0 	 0 	 NaN 	 NaN 	 NaN 	 NaN 	 0 	 0 	 NaN 	 NaN 	  DCIS 
47 	 1086.74 	 637.965 	 1008.24 	 171.863 	 7143 	 112.473 	 82.2876 	 0.681708 	 0.963838 	 341.161 	 701.644 	 176.783 	 0.251956 	 193.687 	 342.441 	 9774 	 0.955519 	 427.522 	 417.982 	 582.226 	 -234.595 	 0.131105 	 532.333 	 586.49 	 182.324 	 0.313149 	 0 	 0 	 0 	 -233.319 	 0 	 0 	 0 	 NaN 	 NaN 	 NaN 	 NaN 	 0 	 0 	 NaN 	 NaN 	 9.36042 	 -6.94709 	 10.7794 	 0.117335 	 91.8687 	 133 	 202 	 60.985 	 -4.3356 	 3 	 4333.86 	 0.606729 	 11.6231 	 8.06226 	 10.2436 	 1.70932 	 45 	 43 	 44.3333 	 1.1547 	  Tumour 
48 	 1177.38 	 611.813 	 1100.69 	 233.335 	 7400 	 103.922 	 91.1917 	 0.479581 	 0.988116 	 330.794 	 619.358 	 100.537 	 0.162324 	 252.611 	 260.155 	 13685 	 0.987374 	 445.647 	 379.881 	 489.422 	 -327.399 	 0.134715 	 530.519 	 481.86 	 171.473 	 0.350357 	 0 	 0 	 0 	 -233.319 	 0 	 0 	 0 	 NaN 	 NaN 	 NaN 	 NaN 	 0 	 0 	 NaN 	 NaN 	 20.6662 	 12.7323 	 13.1479 	 0.127434 	 103.174 	 155 	 184 	 63.3613 	 -1.95927 	 1 	 0 	 0 	 NaN 	 NaN 	 NaN 	 NaN 	 155 	 155 	 155 	 0 	  Tumour 
