rownames 	XLoc 	YLoc 	NNDistSame 	NNDistOpp 	dapi_Area 	dapi_MajorAxisLength 	dapi_MinorAxisLength 	dapi_Eccentricity 	dapi_Solidity 	dapi_Perimeter 	dapi_MeanIntensity 	dapi_PixelSD 	dapi_PixelCV 	dapi_NucAdjustedInt 	dapi_BackAdjustedInt 	memb_Area 	memb_Solidity 	memb_Perimeter 	memb_MeanIntensity 	memb_MembraneIntensity 	memb_temp 	memb_pcTouch 	memb_OverLapIntensity 	memb_nonLapIntensity 	memb_PixelSD 	memb_PixelCV 	cent_Area 	cent_ConvexArea 	cent_MeanIntensity 	cent_BackAdjustedInt 	cent_CN 	cent_AreaSD 	cent_CoeffVar 	cent_MaxSpotDist 	cent_MinSpotDist 	cent_MeanSpotDist 	cent_SDSpotDist 	cent_SpotAreaMax 	cent_SpotAreaMin 	cent_SpotAreaMean 	cent_SpotAreaSD 	nucl_BackgroundAdjust 	nucl_NuclearAdjustedInt 	nucl_PixelSD 	nucl_PixelCV 	nucl_MeanIntensity 	Her2_Area 	Her2_ConvexArea 	Her2_MeanIntensity 	Her2_BackAdjustedInt 	Her2_CN 	Her2_AreaSD 	Her2_CoeffVar 	Her2_MaxSpotDist 	Her2_MinSpotDist 	Her2_MeanSpotDist 	Her2_SDSpotDist 	Her2_SpotAreaMax 	Her2_SpotAreaMin 	Her2_SpotAreaMean 	Her2_SpotAreaSD 	CellLabels 	
1 	 49.6483 	 259.94 	 80.6226 	 784.903 	 4916 	 102.2 	 61.8442 	 0.796129 	 0.964868 	 294.534 	 1187.7 	 416.317 	 0.350525 	 -226.744 	 1107.01 	 8820 	 0.903596 	 449.581 	 1995.14 	 1974.05 	 1799.9 	 0.296912 	 2478.18 	 1872.02 	 607.767 	 0.307877 	 0 	 0 	 NaN 	 NaN 	 0 	 0 	 0 	 NaN 	 NaN 	 NaN 	 NaN 	 0 	 0 	 NaN 	 NaN 	 419.006 	 -128.631 	 101.698 	 0.2206 	 461.004 	 0 	 0 	 NaN 	 NaN 	 0 	 0 	 0 	 NaN 	 NaN 	 NaN 	 NaN 	 0 	 0 	 NaN 	 NaN 	  Tumour 
2 	 72.8075 	 769.857 	 53.0094 	 715.078 	 8099 	 131.868 	 79.8736 	 0.795686 	 0.950922 	 376.718 	 1692.55 	 563.204 	 0.332755 	 562.672 	 1611.86 	 10563 	 0.914387 	 464.836 	 1254.01 	 1338.95 	 1164.79 	 0.241135 	 2072.89 	 1227.42 	 845.613 	 0.631552 	 69 	 73 	 623.899 	 277.27 	 1 	 0 	 0 	 NaN 	 NaN 	 NaN 	 NaN 	 69 	 69 	 69 	 0 	 331.331 	 -124.86 	 142.401 	 0.381435 	 373.329 	 573 	 2213 	 555.251 	 149.496 	 7 	 888.213 	 0.109669 	 86.8225 	 12.8233 	 41.081 	 21.3827 	 107 	 67 	 81.8571 	 15.4535 	  Tumour 
3 	 101.241 	 86.7682 	 180.361 	 829.801 	 8057 	 118.649 	 87.3041 	 0.677183 	 0.981484 	 355.262 	 1625.1 	 507.251 	 0.312135 	 434.209 	 1544.41 	 12314 	 0.922535 	 510.593 	 1595.73 	 1658.45 	 1484.29 	 0 	 0 	 0 	 344.625 	 0.2078 	 48 	 50 	 607.062 	 260.434 	 1 	 0 	 0 	 NaN 	 NaN 	 NaN 	 NaN 	 48 	 48 	 48 	 0 	 438.529 	 -65.6247 	 95.3187 	 0.198363 	 480.527 	 523 	 1519 	 498.673 	 92.9178 	 5 	 1734.7 	 0.215304 	 41.0391 	 10.207 	 25.7011 	 9.93622 	 198 	 51 	 104.6 	 58.8753 	  Tumour 
4 	 116.242 	 801.126 	 545.011 	 682.736 	 2119 	 90.6194 	 42.2231 	 0.884817 	 0.651599 	 269.664 	 1083.98 	 294.109 	 0.271322 	 -87.3454 	 1003.29 	 5309 	 0.779246 	 382.191 	 1686.99 	 1530.75 	 1356.6 	 0.312121 	 2060.44 	 1428.66 	 547.131 	 0.357426 	 0 	 0 	 NaN 	 NaN 	 0 	 0 	 0 	 NaN 	 NaN 	 NaN 	 NaN 	 0 	 0 	 NaN 	 NaN 	 392.577 	 -56.9262 	 84.7529 	 0.195025 	 434.575 	 68 	 68 	 407.691 	 1.93589 	 1 	 0 	 0 	 NaN 	 NaN 	 NaN 	 NaN 	 68 	 68 	 68 	 0 	  Tumour 
5 	 101.162 	 394.019 	 143.377 	 690.241 	 5380 	 118.28 	 59.015 	 0.866636 	 0.962777 	 309.622 	 1955.47 	 640.1 	 0.327337 	 900.362 	 1874.78 	 9376 	 0.915714 	 444.551 	 2397.33 	 2384.57 	 2210.41 	 0.255474 	 2582.23 	 2350.61 	 365.449 	 0.153256 	 53 	 54 	 776.075 	 429.447 	 1 	 0 	 0 	 NaN 	 NaN 	 NaN 	 NaN 	 53 	 53 	 53 	 0 	 605.149 	 22.4869 	 64.5411 	 0.0997316 	 647.148 	 0 	 0 	 NaN 	 NaN 	 0 	 0 	 0 	 NaN 	 NaN 	 NaN 	 NaN 	 0 	 0 	 NaN 	 NaN 	  Tumour 
6 	 123.749 	 291.527 	 80.6226 	 704.298 	 3396 	 73.8064 	 60.5476 	 0.571852 	 0.904876 	 251.179 	 1188.92 	 241.208 	 0.202879 	 171.635 	 1108.23 	 8142 	 0.879646 	 462.267 	 2523.85 	 2603.08 	 2428.93 	 0.615561 	 2506.93 	 2651.52 	 190.046 	 0.0730082 	 0 	 0 	 NaN 	 NaN 	 0 	 0 	 0 	 NaN 	 NaN 	 NaN 	 NaN 	 0 	 0 	 NaN 	 NaN 	 557.915 	 -28.3031 	 33.5481 	 0.0559217 	 599.913 	 58 	 58 	 410.31 	 4.55506 	 1 	 0 	 0 	 NaN 	 NaN 	 NaN 	 NaN 	 58 	 58 	 58 	 0 	  Tumour 
7 	 199.257 	 306.6 	 156.237 	 630.132 	 5422 	 105.36 	 66.2707 	 0.777413 	 0.972382 	 296.25 	 1955.13 	 794.019 	 0.406122 	 1026 	 1874.44 	 10103 	 0.822586 	 498.995 	 2097.86 	 2163.19 	 1989.04 	 0.365957 	 2529.8 	 2078.6 	 573.65 	 0.265186 	 90 	 155 	 632.367 	 285.738 	 2 	 1365.78 	 0.251895 	 14.3178 	 14.3178 	 14.3178 	 0 	 45 	 45 	 45 	 0 	 398.797 	 -58.6797 	 77.9081 	 0.176745 	 440.795 	 196 	 645 	 427.607 	 21.8519 	 3 	 655.113 	 0.120825 	 42.7453 	 16.7958 	 29.4566 	 11.6151 	 69 	 61 	 65.3333 	 4.04145 	  Tumour 
8 	 282.262 	 698.254 	 495.649 	 494.841 	 3213 	 84.6268 	 48.8066 	 0.816936 	 0.959677 	 234.208 	 878.938 	 267.369 	 0.304196 	 525.223 	 798.248 	 4663 	 0.934844 	 308.368 	 1175.21 	 1009.9 	 835.749 	 0 	 0 	 0 	 747.763 	 0.740431 	 0 	 0 	 NaN 	 NaN 	 0 	 0 	 0 	 NaN 	 NaN 	 NaN 	 NaN 	 0 	 0 	 NaN 	 NaN 	 284.508 	 87.3075 	 136.744 	 0.41881 	 326.506 	 0 	 0 	 NaN 	 NaN 	 0 	 0 	 0 	 NaN 	 NaN 	 NaN 	 NaN 	 0 	 0 	 NaN 	 NaN 	  Tumour 
9 	 324.424 	 259.632 	 274 	 547.609 	 6689 	 115.856 	 75.8984 	 0.755534 	 0.965084 	 336.676 	 1572.07 	 598.024 	 0.380406 	 1097.53 	 1491.38 	 10753 	 0.922292 	 486.149 	 1244.59 	 977.508 	 803.355 	 0 	 0 	 0 	 315.614 	 0.322876 	 64 	 65 	 667.219 	 320.59 	 1 	 0 	 0 	 NaN 	 NaN 	 NaN 	 NaN 	 64 	 64 	 64 	 0 	 325.673 	 130.26 	 86.6165 	 0.235581 	 367.671 	 0 	 0 	 NaN 	 NaN 	 0 	 0 	 0 	 NaN 	 NaN 	 NaN 	 NaN 	 0 	 0 	 NaN 	 NaN 	  Tumour 
10 	 360.952 	 915.918 	 725.987 	 520.873 	 12364 	 158.871 	 102.603 	 0.763483 	 0.913146 	 535.428 	 1617.46 	 601.693 	 0.371998 	 1118.74 	 1536.77 	 14986 	 0.925576 	 582.735 	 2133.02 	 1860.23 	 1686.08 	 0.239777 	 2375.97 	 1779.42 	 695.983 	 0.374137 	 89 	 640 	 627.09 	 280.462 	 2 	 1359.58 	 0.109963 	 72.5599 	 72.5599 	 72.5599 	 0 	 48 	 41 	 44.5 	 4.94975 	 530.008 	 149.915 	 89.9607 	 0.157272 	 572.006 	 628 	 3682 	 560.199 	 154.444 	 8 	 1163.59 	 0.0941109 	 92.6675 	 8.06226 	 52.0105 	 29.9552 	 165 	 38 	 78.5 	 45.2643 	  Tumour 
11 	 346.74 	 81.9322 	 346.256 	 654.144 	 4408 	 100.07 	 57.0369 	 0.821667 	 0.958886 	 303.338 	 2810.77 	 533.044 	 0.189644 	 1227.51 	 2730.08 	 6149 	 0.835348 	 399.439 	 2735.68 	 2739.55 	 2565.39 	 0.365333 	 3032.08 	 2656.71 	 439.87 	 0.160563 	 0 	 0 	 NaN 	 NaN 	 0 	 0 	 0 	 NaN 	 NaN 	 NaN 	 NaN 	 0 	 0 	 NaN 	 NaN 	 920.8 	 156.73 	 132.572 	 0.137694 	 962.799 	 125 	 132 	 792.68 	 386.925 	 1 	 0 	 0 	 NaN 	 NaN 	 NaN 	 NaN 	 125 	 125 	 125 	 0 	  Tumour 
12 	 391.96 	 104.001 	 375.899 	 608.858 	 2745 	 83.484 	 48.2105 	 0.816403 	 0.828804 	 238.61 	 2861.27 	 496.017 	 0.173356 	 1212.16 	 2780.58 	 3704 	 0.825864 	 307.983 	 2880.53 	 2982.48 	 2808.33 	 0.769759 	 3034.87 	 2939.1 	 204.63 	 0.0686106 	 61 	 62 	 925.033 	 578.404 	 1 	 0 	 0 	 NaN 	 NaN 	 NaN 	 NaN 	 61 	 61 	 61 	 0 	 987.067 	 132.96 	 64.4854 	 0.0626641 	 1029.07 	 0 	 0 	 NaN 	 NaN 	 0 	 0 	 0 	 NaN 	 NaN 	 NaN 	 NaN 	 0 	 0 	 NaN 	 NaN 	  Tumour 
13 	 444.378 	 89.6108 	 429.111 	 590.268 	 5077 	 95.7359 	 68.3503 	 0.700201 	 0.964842 	 284.309 	 3005.31 	 517.879 	 0.172321 	 1338.58 	 2924.62 	 9731 	 0.930395 	 458.167 	 2721.42 	 3020.72 	 2846.57 	 0.3 	 3117.64 	 2998.63 	 233.679 	 0.0773586 	 88 	 300 	 729.17 	 382.542 	 2 	 307.249 	 0.0605177 	 31.58 	 31.58 	 31.58 	 0 	 45 	 43 	 44 	 1.41421 	 753.049 	 -56.2785 	 91.8669 	 0.115549 	 795.048 	 119 	 122 	 838.202 	 432.446 	 1 	 0 	 0 	 NaN 	 NaN 	 NaN 	 NaN 	 119 	 119 	 119 	 0 	  Tumour 
14 	 461.603 	 297.698 	 413.749 	 417.31 	 8935 	 127.381 	 100.183 	 0.617615 	 0.878392 	 416.007 	 2380.1 	 717.691 	 0.301538 	 1187.88 	 2299.41 	 11822 	 0.855489 	 528.794 	 2065.63 	 2149.15 	 1974.99 	 0.244939 	 2550.05 	 2087.97 	 388.927 	 0.180968 	 90 	 299 	 664.567 	 317.938 	 2 	 496.21 	 0.0555355 	 31.6228 	 31.6228 	 31.6228 	 0 	 45 	 45 	 45 	 0 	 687.42 	 113.313 	 89.179 	 0.12226 	 729.419 	 279 	 1121 	 620.272 	 214.517 	 4 	 2826.42 	 0.316332 	 45.5047 	 9.98557 	 28.0627 	 16.3892 	 156 	 33 	 69.75 	 57.7776 	  Tumour 
15 	 452.547 	 901.579 	 758.006 	 443.37 	 6034 	 118.925 	 68.7634 	 0.815889 	 0.881005 	 356.534 	 1650.3 	 666.213 	 0.403693 	 1041.62 	 1569.61 	 7364 	 0.835489 	 449.137 	 1954.53 	 1995.53 	 1821.38 	 0.586538 	 2260.66 	 1880.32 	 464.067 	 0.232553 	 0 	 0 	 NaN 	 NaN 	 0 	 0 	 0 	 NaN 	 NaN 	 NaN 	 NaN 	 0 	 0 	 NaN 	 NaN 	 539.072 	 175.614 	 73.8128 	 0.127029 	 581.071 	 0 	 0 	 NaN 	 NaN 	 0 	 0 	 0 	 NaN 	 NaN 	 NaN 	 NaN 	 0 	 0 	 NaN 	 NaN 	  Tumour 
16 	 522.789 	 934.714 	 824.229 	 424.125 	 8201 	 114.644 	 92.619 	 0.589339 	 0.969844 	 370.818 	 1584.14 	 550.592 	 0.347565 	 1058.89 	 1503.45 	 10602 	 0.917287 	 467.48 	 1848.65 	 2008.88 	 1834.73 	 0.472477 	 2207.62 	 1942.67 	 396.603 	 0.197425 	 151 	 499 	 530.894 	 184.266 	 2 	 1913.97 	 0.233383 	 40.7885 	 40.7885 	 40.7885 	 0 	 81 	 70 	 75.5 	 7.77817 	 552.664 	 96.4825 	 79.221 	 0.13322 	 594.662 	 209 	 710 	 611.292 	 205.537 	 4 	 1051.77 	 0.128249 	 29.2218 	 9.05539 	 21.5041 	 6.99358 	 83 	 36 	 52.25 	 20.9344 	  Tumour 
17 	 518.878 	 335.924 	 475.118 	 350.036 	 3930 	 90.7523 	 57.0558 	 0.77765 	 0.950653 	 274.208 	 1444.85 	 416.85 	 0.288508 	 884.087 	 1364.16 	 5568 	 0.933915 	 328.024 	 2478.86 	 2412.2 	 2238.05 	 0.407895 	 2549.2 	 2372.75 	 342.275 	 0.141893 	 0 	 0 	 NaN 	 NaN 	 0 	 0 	 0 	 NaN 	 NaN 	 NaN 	 NaN 	 0 	 0 	 NaN 	 NaN 	 670.254 	 63.5225 	 97.5936 	 0.137021 	 712.252 	 0 	 0 	 NaN 	 NaN 	 0 	 0 	 0 	 NaN 	 NaN 	 NaN 	 NaN 	 0 	 0 	 NaN 	 NaN 	  Tumour 
18 	 635.634 	 344.28 	 591.99 	 273.766 	 2765 	 92.518 	 40.9691 	 0.896609 	 0.90745 	 239.966 	 1000.91 	 272.343 	 0.272095 	 595.249 	 920.223 	 4629 	 0.900934 	 322.024 	 1836.55 	 1853.71 	 1679.55 	 0 	 0 	 0 	 853.515 	 0.460436 	 0 	 0 	 NaN 	 NaN 	 0 	 0 	 0 	 NaN 	 NaN 	 NaN 	 NaN 	 0 	 0 	 NaN 	 NaN 	 387.278 	 10.1596 	 195.305 	 0.454964 	 429.276 	 101 	 103 	 413.941 	 8.18531 	 1 	 0 	 0 	 NaN 	 NaN 	 NaN 	 NaN 	 101 	 101 	 101 	 0 	  Tumour 
19 	 656.408 	 972.397 	 934.976 	 400.824 	 4260 	 88.0277 	 62.0968 	 0.708787 	 0.973937 	 268.392 	 1266.73 	 465.557 	 0.367525 	 634.295 	 1186.04 	 11549 	 0.875189 	 545.706 	 2062.44 	 2173.91 	 1999.76 	 0.431452 	 2214.76 	 2156.45 	 237.388 	 0.109199 	 0 	 0 	 NaN 	 NaN 	 0 	 0 	 0 	 NaN 	 NaN 	 NaN 	 NaN 	 0 	 0 	 NaN 	 NaN 	 490.141 	 9.1992 	 30.5854 	 0.0574762 	 532.14 	 0 	 0 	 NaN 	 NaN 	 0 	 0 	 0 	 NaN 	 NaN 	 NaN 	 NaN 	 0 	 0 	 NaN 	 NaN 	  Tumour 
20 	 731.465 	 902.035 	 935.909 	 317.718 	 5443 	 99.3389 	 70.5641 	 0.703862 	 0.94628 	 312.291 	 1426.85 	 557.725 	 0.390878 	 728.248 	 1346.16 	 7320 	 0.894866 	 390.267 	 1834.92 	 1857.08 	 1682.93 	 0.60274 	 2136.35 	 1726.34 	 467.105 	 0.251526 	 0 	 0 	 NaN 	 NaN 	 0 	 0 	 0 	 NaN 	 NaN 	 NaN 	 NaN 	 0 	 0 	 NaN 	 NaN 	 543.206 	 89.4778 	 92.3822 	 0.157863 	 585.204 	 223 	 367 	 704.031 	 298.276 	 2 	 201.388 	 0.0369994 	 18.7648 	 18.7648 	 18.7648 	 0 	 130 	 93 	 111.5 	 26.163 	  Tumour 
21 	 765.318 	 980.02 	 1014.7 	 394.001 	 5373 	 107.629 	 64.2265 	 0.802435 	 0.952153 	 309.12 	 1371.25 	 359.617 	 0.262255 	 601.877 	 1290.56 	 8049 	 0.913932 	 407.823 	 2123.78 	 2272.9 	 2098.75 	 0.730159 	 2326.03 	 2239.4 	 228.866 	 0.100693 	 43 	 43 	 526.744 	 180.116 	 1 	 0 	 0 	 NaN 	 NaN 	 NaN 	 NaN 	 43 	 43 	 43 	 0 	 589.31 	 -0.642296 	 45.1352 	 0.0714947 	 631.308 	 99 	 111 	 543.515 	 137.76 	 1 	 0 	 0 	 NaN 	 NaN 	 NaN 	 NaN 	 99 	 99 	 99 	 0 	  Tumour 
22 	 763.533 	 586.205 	 871.542 	 131.472 	 1725 	 56.6555 	 39.4017 	 0.718564 	 0.947282 	 170.752 	 826.081 	 139.185 	 0.168488 	 485.579 	 745.39 	 5085 	 0.966363 	 281.137 	 1030.5 	 1009.89 	 835.738 	 0.0564516 	 2712.93 	 954.252 	 822.535 	 0.814479 	 0 	 0 	 NaN 	 NaN 	 0 	 0 	 0 	 NaN 	 NaN 	 NaN 	 NaN 	 0 	 0 	 NaN 	 NaN 	 197.933 	 18.8965 	 82.1627 	 0.342442 	 239.932 	 0 	 0 	 NaN 	 NaN 	 0 	 0 	 0 	 NaN 	 NaN 	 NaN 	 NaN 	 0 	 0 	 NaN 	 NaN 	  Other 
23 	 803.029 	 150.835 	 760.848 	 436.745 	 2556 	 77.4127 	 42.8675 	 0.832682 	 0.959099 	 208.936 	 877.318 	 130.92 	 0.149228 	 359.06 	 796.628 	 8887 	 0.896771 	 434.995 	 1857.26 	 1877.83 	 1703.68 	 0 	 0 	 0 	 646.792 	 0.344436 	 0 	 0 	 NaN 	 NaN 	 0 	 0 	 0 	 NaN 	 NaN 	 NaN 	 NaN 	 0 	 0 	 NaN 	 NaN 	 206.612 	 -23.3246 	 44.7398 	 0.17996 	 248.61 	 0 	 0 	 NaN 	 NaN 	 0 	 0 	 0 	 NaN 	 NaN 	 NaN 	 NaN 	 0 	 0 	 NaN 	 NaN 	  Tumour 
24 	 838.408 	 896.148 	 1012.64 	 318.71 	 5222 	 102.64 	 65.6101 	 0.769019 	 0.966858 	 291.321 	 2613.61 	 624.567 	 0.238968 	 1469.78 	 2532.92 	 12090 	 0.881003 	 518.794 	 1923.16 	 2284.26 	 2110.1 	 0.696281 	 2331.14 	 2266.87 	 282.727 	 0.123772 	 61 	 62 	 592.131 	 245.503 	 1 	 0 	 0 	 NaN 	 NaN 	 NaN 	 NaN 	 61 	 61 	 61 	 0 	 456.675 	 -63.4086 	 43.9269 	 0.0880876 	 498.673 	 248 	 736 	 741.093 	 335.337 	 3 	 195.881 	 0.0375107 	 41.6615 	 12.1098 	 29.5081 	 13.8263 	 85 	 81 	 82.6667 	 2.08167 	  Tumour 
25 	 850.789 	 1022.19 	 1105.55 	 444.595 	 2633 	 85.0608 	 41.5119 	 0.872829 	 0.949856 	 238.267 	 3008.43 	 751.061 	 0.249653 	 1073.24 	 2927.73 	 5292 	 0.890609 	 360.853 	 1853.74 	 2010.99 	 1836.84 	 0.279762 	 2612.73 	 1864.83 	 713.248 	 0.354675 	 44 	 49 	 1045 	 698.372 	 1 	 0 	 0 	 NaN 	 NaN 	 NaN 	 NaN 	 44 	 44 	 44 	 0 	 266.522 	 -45.667 	 55.0169 	 0.178325 	 308.52 	 90 	 112 	 525.211 	 119.456 	 2 	 602.029 	 0.228647 	 9.05539 	 9.05539 	 9.05539 	 0 	 45 	 45 	 45 	 0 	  Tumour 
26 	 885.799 	 634.814 	 916.254 	 131.472 	 6689 	 141.805 	 64.2441 	 0.891488 	 0.873352 	 397.103 	 1213.11 	 429.119 	 0.353735 	 823.439 	 1132.42 	 10509 	 0.908926 	 517.907 	 1061.52 	 890.941 	 716.788 	 0.0337553 	 2779.38 	 856.781 	 876.121 	 0.983366 	 60 	 60 	 405.233 	 58.6049 	 1 	 0 	 0 	 NaN 	 NaN 	 NaN 	 NaN 	 60 	 60 	 60 	 0 	 300.257 	 139.694 	 141.008 	 0.411998 	 342.255 	 404 	 650 	 557.126 	 151.371 	 2 	 2003.9 	 0.299582 	 21.3623 	 14.5447 	 17.2614 	 3.23198 	 189 	 86 	 134.667 	 51.7333 	  Tumour 
27 	 918.272 	 864.104 	 1057.47 	 317.805 	 5894 	 103.1 	 75.3686 	 0.682353 	 0.950645 	 315.037 	 2515.5 	 698.222 	 0.277568 	 1503.42 	 2434.81 	 9752 	 0.842142 	 494.794 	 1953.6 	 2294.8 	 2120.64 	 0.482609 	 2207.99 	 2313.51 	 355.674 	 0.154991 	 39 	 39 	 497.59 	 150.961 	 1 	 0 	 0 	 NaN 	 NaN 	 NaN 	 NaN 	 39 	 39 	 39 	 0 	 531.512 	 -48.5408 	 71.4203 	 0.124532 	 573.511 	 243 	 459 	 750.247 	 344.492 	 2 	 1205.44 	 0.20452 	 21.6355 	 21.6355 	 21.6355 	 0 	 123 	 120 	 121.5 	 2.12132 	  Tumour 
28 	 982.402 	 129.212 	 941.162 	 506.333 	 8807 	 127.555 	 89.3226 	 0.713879 	 0.977904 	 373.404 	 2155.97 	 685.124 	 0.31778 	 1245.4 	 2075.28 	 13574 	 0.921458 	 546.451 	 2101.08 	 2383.04 	 2208.89 	 0.170588 	 2349.54 	 2387.93 	 413.161 	 0.173375 	 90 	 524 	 593.467 	 246.838 	 2 	 1663.42 	 0.188875 	 63.2415 	 63.2415 	 63.2415 	 0 	 55 	 35 	 45 	 14.1421 	 686.752 	 13.4227 	 102.472 	 0.140614 	 728.75 	 426 	 1273 	 613.512 	 207.756 	 5 	 1623.25 	 0.184313 	 40.9912 	 10.5475 	 25.6158 	 9.23537 	 101 	 70 	 85.2 	 11.649 	  Tumour 
29 	 981.598 	 868.971 	 1113.33 	 357.23 	 1900 	 64.3686 	 39.0881 	 0.794507 	 0.963489 	 180.912 	 1382.17 	 406.163 	 0.293859 	 918.084 	 1301.48 	 2777 	 0.970979 	 232.083 	 1768.99 	 1563.64 	 1389.49 	 0.357798 	 2294.87 	 1401.06 	 747.236 	 0.477881 	 0 	 0 	 NaN 	 NaN 	 0 	 0 	 0 	 NaN 	 NaN 	 NaN 	 NaN 	 0 	 0 	 NaN 	 NaN 	 484.88 	 223.346 	 90.4019 	 0.17158 	 526.878 	 67 	 69 	 438.015 	 32.2596 	 1 	 0 	 0 	 NaN 	 NaN 	 NaN 	 NaN 	 67 	 67 	 67 	 0 	  Tumour 
30 	 1102 	 155.446 	 1057.23 	 547.727 	 7448 	 124.186 	 78.6233 	 0.774064 	 0.931582 	 369.505 	 1515.68 	 454.768 	 0.300043 	 913.896 	 1434.99 	 10235 	 0.862113 	 502.894 	 2093.25 	 2170.92 	 1996.76 	 0.522293 	 2181.18 	 2166.66 	 272.967 	 0.125738 	 61 	 61 	 593.246 	 246.618 	 1 	 0 	 0 	 NaN 	 NaN 	 NaN 	 NaN 	 61 	 61 	 61 	 0 	 594.857 	 -17.4649 	 74.89 	 0.117593 	 636.856 	 64 	 65 	 502.25 	 96.4947 	 1 	 0 	 0 	 NaN 	 NaN 	 NaN 	 NaN 	 64 	 64 	 64 	 0 	  Tumour 
31 	 1093.53 	 248.408 	 1044.07 	 472.381 	 4206 	 90.485 	 59.8501 	 0.750001 	 0.967119 	 259.563 	 1600.72 	 605.938 	 0.37854 	 1072 	 1520.03 	 6324 	 0.879433 	 366.978 	 1757.34 	 1603.95 	 1429.8 	 0.258567 	 1941.08 	 1554.61 	 524.424 	 0.326958 	 41 	 42 	 535.146 	 188.518 	 1 	 0 	 0 	 NaN 	 NaN 	 NaN 	 NaN 	 41 	 41 	 41 	 0 	 374.65 	 70.9219 	 47.5606 	 0.114151 	 416.648 	 78 	 82 	 440.064 	 34.3088 	 1 	 0 	 0 	 NaN 	 NaN 	 NaN 	 NaN 	 78 	 78 	 78 	 0 	  Tumour 
32 	 1121.94 	 488.651 	 1096.19 	 370.908 	 4099 	 80.4495 	 66.0674 	 0.5706 	 0.96379 	 252.108 	 1447.01 	 517.548 	 0.357668 	 1028.7 	 1366.32 	 7823 	 0.976776 	 361.622 	 2143.02 	 1653.94 	 1479.79 	 0 	 0 	 0 	 952.21 	 0.57572 	 58 	 59 	 512.466 	 165.837 	 1 	 0 	 0 	 NaN 	 NaN 	 NaN 	 NaN 	 58 	 58 	 58 	 0 	 430.109 	 89.0575 	 139.437 	 0.295349 	 472.107 	 344 	 733 	 477.773 	 72.018 	 4 	 343.597 	 0.0838247 	 36.5783 	 11.4279 	 20.8355 	 8.07768 	 127 	 62 	 86 	 29.1319 	  Tumour 
33 	 1132.28 	 217.247 	 1082.85 	 521.138 	 2951 	 83.1141 	 48.82 	 0.809307 	 0.905492 	 244.108 	 1414.06 	 454.793 	 0.321622 	 910.321 	 1333.37 	 6116 	 0.801993 	 447.262 	 1624.93 	 1752.51 	 1578.35 	 0.552163 	 1979.39 	 1662.25 	 524.03 	 0.299018 	 250 	 257 	 625.788 	 279.16 	 1 	 0 	 0 	 NaN 	 NaN 	 NaN 	 NaN 	 250 	 250 	 250 	 0 	 366.478 	 -18.2085 	 68.4684 	 0.167619 	 408.476 	 30 	 30 	 316.767 	 -88.9886 	 1 	 0 	 0 	 NaN 	 NaN 	 NaN 	 NaN 	 30 	 30 	 30 	 0 	  Tumour 
34 	 1265.31 	 548.026 	 1248.67 	 454.683 	 4698 	 99.3336 	 65.6809 	 0.750196 	 0.895028 	 311.605 	 1229.78 	 390.198 	 0.31729 	 843.722 	 1149.09 	 9824 	 0.913011 	 492.149 	 1206.08 	 909.474 	 735.321 	 0 	 0 	 0 	 531.849 	 0.584787 	 70 	 73 	 364.657 	 18.0288 	 1 	 0 	 0 	 NaN 	 NaN 	 NaN 	 NaN 	 70 	 70 	 70 	 0 	 348.058 	 94.9874 	 80.6391 	 0.206737 	 390.056 	 230 	 472 	 490.104 	 84.3491 	 3 	 1066.94 	 0.227106 	 20.4571 	 14.4355 	 17.6045 	 2.70407 	 120 	 36 	 76.6667 	 42.0634 	  Tumour 
35 	 1420.93 	 205.528 	 1372.06 	 354.239 	 6063 	 109.109 	 73.3129 	 0.740623 	 0.966677 	 330.836 	 1456.21 	 655.753 	 0.450316 	 655.337 	 1375.52 	 9983 	 0.859492 	 498.635 	 1677.91 	 1571.21 	 1397.05 	 0.0953437 	 1743.07 	 1551.24 	 194.91 	 0.124051 	 0 	 0 	 NaN 	 NaN 	 0 	 0 	 0 	 NaN 	 NaN 	 NaN 	 NaN 	 0 	 0 	 NaN 	 NaN 	 254.699 	 27.4767 	 39.8568 	 0.134335 	 296.698 	 0 	 0 	 NaN 	 NaN 	 0 	 0 	 0 	 NaN 	 NaN 	 NaN 	 NaN 	 0 	 0 	 NaN 	 NaN 	  Tumour 
36 	 1425.47 	 774.268 	 1467.93 	 188.534 	 4061 	 77.2221 	 68.788 	 0.454431 	 0.934422 	 275.966 	 1077.82 	 391.761 	 0.363475 	 607.43 	 997.132 	 4797 	 0.950654 	 279.823 	 768.411 	 702.636 	 528.483 	 0 	 0 	 0 	 512.618 	 0.729564 	 0 	 0 	 NaN 	 NaN 	 0 	 0 	 0 	 NaN 	 NaN 	 NaN 	 NaN 	 0 	 0 	 NaN 	 NaN 	 282.615 	 120.271 	 108.567 	 0.334451 	 324.614 	 430 	 902 	 481.123 	 75.368 	 5 	 588.881 	 0.145009 	 31.5626 	 11.9333 	 19.771 	 5.84161 	 94 	 81 	 86 	 4.79583 	  Tumour 
37 	 1502.72 	 115.223 	 1460.22 	 359.903 	 5626 	 102.619 	 70.2048 	 0.72936 	 0.943643 	 322.291 	 1110.62 	 389.279 	 0.350506 	 465.196 	 1029.93 	 7765 	 0.866339 	 411.019 	 1772.89 	 1748.2 	 1574.05 	 0.120112 	 1714.58 	 1746.9 	 527.164 	 0.301547 	 0 	 0 	 NaN 	 NaN 	 0 	 0 	 0 	 NaN 	 NaN 	 NaN 	 NaN 	 0 	 0 	 NaN 	 NaN 	 331.445 	 9.65598 	 83.6291 	 0.22394 	 373.443 	 0 	 0 	 NaN 	 NaN 	 0 	 0 	 0 	 NaN 	 NaN 	 NaN 	 NaN 	 0 	 0 	 NaN 	 NaN 	  Tumour 
38 	 1525.79 	 360.109 	 1479.38 	 192.094 	 3124 	 96.4454 	 43.4374 	 0.892835 	 0.903674 	 266.108 	 1005.34 	 399.69 	 0.397568 	 680.053 	 924.647 	 4660 	 0.820856 	 366.534 	 1016.95 	 933.658 	 759.505 	 0 	 0 	 0 	 603.326 	 0.646196 	 0 	 0 	 NaN 	 NaN 	 0 	 0 	 0 	 NaN 	 NaN 	 NaN 	 NaN 	 0 	 0 	 NaN 	 NaN 	 318.012 	 71.7899 	 122.714 	 0.340861 	 360.01 	 0 	 0 	 NaN 	 NaN 	 0 	 0 	 0 	 NaN 	 NaN 	 NaN 	 NaN 	 0 	 0 	 NaN 	 NaN 	  Tumour 
39 	 1555.89 	 260.673 	 1506 	 214.348 	 8725 	 119.478 	 93.6404 	 0.621079 	 0.97781 	 370.576 	 1386.97 	 515.333 	 0.371552 	 982.161 	 1306.28 	 9947 	 0.947604 	 417.262 	 1871.15 	 1717.97 	 1543.82 	 0 	 0 	 0 	 582.792 	 0.339232 	 71 	 72 	 545 	 198.372 	 1 	 0 	 0 	 NaN 	 NaN 	 NaN 	 NaN 	 71 	 71 	 71 	 0 	 291.077 	 39.9062 	 42.2701 	 0.126909 	 333.075 	 479 	 2148 	 552.067 	 146.312 	 7 	 1691.33 	 0.193848 	 57.7279 	 11.0903 	 31.4755 	 12.5595 	 121 	 44 	 68.4286 	 25.9734 	  Tumour 
40 	 1589.35 	 867.011 	 47.8017 	 188.534 	 1741 	 72.4864 	 32.0432 	 0.896986 	 0.944655 	 184.309 	 981.087 	 307.745 	 0.313678 	 764.409 	 900.397 	 2195 	 0.913822 	 209.723 	 454.041 	 467.277 	 293.123 	 0.271186 	 605.562 	 436.457 	 122.828 	 0.26286 	 0 	 0 	 NaN 	 NaN 	 0 	 0 	 0 	 NaN 	 NaN 	 NaN 	 NaN 	 0 	 0 	 NaN 	 NaN 	 89.2781 	 -13.8119 	 30.5066 	 0.232385 	 131.276 	 0 	 0 	 NaN 	 NaN 	 0 	 0 	 0 	 NaN 	 NaN 	 NaN 	 NaN 	 0 	 0 	 NaN 	 NaN 	  DCIS 
41 	 1635.5 	 853.594 	 911.299 	 201.022 	 2897 	 66.0819 	 56.6224 	 0.515562 	 0.964702 	 207.279 	 1034.51 	 284.937 	 0.275431 	 767.092 	 953.823 	 4383 	 0.823408 	 325.605 	 777.38 	 647.864 	 473.711 	 0.179487 	 581.653 	 644.845 	 223.646 	 0.345205 	 68 	 69 	 214.559 	 -132.07 	 1 	 0 	 0 	 NaN 	 NaN 	 NaN 	 NaN 	 68 	 68 	 68 	 0 	 118.162 	 17.091 	 29.8122 	 0.18614 	 160.16 	 78 	 80 	 377.91 	 -27.845 	 1 	 0 	 0 	 NaN 	 NaN 	 NaN 	 NaN 	 78 	 78 	 78 	 0 	  DCIS 
42 	 1711.91 	 408.128 	 964.566 	 107.935 	 475 	 29.7695 	 20.624 	 0.721139 	 0.969388 	 83.0122 	 718.128 	 212.474 	 0.295872 	 481.816 	 637.438 	 1118 	 0.97302 	 127.154 	 574.009 	 541.541 	 367.387 	 0 	 0 	 0 	 427.611 	 0.789619 	 0 	 0 	 NaN 	 NaN 	 0 	 0 	 0 	 NaN 	 NaN 	 NaN 	 NaN 	 0 	 0 	 NaN 	 NaN 	 106.737 	 22.9189 	 47.7664 	 0.321152 	 148.735 	 0 	 0 	 NaN 	 NaN 	 0 	 0 	 0 	 NaN 	 NaN 	 NaN 	 NaN 	 0 	 0 	 NaN 	 NaN 	  Other 
43 	 1718.86 	 719.471 	 964.217 	 75.9539 	 922 	 40.0113 	 29.9475 	 0.663161 	 0.94856 	 121.64 	 913.193 	 298.367 	 0.32673 	 682.377 	 832.503 	 1301 	 0.94687 	 144.468 	 485.869 	 415.064 	 240.911 	 0 	 0 	 0 	 182.086 	 0.438693 	 0 	 0 	 NaN 	 NaN 	 0 	 0 	 0 	 NaN 	 NaN 	 NaN 	 NaN 	 0 	 0 	 NaN 	 NaN 	 75.5105 	 18.1899 	 44.1481 	 0.375701 	 117.509 	 0 	 0 	 NaN 	 NaN 	 0 	 0 	 0 	 NaN 	 NaN 	 NaN 	 NaN 	 0 	 0 	 NaN 	 NaN 	  Other 
44 	 1794.89 	 477.321 	 1758.44 	 107.935 	 7685 	 145.666 	 70.4954 	 0.875094 	 0.929038 	 385.463 	 1809.65 	 634.289 	 0.350505 	 1217.78 	 1728.96 	 9317 	 0.853205 	 494.316 	 1447.62 	 1661.78 	 1487.63 	 0.347619 	 2197.21 	 1537.19 	 846.956 	 0.509668 	 127 	 130 	 393.449 	 46.8204 	 1 	 0 	 0 	 NaN 	 NaN 	 NaN 	 NaN 	 127 	 127 	 127 	 0 	 365.161 	 -4.75943 	 172.225 	 0.422991 	 407.16 	 670 	 1424 	 824.388 	 418.633 	 6 	 1917.38 	 0.249497 	 62.36 	 12.3694 	 27.9885 	 14.1549 	 181 	 55 	 111.667 	 48.3391 	  Tumour 
45 	 1793.58 	 730.751 	 1806.48 	 57.0789 	 4114 	 92.204 	 57.6349 	 0.780561 	 0.976501 	 256.007 	 1186.57 	 423.936 	 0.357279 	 855.373 	 1105.88 	 6939 	 0.846013 	 412.233 	 1142.38 	 1361.23 	 1187.07 	 0.422535 	 1888.93 	 1213.05 	 806.346 	 0.592367 	 45 	 45 	 325.267 	 -21.3617 	 1 	 0 	 0 	 NaN 	 NaN 	 NaN 	 NaN 	 45 	 45 	 45 	 0 	 121.759 	 -9.79487 	 35.5016 	 0.216794 	 163.757 	 87 	 89 	 394.103 	 -11.6518 	 1 	 0 	 0 	 NaN 	 NaN 	 NaN 	 NaN 	 87 	 87 	 87 	 0 	  Tumour 
46 	 1822.5 	 620.804 	 1809.38 	 116.417 	 9056 	 126.769 	 93.4181 	 0.675983 	 0.953665 	 389.889 	 1563.39 	 540.804 	 0.345917 	 1116.77 	 1482.7 	 10597 	 0.924937 	 469.387 	 2229.41 	 2572.05 	 2397.9 	 0.505076 	 2627.51 	 2540.35 	 504.453 	 0.196129 	 157 	 834 	 441.726 	 95.0977 	 3 	 3674.35 	 0.405737 	 41.6955 	 22.394 	 32.2706 	 8.63903 	 69 	 26 	 52.3333 	 23.0723 	 733.362 	 74.2936 	 81.7301 	 0.105409 	 775.36 	 669 	 2340 	 688.493 	 282.738 	 4 	 1258.8 	 0.139002 	 52.6182 	 18.1159 	 33.3312 	 9.76978 	 234 	 45 	 133.8 	 67.2176 	  Tumour 
47 	 1855.98 	 531.29 	 1826.22 	 189.381 	 9132 	 140.085 	 86.5151 	 0.786499 	 0.946616 	 417.546 	 1755.15 	 561.404 	 0.31986 	 1350.74 	 1674.46 	 10260 	 0.924658 	 465.144 	 1957.39 	 2106.97 	 1932.82 	 0.567775 	 2371.36 	 1991.55 	 698.077 	 0.331318 	 140 	 419 	 472.771 	 126.143 	 2 	 2049.53 	 0.224433 	 34.0409 	 34.0409 	 34.0409 	 0 	 71 	 69 	 70 	 1.41421 	 610.098 	 103.033 	 144.616 	 0.221771 	 652.097 	 622 	 1433 	 626.111 	 220.356 	 3 	 3259.93 	 0.356979 	 41.5055 	 15.3226 	 29.9498 	 9.38851 	 323 	 71 	 155.5 	 113.635 	  Tumour 
48 	 1851.3 	 734.007 	 1097.03 	 57.0789 	 1159 	 40.224 	 37.308 	 0.373808 	 0.939222 	 136.125 	 673.329 	 83.8207 	 0.124487 	 259.276 	 592.638 	 1818 	 0.93905 	 173.782 	 1788.07 	 1696.73 	 1522.58 	 0.728477 	 1673.97 	 1715.67 	 742.843 	 0.437809 	 0 	 0 	 NaN 	 NaN 	 0 	 0 	 0 	 NaN 	 NaN 	 NaN 	 NaN 	 0 	 0 	 NaN 	 NaN 	 366.102 	 10.4583 	 144.814 	 0.354849 	 408.1 	 45 	 45 	 297.822 	 -107.933 	 1 	 0 	 0 	 NaN 	 NaN 	 NaN 	 NaN 	 45 	 45 	 45 	 0 	  DCIS 
49 	 1870.66 	 780.421 	 1123.87 	 91.2688 	 2965 	 65.3726 	 57.9374 	 0.463181 	 0.982439 	 204.652 	 891.21 	 179.337 	 0.201229 	 546.141 	 810.519 	 4884 	 0.836731 	 339.706 	 1026.91 	 1196.25 	 1022.1 	 0.422145 	 1292.16 	 1165.42 	 485.688 	 0.406009 	 0 	 0 	 NaN 	 NaN 	 0 	 0 	 0 	 NaN 	 NaN 	 NaN 	 NaN 	 0 	 0 	 NaN 	 NaN 	 135.855 	 -7.56531 	 61.78 	 0.347365 	 177.853 	 137 	 182 	 290.08 	 -115.675 	 2 	 552.134 	 0.186217 	 9.981 	 9.981 	 9.981 	 0 	 98 	 39 	 68.5 	 41.7193 	  DCIS 
50 	 1925.02 	 803.963 	 1181.29 	 149.967 	 2157 	 68.7201 	 40.1396 	 0.811679 	 0.978231 	 182.894 	 822.094 	 181.622 	 0.220926 	 512.598 	 741.404 	 2998 	 0.912355 	 232.551 	 771.59 	 809.864 	 635.711 	 0.266332 	 943.811 	 787.965 	 174.171 	 0.215062 	 0 	 0 	 NaN 	 NaN 	 0 	 0 	 0 	 NaN 	 NaN 	 NaN 	 NaN 	 0 	 0 	 NaN 	 NaN 	 93.4195 	 1.24832 	 29.5457 	 0.218182 	 135.418 	 75 	 75 	 273.853 	 -131.902 	 1 	 0 	 0 	 NaN 	 NaN 	 NaN 	 NaN 	 75 	 75 	 75 	 0 	  DCIS 
51 	 1979.08 	 799.337 	 1233.53 	 107.415 	 2098 	 60.6309 	 46.1999 	 0.647594 	 0.940807 	 188.024 	 821.357 	 236.33 	 0.287731 	 540.378 	 740.667 	 3212 	 0.873538 	 263.966 	 628.691 	 686.33 	 512.177 	 0.0347826 	 663.25 	 684.42 	 245.587 	 0.357826 	 0 	 0 	 NaN 	 NaN 	 0 	 0 	 0 	 NaN 	 NaN 	 NaN 	 NaN 	 0 	 0 	 NaN 	 NaN 	 61.8941 	 -5.26063 	 21.3859 	 0.205847 	 103.892 	 104 	 123 	 206.76 	 -198.996 	 1 	 0 	 0 	 NaN 	 NaN 	 NaN 	 NaN 	 104 	 104 	 104 	 0 	  DCIS 
52 	 2066.1 	 862.44 	 2103.96 	 107.415 	 3272 	 102.119 	 43.2262 	 0.905993 	 0.956725 	 260.409 	 953.874 	 285.877 	 0.299701 	 671.386 	 873.183 	 6520 	 0.917405 	 378.09 	 845.783 	 806.978 	 632.825 	 0 	 0 	 804.231 	 326.307 	 0.404357 	 0 	 0 	 NaN 	 NaN 	 0 	 0 	 0 	 NaN 	 NaN 	 NaN 	 NaN 	 0 	 0 	 NaN 	 NaN 	 86.0758 	 -16.7362 	 30.456 	 0.2378 	 128.074 	 0 	 0 	 NaN 	 NaN 	 0 	 0 	 0 	 NaN 	 NaN 	 NaN 	 NaN 	 0 	 0 	 NaN 	 NaN 	  Tumour 
53 	 2082.02 	 318.854 	 2032.86 	 216.363 	 7359 	 128.366 	 80.361 	 0.779801 	 0.87628 	 404.392 	 2670.28 	 737.129 	 0.27605 	 1685.52 	 2589.58 	 8019 	 0.779982 	 465.446 	 2546.62 	 2843.47 	 2669.31 	 0.74 	 2840.66 	 2839.45 	 219.888 	 0.077331 	 128 	 486 	 578.742 	 232.114 	 2 	 1589.88 	 0.216045 	 44.3265 	 44.3265 	 44.3265 	 0 	 72 	 56 	 64 	 11.3137 	 676.491 	 7.17155 	 59.892 	 0.0833582 	 718.489 	 374 	 1148 	 745.217 	 339.461 	 4 	 734.11 	 0.0997568 	 69.3691 	 11.4018 	 36.9109 	 23.1998 	 134 	 45 	 93.5 	 37.6165 	  Tumour 
54 	 2096.41 	 390.731 	 2050.19 	 286.009 	 6644 	 122.817 	 71.0829 	 0.815489 	 0.971629 	 341.948 	 2344.85 	 743.739 	 0.31718 	 1534.85 	 2264.16 	 8621 	 0.933514 	 430.818 	 2274.06 	 2630.47 	 2456.32 	 0.306452 	 2798.34 	 2584.42 	 362.239 	 0.137709 	 112 	 600 	 478.688 	 132.059 	 2 	 218.275 	 0.0328529 	 56.3094 	 56.3094 	 56.3094 	 0 	 64 	 48 	 56 	 11.3137 	 758.201 	 39.4946 	 83.0653 	 0.103806 	 800.199 	 456 	 1172 	 794.721 	 388.966 	 4 	 963.479 	 0.145015 	 46.4318 	 9.51315 	 25.5926 	 11.6429 	 170 	 45 	 114 	 64.0469 	  Tumour 
55 	 2112.29 	 260.012 	 2062 	 154.208 	 5795 	 123.447 	 66.2356 	 0.843869 	 0.781735 	 415.304 	 1864.58 	 696.867 	 0.373739 	 1398.71 	 1783.89 	 6869 	 0.723281 	 449.588 	 1861.31 	 2054.7 	 1880.54 	 0.75 	 2331.51 	 1887.9 	 737.061 	 0.35872 	 95 	 668 	 383.663 	 37.0348 	 2 	 1214.01 	 0.209493 	 77.2841 	 77.2841 	 77.2841 	 0 	 50 	 45 	 47.5 	 3.53553 	 435.275 	 186.84 	 167.023 	 0.349953 	 477.274 	 0 	 0 	 NaN 	 NaN 	 0 	 0 	 0 	 NaN 	 NaN 	 NaN 	 NaN 	 0 	 0 	 NaN 	 NaN 	  Tumour 
56 	 2119.91 	 105.626 	 1438.45 	 121.631 	 2290 	 101.152 	 30.2991 	 0.954083 	 0.879079 	 245.865 	 910.224 	 246.045 	 0.270312 	 690.421 	 829.533 	 2964 	 0.903934 	 265.38 	 410.757 	 370.303 	 196.15 	 0 	 0 	 0 	 116.195 	 0.313783 	 0 	 0 	 NaN 	 NaN 	 0 	 0 	 0 	 NaN 	 NaN 	 NaN 	 NaN 	 0 	 0 	 NaN 	 NaN 	 40.021 	 3.93461 	 13.845 	 0.168802 	 82.0192 	 88 	 93 	 190.682 	 -215.073 	 1 	 0 	 0 	 NaN 	 NaN 	 NaN 	 NaN 	 88 	 88 	 88 	 0 	  DCIS 
57 	 2100.98 	 703.466 	 1342.11 	 77.9872 	 1033 	 46.2701 	 28.7179 	 0.784081 	 0.965421 	 127.054 	 912.331 	 219.74 	 0.240856 	 673.844 	 831.641 	 2065 	 0.967666 	 188.894 	 434.961 	 469.274 	 295.121 	 0.0955414 	 826.467 	 451.243 	 218.934 	 0.466537 	 0 	 0 	 NaN 	 NaN 	 0 	 0 	 0 	 NaN 	 NaN 	 NaN 	 NaN 	 0 	 0 	 NaN 	 NaN 	 50.0386 	 -0.977135 	 18.7301 	 0.203507 	 92.0368 	 0 	 0 	 NaN 	 NaN 	 0 	 0 	 0 	 NaN 	 NaN 	 NaN 	 NaN 	 0 	 0 	 NaN 	 NaN 	  DCIS 
58 	 2160.42 	 753.819 	 2167.06 	 77.9872 	 10354 	 116.915 	 113.197 	 0.250184 	 0.976977 	 391.747 	 1444.02 	 430.046 	 0.297811 	 1031.41 	 1363.33 	 12361 	 0.939643 	 473.889 	 1672.32 	 1917.78 	 1743.62 	 0.322034 	 2633.95 	 1767.65 	 796.131 	 0.415132 	 124 	 366 	 436.274 	 89.6458 	 2 	 366.896 	 0.0354352 	 31.6431 	 31.6431 	 31.6431 	 0 	 67 	 57 	 62 	 7.07107 	 526.544 	 124.935 	 241.651 	 0.425036 	 568.542 	 744 	 3213 	 548.001 	 142.246 	 6 	 1869.32 	 0.180541 	 63.0964 	 15.6241 	 40.2053 	 15.5942 	 155 	 45 	 106.286 	 40.4834 	  Tumour 
59 	 2165.47 	 218.556 	 2115.4 	 121.631 	 5174 	 98.9137 	 66.9267 	 0.736335 	 0.956024 	 289.765 	 1923.56 	 612.852 	 0.318602 	 1551.63 	 1842.87 	 6227 	 0.899595 	 362.434 	 1300.76 	 1471.46 	 1297.31 	 0.576052 	 1934.57 	 1272.62 	 651.98 	 0.443083 	 0 	 0 	 NaN 	 NaN 	 0 	 0 	 0 	 NaN 	 NaN 	 NaN 	 NaN 	 0 	 0 	 NaN 	 NaN 	 271.1 	 113.732 	 141.906 	 0.453233 	 313.098 	 159 	 853 	 544.591 	 138.836 	 3 	 824.799 	 0.159412 	 62.3793 	 29.4021 	 42.0735 	 15.8893 	 87 	 27 	 53 	 30.7896 	  Tumour 
60 	 2171.88 	 373.451 	 2125.01 	 272.017 	 4050 	 112.266 	 47.5696 	 0.905793 	 0.890501 	 309.765 	 2474.36 	 541.392 	 0.2188 	 1317.17 	 2393.67 	 5485 	 0.859179 	 385.262 	 2448.03 	 2687.1 	 2512.94 	 0.870091 	 2671.99 	 2699.36 	 400.266 	 0.148959 	 61 	 63 	 513.623 	 166.995 	 1 	 0 	 0 	 NaN 	 NaN 	 NaN 	 NaN 	 61 	 61 	 61 	 0 	 526.754 	 -127.404 	 90.3569 	 0.158869 	 568.753 	 0 	 0 	 NaN 	 NaN 	 0 	 0 	 0 	 NaN 	 NaN 	 NaN 	 NaN 	 0 	 0 	 NaN 	 NaN 	  Tumour 
61 	 2216.61 	 314.585 	 2167.7 	 230.413 	 10996 	 143.181 	 101.044 	 0.708504 	 0.937905 	 445.345 	 1951.74 	 611.088 	 0.3131 	 1229.58 	 1871.05 	 12807 	 0.906626 	 530.742 	 2097.76 	 2507.69 	 2333.54 	 0.835955 	 2476.88 	 2528.55 	 324.978 	 0.129592 	 76 	 80 	 407.987 	 61.3585 	 1 	 0 	 0 	 NaN 	 NaN 	 NaN 	 NaN 	 76 	 76 	 76 	 0 	 632.674 	 -80.6549 	 64.2008 	 0.0951585 	 674.672 	 438 	 1405 	 672.897 	 267.142 	 5 	 1665.57 	 0.15147 	 45.2647 	 10.1732 	 27.5098 	 10.4372 	 126 	 74 	 87.6 	 21.8701 	  Tumour 
62 	 2227.8 	 463.235 	 2187.44 	 271.531 	 4932 	 102.378 	 62.0941 	 0.795069 	 0.959346 	 289.706 	 1529.14 	 529.302 	 0.346144 	 984.267 	 1448.45 	 6933 	 0.86371 	 417.546 	 1595.05 	 1643.57 	 1469.42 	 0.402817 	 2404.03 	 1452.32 	 988.418 	 0.601385 	 77 	 78 	 346.844 	 0.215769 	 1 	 0 	 0 	 NaN 	 NaN 	 NaN 	 NaN 	 77 	 77 	 77 	 0 	 334.085 	 67.0055 	 154.955 	 0.412023 	 376.084 	 184 	 739 	 455.304 	 49.5491 	 3 	 1624.08 	 0.329295 	 35.5547 	 20.1121 	 28.1885 	 6.92803 	 82 	 45 	 61.3333 	 18.8768 	  Tumour 
63 	 2246.72 	 703.708 	 2241.42 	 146.003 	 9459 	 135.099 	 93.187 	 0.724029 	 0.885508 	 498.416 	 1672.05 	 721.345 	 0.431413 	 1079.59 	 1591.36 	 11373 	 0.829419 	 534.86 	 1970.69 	 1982.33 	 1808.18 	 0.618337 	 2400.98 	 1802.38 	 862.707 	 0.435197 	 0 	 0 	 NaN 	 NaN 	 0 	 0 	 0 	 NaN 	 NaN 	 NaN 	 NaN 	 0 	 0 	 NaN 	 NaN 	 510.605 	 197.034 	 180.687 	 0.326975 	 552.603 	 90 	 141 	 746.089 	 340.334 	 2 	 2254.6 	 0.238355 	 12.3693 	 12.3693 	 12.3693 	 0 	 45 	 45 	 45 	 0 	  Tumour 
64 	 2261.67 	 236.88 	 2212.12 	 193.197 	 7237 	 129.622 	 73.3957 	 0.824249 	 0.902032 	 400.777 	 1633.39 	 532.558 	 0.326045 	 1219.97 	 1552.7 	 8035 	 0.914627 	 405.99 	 1996.07 	 1917.56 	 1743.41 	 0.672414 	 2295.4 	 1718.43 	 720.755 	 0.37587 	 135 	 219 	 423.437 	 76.8086 	 2 	 1455.54 	 0.201124 	 16.6515 	 16.6515 	 16.6515 	 0 	 70 	 65 	 67.5 	 3.53553 	 484.677 	 225.408 	 156.799 	 0.297715 	 526.675 	 715 	 3315 	 561.327 	 155.572 	 7 	 1373.98 	 0.189855 	 104.25 	 12.8388 	 47.2844 	 25.8778 	 272 	 46 	 102.143 	 79.4301 	  Tumour 
65 	 2264.47 	 431.319 	 2220.59 	 317.101 	 3009 	 119.486 	 38.6115 	 0.946349 	 0.756981 	 309.463 	 1213.43 	 364.029 	 0.299999 	 509.414 	 1132.74 	 5329 	 0.819468 	 390.96 	 2190.63 	 2011.14 	 1836.99 	 0.625698 	 2549 	 1787.71 	 894.911 	 0.444977 	 0 	 0 	 NaN 	 NaN 	 0 	 0 	 0 	 NaN 	 NaN 	 NaN 	 NaN 	 0 	 0 	 NaN 	 NaN 	 652.155 	 75.2894 	 140.449 	 0.202331 	 694.153 	 83 	 89 	 458.783 	 53.0279 	 1 	 0 	 0 	 NaN 	 NaN 	 NaN 	 NaN 	 83 	 83 	 83 	 0 	  Tumour 
66 	 2323.81 	 397.089 	 2278.12 	 355.383 	 6010 	 97.1488 	 79.6937 	 0.571895 	 0.976601 	 302.007 	 1355.48 	 457.148 	 0.33726 	 913.328 	 1274.79 	 7812 	 0.919925 	 408.475 	 2522.79 	 2597.44 	 2423.29 	 0.422414 	 2767.56 	 2546.21 	 326.319 	 0.125631 	 0 	 0 	 NaN 	 NaN 	 0 	 0 	 0 	 NaN 	 NaN 	 NaN 	 NaN 	 0 	 0 	 NaN 	 NaN 	 737.014 	 81.6162 	 96.4753 	 0.123843 	 779.012 	 335 	 738 	 577.743 	 171.988 	 2 	 1270.53 	 0.211403 	 24.1763 	 17.5019 	 21.751 	 3.30232 	 136 	 71 	 111.667 	 35.4448 	  Tumour 
67 	 2307.84 	 748.295 	 2310.13 	 211.835 	 3409 	 81.9464 	 53.1816 	 0.760805 	 0.978192 	 232.894 	 2433.92 	 1068.61 	 0.439047 	 1779.77 	 2353.23 	 7667 	 0.691344 	 548.659 	 1455.13 	 1328.5 	 1154.35 	 0.36478 	 2067.59 	 1158.32 	 924.103 	 0.695597 	 37 	 37 	 393.108 	 46.4797 	 1 	 0 	 0 	 NaN 	 NaN 	 NaN 	 NaN 	 37 	 37 	 37 	 0 	 301.104 	 84.4431 	 116.16 	 0.338557 	 343.102 	 81 	 82 	 600.728 	 194.973 	 1 	 0 	 0 	 NaN 	 NaN 	 NaN 	 NaN 	 81 	 81 	 81 	 0 	  Tumour 
68 	 2334.79 	 298.846 	 2285.33 	 288.919 	 7331 	 113.337 	 90.6087 	 0.600716 	 0.868293 	 393.789 	 1132.38 	 304.709 	 0.269087 	 735.402 	 1051.69 	 10159 	 0.859403 	 513.973 	 2120.64 	 2260.93 	 2086.77 	 0.353075 	 2540.37 	 2182.46 	 504.942 	 0.223334 	 61 	 61 	 361.951 	 15.3224 	 1 	 0 	 0 	 NaN 	 NaN 	 NaN 	 NaN 	 61 	 61 	 61 	 0 	 590.911 	 25.8167 	 73.465 	 0.116075 	 632.91 	 63 	 63 	 497.476 	 91.7209 	 1 	 0 	 0 	 NaN 	 NaN 	 NaN 	 NaN 	 63 	 63 	 63 	 0 	  Tumour 
69 	 2503.89 	 293.971 	 2454.24 	 427.551 	 2929 	 88.4152 	 42.6431 	 0.876003 	 0.968585 	 226.652 	 1010.24 	 259.68 	 0.257049 	 668.441 	 929.548 	 8481 	 0.89727 	 423.848 	 1330.17 	 1433.64 	 1259.49 	 0.310811 	 1289.36 	 1462.98 	 460.498 	 0.321208 	 0 	 0 	 NaN 	 NaN 	 0 	 0 	 0 	 NaN 	 NaN 	 NaN 	 NaN 	 0 	 0 	 NaN 	 NaN 	 73.0766 	 -26.8382 	 32.0305 	 0.278345 	 115.075 	 62 	 63 	 183.371 	 -222.384 	 1 	 0 	 0 	 NaN 	 NaN 	 NaN 	 NaN 	 62 	 62 	 62 	 0 	  Tumour 
70 	 2565.97 	 400.427 	 2519.89 	 534.183 	 4536 	 86.2154 	 68.1841 	 0.612 	 0.97089 	 266.836 	 1105.32 	 349.025 	 0.315767 	 724.795 	 1024.63 	 8492 	 0.879818 	 445.161 	 1342.37 	 1493.03 	 1318.88 	 0.350515 	 1359.21 	 1523.14 	 276.498 	 0.185192 	 0 	 0 	 NaN 	 NaN 	 0 	 0 	 0 	 NaN 	 NaN 	 NaN 	 NaN 	 0 	 0 	 NaN 	 NaN 	 190.205 	 -2.22579 	 32.5017 	 0.139971 	 232.204 	 220 	 1096 	 333.373 	 -72.3826 	 3 	 561.894 	 0.123874 	 36.2557 	 32.3011 	 34.131 	 1.78321 	 88 	 64 	 73.3333 	 12.8582 	  Tumour 
71 	 2598.05 	 519.109 	 2561.13 	 529.967 	 6903 	 117.104 	 77.4543 	 0.750022 	 0.945616 	 348.534 	 1517.09 	 547.818 	 0.361097 	 1034.13 	 1436.4 	 9100 	 0.832342 	 474.517 	 1702.48 	 1475.54 	 1301.38 	 0.199017 	 2612.09 	 1342.57 	 1059.63 	 0.718135 	 130 	 367 	 495.223 	 148.595 	 2 	 1788.33 	 0.259066 	 29.9665 	 29.9665 	 29.9665 	 0 	 68 	 62 	 65 	 4.24264 	 202.228 	 51.7195 	 94.1587 	 0.385538 	 244.227 	 83 	 85 	 463.783 	 58.0279 	 1 	 0 	 0 	 NaN 	 NaN 	 NaN 	 NaN 	 83 	 83 	 83 	 0 	  Tumour 
72 	 2578.58 	 323.123 	 2529.78 	 507.711 	 3519 	 77.6697 	 59.2856 	 0.646039 	 0.972368 	 234.309 	 1071.66 	 263.341 	 0.245732 	 742.52 	 990.971 	 5649 	 0.797881 	 376.434 	 1015.97 	 1089.59 	 915.441 	 0.563077 	 1234.04 	 1028.25 	 246.759 	 0.226469 	 0 	 0 	 NaN 	 NaN 	 0 	 0 	 0 	 NaN 	 NaN 	 NaN 	 NaN 	 0 	 0 	 NaN 	 NaN 	 77.6756 	 -10.9541 	 20.8435 	 0.174169 	 119.674 	 67 	 68 	 291.94 	 -113.815 	 1 	 0 	 0 	 NaN 	 NaN 	 NaN 	 NaN 	 67 	 67 	 67 	 0 	  Tumour 
73 	 2683.79 	 486.988 	 2643.76 	 621.727 	 2801 	 72.6228 	 49.7432 	 0.728587 	 0.984534 	 203.539 	 2073.28 	 826.828 	 0.398803 	 1171.58 	 1992.59 	 3667 	 0.946078 	 245.48 	 2039.94 	 2016.56 	 1842.4 	 0.383178 	 2581.18 	 1872.52 	 737.436 	 0.365691 	 0 	 0 	 NaN 	 NaN 	 0 	 0 	 0 	 NaN 	 NaN 	 NaN 	 NaN 	 0 	 0 	 NaN 	 NaN 	 299.962 	 48.4133 	 52.2621 	 0.152831 	 341.96 	 0 	 0 	 NaN 	 NaN 	 0 	 0 	 0 	 NaN 	 NaN 	 NaN 	 NaN 	 0 	 0 	 NaN 	 NaN 	  Tumour 
74 	 3061.31 	 998.736 	 2333.83 	 92.6553 	 3241 	 74.8237 	 55.3793 	 0.672463 	 0.976499 	 222.451 	 957.374 	 441.61 	 0.461272 	 674.565 	 876.683 	 9643 	 0.846843 	 485.723 	 1138.82 	 1408.4 	 1234.25 	 0.251656 	 2124.68 	 1272.15 	 524.259 	 0.372236 	 0 	 0 	 NaN 	 NaN 	 0 	 0 	 0 	 NaN 	 NaN 	 NaN 	 NaN 	 0 	 0 	 NaN 	 NaN 	 45.9808 	 -23.2569 	 14.8333 	 0.168601 	 87.979 	 111 	 141 	 177.198 	 -228.557 	 1 	 0 	 0 	 NaN 	 NaN 	 NaN 	 NaN 	 111 	 111 	 111 	 0 	  DCIS 
75 	 3114.19 	 923.497 	 3134.91 	 92.6553 	 4853 	 90.6892 	 70.5209 	 0.628746 	 0.979415 	 273.38 	 2479.72 	 1109.78 	 0.447544 	 1666.13 	 2399.03 	 7820 	 0.918811 	 395.38 	 2382.12 	 2107.92 	 1933.76 	 0.31856 	 2103.19 	 2107.82 	 845.165 	 0.400948 	 66 	 66 	 434.227 	 87.5989 	 1 	 0 	 0 	 NaN 	 NaN 	 NaN 	 NaN 	 66 	 66 	 66 	 0 	 340.166 	 45.619 	 64.0634 	 0.167633 	 382.164 	 0 	 0 	 NaN 	 NaN 	 0 	 0 	 0 	 NaN 	 NaN 	 NaN 	 NaN 	 0 	 0 	 NaN 	 NaN 	  Tumour 
76 	 3372.36 	 960.266 	 3394.95 	 283.595 	 6888 	 106.649 	 83.5125 	 0.621951 	 0.963491 	 334.392 	 780.481 	 514.662 	 0.659416 	 529.677 	 699.791 	 15489 	 0.847598 	 593.747 	 1463.61 	 1388.83 	 1214.67 	 0.227188 	 912.066 	 1451.12 	 1069.48 	 0.77006 	 0 	 0 	 NaN 	 NaN 	 0 	 0 	 0 	 NaN 	 NaN 	 NaN 	 NaN 	 0 	 0 	 NaN 	 NaN 	 121.303 	 2.6261 	 84.1197 	 0.51512 	 163.301 	 149 	 530 	 263.503 	 -142.252 	 2 	 1504.87 	 0.218477 	 44.356 	 44.356 	 44.356 	 0 	 85 	 64 	 74.5 	 14.8492 	  Tumour 
77 	 3400.38 	 875.241 	 3405.98 	 360.967 	 9595 	 129.29 	 97.5099 	 0.656652 	 0.945507 	 449.588 	 846.433 	 404.021 	 0.477322 	 607.283 	 765.743 	 14668 	 0.869988 	 595.664 	 704.764 	 794.152 	 619.999 	 0.220615 	 911.098 	 776.368 	 428.051 	 0.539004 	 0 	 0 	 NaN 	 NaN 	 0 	 0 	 0 	 NaN 	 NaN 	 NaN 	 NaN 	 0 	 0 	 NaN 	 NaN 	 60.4768 	 -41.1947 	 41.4505 	 0.404494 	 102.475 	 45 	 45 	 132.4 	 -273.355 	 1 	 0 	 0 	 NaN 	 NaN 	 NaN 	 NaN 	 45 	 45 	 45 	 0 	  Tumour 
78 	 3414.45 	 311.599 	 3364.4 	 772.385 	 11436 	 174.798 	 85.3893 	 0.872562 	 0.900827 	 471.571 	 1888.98 	 646.599 	 0.342302 	 1120.35 	 1808.29 	 13070 	 0.910865 	 546.492 	 1557.59 	 1489.94 	 1315.79 	 0.252485 	 2687.8 	 1290.58 	 776.514 	 0.52117 	 110 	 452 	 388.3 	 41.6716 	 2 	 1995.62 	 0.174503 	 48.4441 	 48.4441 	 48.4441 	 0 	 65 	 45 	 55 	 14.1421 	 182.516 	 69.1359 	 153.489 	 0.683648 	 224.515 	 379 	 2687 	 300.396 	 -105.36 	 5 	 630.927 	 0.0551703 	 98.7503 	 16.2839 	 52.5744 	 28.449 	 86 	 60 	 75.8 	 10.1587 	  Tumour 
79 	 3526.23 	 304.215 	 3476.28 	 836.212 	 8999 	 136.344 	 86.3982 	 0.773598 	 0.937396 	 399.061 	 1943.05 	 986.588 	 0.507751 	 1556.18 	 1862.36 	 15840 	 0.878731 	 621.161 	 1584.46 	 1133.38 	 959.224 	 0.225177 	 2661.35 	 937.188 	 929.294 	 0.819933 	 78 	 82 	 415.167 	 68.5383 	 1 	 0 	 0 	 NaN 	 NaN 	 NaN 	 NaN 	 78 	 78 	 78 	 0 	 518.322 	 225.184 	 242.669 	 0.43309 	 560.32 	 388 	 1005 	 638.113 	 232.358 	 5 	 1809.7 	 0.2011 	 51.6698 	 10.1242 	 25.5415 	 12.5185 	 90 	 45 	 77.6 	 19.1128 	  Tumour 
80 	 3936.65 	 174.196 	 3887.95 	 906.035 	 4229 	 88.6753 	 65.145 	 0.67845 	 0.923766 	 279.522 	 1138.17 	 524.213 	 0.460573 	 753.894 	 1057.48 	 6120 	 0.945612 	 341.539 	 552.533 	 438 	 263.847 	 0 	 0 	 0 	 267.499 	 0.610728 	 0 	 0 	 NaN 	 NaN 	 0 	 0 	 0 	 NaN 	 NaN 	 NaN 	 NaN 	 0 	 0 	 NaN 	 NaN 	 89.6937 	 32.0969 	 50.3442 	 0.382287 	 131.692 	 184 	 258 	 329.505 	 -76.2498 	 2 	 821.172 	 0.194176 	 14.3724 	 14.3724 	 14.3724 	 0 	 95 	 89 	 92 	 4.24264 	  Tumour 
81 	 2973.44 	 1843.93 	 2542.09 	 353.782 	 3407 	 83.8361 	 54.4135 	 0.76075 	 0.955948 	 238.61 	 160.216 	 56.8575 	 0.354879 	 -49.5721 	 79.5258 	 5012 	 0.966076 	 291.598 	 216.655 	 216.354 	 42.2002 	 0 	 0 	 0 	 16.8589 	 0.0779229 	 0 	 0 	 NaN 	 NaN 	 0 	 0 	 0 	 NaN 	 NaN 	 NaN 	 NaN 	 0 	 0 	 NaN 	 NaN 	 -3.15054 	 -0.110667 	 2.32199 	 0.0597717 	 38.8477 	 0 	 0 	 NaN 	 NaN 	 0 	 0 	 0 	 NaN 	 NaN 	 NaN 	 NaN 	 0 	 0 	 NaN 	 NaN 	  DCIS 
82 	 3074.11 	 1748.31 	 2585.8 	 378.857 	 5167 	 104.589 	 64.0103 	 0.790843 	 0.985317 	 281.238 	 202.333 	 108.38 	 0.535652 	 65.8954 	 121.643 	 6984 	 0.953838 	 348.711 	 223.894 	 216.598 	 42.4442 	 0.164634 	 212.204 	 216.445 	 11.261 	 0.0519904 	 45 	 45 	 61.2 	 -285.428 	 1 	 0 	 0 	 NaN 	 NaN 	 NaN 	 NaN 	 45 	 45 	 45 	 0 	 -1.15226 	 2.09069 	 4.49574 	 0.110066 	 40.8459 	 0 	 0 	 NaN 	 NaN 	 0 	 0 	 0 	 NaN 	 NaN 	 NaN 	 NaN 	 0 	 0 	 NaN 	 NaN 	  DCIS 
83 	 3060.67 	 1818.23 	 2606.54 	 403.15 	 3942 	 73.2731 	 69.1777 	 0.329637 	 0.975984 	 249.196 	 188.379 	 56.8808 	 0.301949 	 54.3693 	 107.688 	 5201 	 0.985411 	 278.912 	 216.602 	 211.348 	 37.1951 	 0.170455 	 211.8 	 211.257 	 8.84336 	 0.0418426 	 45 	 45 	 51.9111 	 -294.717 	 1 	 0 	 0 	 NaN 	 NaN 	 NaN 	 NaN 	 45 	 45 	 45 	 0 	 -2.13342 	 1.18441 	 2.79807 	 0.0701891 	 39.8648 	 0 	 0 	 NaN 	 NaN 	 0 	 0 	 0 	 NaN 	 NaN 	 NaN 	 NaN 	 0 	 0 	 NaN 	 NaN 	  DCIS 
84 	 3112.61 	 1521.58 	 2528.62 	 340.001 	 3935 	 76.9134 	 67.3466 	 0.483009 	 0.898197 	 282.693 	 230.87 	 101.305 	 0.438794 	 50.3564 	 150.18 	 5825 	 0.944697 	 318.711 	 236.504 	 230.282 	 56.1285 	 0 	 0 	 0 	 11.6816 	 0.0507273 	 0 	 0 	 NaN 	 NaN 	 0 	 0 	 0 	 NaN 	 NaN 	 NaN 	 NaN 	 0 	 0 	 NaN 	 NaN 	 -0.804817 	 1.15429 	 3.34014 	 0.0810844 	 41.1934 	 0 	 0 	 NaN 	 NaN 	 0 	 0 	 0 	 NaN 	 NaN 	 NaN 	 NaN 	 0 	 0 	 NaN 	 NaN 	  DCIS 
85 	 3185.91 	 1794.47 	 2706.54 	 380.434 	 2612 	 80.3138 	 43.2623 	 0.842519 	 0.914886 	 229.095 	 259.295 	 249.084 	 0.96062 	 77.601 	 178.605 	 4150 	 0.952709 	 276.569 	 227.8 	 218.581 	 44.4274 	 0 	 0 	 0 	 10.6918 	 0.0489145 	 0 	 0 	 NaN 	 NaN 	 0 	 0 	 0 	 NaN 	 NaN 	 NaN 	 NaN 	 0 	 0 	 NaN 	 NaN 	 -0.914366 	 1.12235 	 4.85834 	 0.118254 	 41.0838 	 0 	 0 	 NaN 	 NaN 	 0 	 0 	 0 	 NaN 	 NaN 	 NaN 	 NaN 	 0 	 0 	 NaN 	 NaN 	  DCIS 
86 	 3271.09 	 1224.63 	 2587.15 	 283.595 	 3372 	 84.1007 	 51.5411 	 0.7902 	 0.990599 	 224.024 	 279.743 	 134.721 	 0.481587 	 79.7481 	 199.053 	 4860 	 0.951076 	 290.912 	 297.16 	 333.902 	 159.749 	 0.15942 	 246.455 	 338.004 	 203.418 	 0.609215 	 0 	 0 	 NaN 	 NaN 	 0 	 0 	 0 	 NaN 	 NaN 	 NaN 	 NaN 	 0 	 0 	 NaN 	 NaN 	 1.96057 	 -4.96766 	 5.74509 	 0.130693 	 43.9588 	 45 	 45 	 76.5333 	 -329.222 	 1 	 0 	 0 	 NaN 	 NaN 	 NaN 	 NaN 	 45 	 45 	 45 	 0 	  DCIS 
87 	 3269.41 	 1281.12 	 2599.62 	 304.007 	 1591 	 69.7583 	 29.8196 	 0.904029 	 0.91542 	 176.752 	 670.756 	 288.401 	 0.429963 	 482.581 	 590.066 	 2986 	 0.943742 	 233.255 	 265.312 	 246.805 	 72.6512 	 0.209091 	 247.043 	 245.822 	 10.7314 	 0.0434813 	 0 	 0 	 NaN 	 NaN 	 0 	 0 	 0 	 NaN 	 NaN 	 NaN 	 NaN 	 0 	 0 	 NaN 	 NaN 	 7.861 	 8.93132 	 9.1217 	 0.182949 	 49.8592 	 0 	 0 	 NaN 	 NaN 	 0 	 0 	 0 	 NaN 	 NaN 	 NaN 	 NaN 	 0 	 0 	 NaN 	 NaN 	  DCIS 
88 	 3352.5 	 1598.8 	 2780.12 	 125.603 	 3116 	 77.2485 	 52.5666 	 0.73276 	 0.952614 	 239.196 	 232.193 	 132.551 	 0.570866 	 77.971 	 151.502 	 4573 	 0.978391 	 268.77 	 240.612 	 234.624 	 60.4707 	 0 	 0 	 0 	 18.3778 	 0.0783289 	 90 	 287 	 57.9111 	 -288.717 	 2 	 763.757 	 0.245108 	 34.0147 	 34.0147 	 34.0147 	 0 	 45 	 45 	 45 	 0 	 1.13048 	 2.87078 	 4.78022 	 0.110836 	 43.1287 	 0 	 0 	 NaN 	 NaN 	 0 	 0 	 0 	 NaN 	 NaN 	 NaN 	 NaN 	 0 	 0 	 NaN 	 NaN 	  DCIS 
89 	 3349.86 	 1842.26 	 2874.88 	 335.216 	 2735 	 80.1563 	 45.509 	 0.823199 	 0.889431 	 236.693 	 1176.32 	 916.236 	 0.7789 	 874.485 	 1095.63 	 4201 	 0.925738 	 294.711 	 645.636 	 461.434 	 287.281 	 0 	 0 	 0 	 291.636 	 0.632022 	 0 	 0 	 NaN 	 NaN 	 0 	 0 	 0 	 NaN 	 NaN 	 NaN 	 NaN 	 0 	 0 	 NaN 	 NaN 	 117.924 	 80.9814 	 67.0636 	 0.419351 	 159.922 	 180 	 249 	 227.117 	 -178.639 	 2 	 324.454 	 0.11863 	 12.0404 	 12.0404 	 12.0404 	 0 	 90 	 90 	 90 	 0 	  DCIS 
90 	 3400.07 	 1307.61 	 2733.09 	 221.436 	 2332 	 83.5343 	 37.9579 	 0.890798 	 0.894172 	 216.066 	 666.024 	 331.057 	 0.497065 	 474.054 	 585.334 	 3887 	 0.93753 	 269.74 	 277.378 	 248.063 	 73.9097 	 0 	 0 	 0 	 29.0326 	 0.117037 	 0 	 0 	 NaN 	 NaN 	 0 	 0 	 0 	 NaN 	 NaN 	 NaN 	 NaN 	 0 	 0 	 NaN 	 NaN 	 4.87615 	 5.52471 	 6.4249 	 0.137066 	 46.8744 	 0 	 0 	 NaN 	 NaN 	 0 	 0 	 0 	 NaN 	 NaN 	 NaN 	 NaN 	 0 	 0 	 NaN 	 NaN 	  DCIS 
91 	 3453.29 	 1522.52 	 3629.82 	 125.603 	 5527 	 87.5598 	 82.2677 	 0.342384 	 0.927505 	 336.693 	 316.739 	 171.697 	 0.542079 	 150.099 	 236.048 	 7578 	 0.963877 	 359.882 	 250.558 	 238.568 	 64.4143 	 0 	 0 	 0 	 14.5184 	 0.0608564 	 45 	 45 	 53.4667 	 -293.162 	 1 	 0 	 0 	 NaN 	 NaN 	 NaN 	 NaN 	 45 	 45 	 45 	 0 	 0.534086 	 1.84575 	 6.38079 	 0.150022 	 42.5323 	 66 	 67 	 90.7727 	 -314.983 	 1 	 0 	 0 	 NaN 	 NaN 	 NaN 	 NaN 	 66 	 66 	 66 	 0 	  Tumour 
92 	 3506.27 	 1365 	 2850.51 	 166.652 	 3994 	 84.4404 	 60.5927 	 0.696476 	 0.972486 	 247.823 	 380.73 	 353.286 	 0.927916 	 205.976 	 300.04 	 5918 	 0.968576 	 316.569 	 254.184 	 240.153 	 66 	 0 	 0 	 0 	 19.658 	 0.0818561 	 0 	 0 	 NaN 	 NaN 	 0 	 0 	 0 	 NaN 	 NaN 	 NaN 	 NaN 	 0 	 0 	 NaN 	 NaN 	 3.24566 	 4.41209 	 9.84956 	 0.217699 	 45.2439 	 45 	 45 	 64.6222 	 -341.133 	 1 	 0 	 0 	 NaN 	 NaN 	 NaN 	 NaN 	 45 	 45 	 45 	 0 	  DCIS 
93 	 3657.71 	 1342.53 	 2991.37 	 165.705 	 3558 	 84.2877 	 56.8102 	 0.738728 	 0.928255 	 249.581 	 557.126 	 421.809 	 0.757117 	 344.271 	 476.435 	 5430 	 0.955313 	 308.569 	 271.097 	 247.935 	 73.7816 	 0 	 0 	 0 	 19.1872 	 0.0773882 	 0 	 0 	 NaN 	 NaN 	 0 	 0 	 0 	 NaN 	 NaN 	 NaN 	 NaN 	 0 	 0 	 NaN 	 NaN 	 9.1842 	 9.20636 	 12.8683 	 0.25142 	 51.1824 	 0 	 0 	 NaN 	 NaN 	 0 	 0 	 0 	 NaN 	 NaN 	 NaN 	 NaN 	 0 	 0 	 NaN 	 NaN 	  DCIS 
94 	 3815.29 	 1289.51 	 3903.35 	 84.8999 	 3161 	 74.6257 	 59.9687 	 0.595179 	 0.892182 	 239.622 	 1472.01 	 806.478 	 0.547874 	 1081.4 	 1391.32 	 4909 	 0.930087 	 299.397 	 519.179 	 526.348 	 352.194 	 0 	 0 	 0 	 349.976 	 0.664914 	 0 	 0 	 NaN 	 NaN 	 0 	 0 	 0 	 NaN 	 NaN 	 NaN 	 NaN 	 0 	 0 	 NaN 	 NaN 	 41.0853 	 -5.24947 	 35.8495 	 0.431487 	 83.0835 	 110 	 114 	 184.555 	 -221.201 	 1 	 0 	 0 	 NaN 	 NaN 	 NaN 	 NaN 	 110 	 110 	 110 	 0 	  Tumour 
95 	 3906.68 	 1522.22 	 4058.21 	 174.184 	 10001 	 141.061 	 99.0674 	 0.711881 	 0.832445 	 526.198 	 1061.69 	 802.402 	 0.755779 	 765.661 	 980.997 	 14800 	 0.868443 	 632.049 	 799.062 	 561.55 	 387.396 	 0 	 0 	 0 	 392.794 	 0.699482 	 85 	 86 	 1190.61 	 843.983 	 1 	 0 	 0 	 NaN 	 NaN 	 NaN 	 NaN 	 85 	 85 	 85 	 0 	 78.0528 	 27.8418 	 63.7272 	 0.530834 	 120.051 	 264 	 598 	 222.466 	 -183.289 	 3 	 2253.41 	 0.225319 	 26.794 	 11.9791 	 21.7789 	 7.59156 	 139 	 45 	 88 	 47.5079 	  Tumour 
96 	 3877.09 	 1348.04 	 3204.9 	 84.8999 	 790 	 36.6436 	 27.6903 	 0.654959 	 0.962241 	 108.326 	 752.485 	 357.266 	 0.474782 	 494.334 	 671.794 	 1547 	 0.947917 	 170.426 	 891.606 	 904.013 	 729.859 	 0 	 0 	 0 	 521.601 	 0.576984 	 0 	 0 	 NaN 	 NaN 	 0 	 0 	 0 	 NaN 	 NaN 	 NaN 	 NaN 	 0 	 0 	 NaN 	 NaN 	 51.4676 	 15.386 	 17.9738 	 0.192304 	 93.4658 	 0 	 0 	 NaN 	 NaN 	 0 	 0 	 0 	 NaN 	 NaN 	 NaN 	 NaN 	 0 	 0 	 NaN 	 NaN 	  Lymph 
97 	 3945.39 	 1079.81 	 3219.13 	 246.982 	 1318 	 47.7695 	 37.1942 	 0.627499 	 0.89538 	 158.225 	 348.039 	 123.563 	 0.355026 	 178.244 	 267.348 	 2356 	 0.965574 	 195.598 	 244.846 	 228.783 	 54.6293 	 0 	 0 	 0 	 10.7869 	 0.0471491 	 0 	 0 	 NaN 	 NaN 	 0 	 0 	 0 	 NaN 	 NaN 	 NaN 	 NaN 	 0 	 0 	 NaN 	 NaN 	 -0.993657 	 1.21962 	 3.36988 	 0.0821831 	 41.0046 	 0 	 0 	 NaN 	 NaN 	 0 	 0 	 0 	 NaN 	 NaN 	 NaN 	 NaN 	 0 	 0 	 NaN 	 NaN 	  Lymph 
98 	 3971.15 	 1360.43 	 3299.08 	 170.985 	 814 	 33.9083 	 32.1136 	 0.321018 	 0.876211 	 125.782 	 708.507 	 424.431 	 0.59905 	 478.985 	 627.817 	 1836 	 0.964286 	 171.598 	 283.615 	 250.819 	 76.6654 	 0 	 0 	 0 	 22.3446 	 0.0890867 	 0 	 0 	 NaN 	 NaN 	 0 	 0 	 0 	 NaN 	 NaN 	 NaN 	 NaN 	 0 	 0 	 NaN 	 NaN 	 16.9146 	 14.4675 	 14.4618 	 0.245477 	 58.9128 	 0 	 0 	 NaN 	 NaN 	 0 	 0 	 0 	 NaN 	 NaN 	 NaN 	 NaN 	 0 	 0 	 NaN 	 NaN 	  Lymph 
99 	 4085.09 	 1254.74 	 3387.71 	 272.259 	 1560 	 70.6252 	 31.5842 	 0.89443 	 0.901213 	 177.439 	 920.598 	 489.281 	 0.531481 	 725.287 	 839.908 	 2768 	 0.88491 	 233.983 	 276.612 	 234.949 	 60.796 	 0.18894 	 249.317 	 232.514 	 12.1725 	 0.0518089 	 0 	 0 	 NaN 	 NaN 	 0 	 0 	 0 	 NaN 	 NaN 	 NaN 	 NaN 	 0 	 0 	 NaN 	 NaN 	 6.62038 	 9.05845 	 10.3884 	 0.213672 	 48.6186 	 0 	 0 	 NaN 	 NaN 	 0 	 0 	 0 	 NaN 	 NaN 	 NaN 	 NaN 	 0 	 0 	 NaN 	 NaN 	  Lymph 
100 	 4085.01 	 1278.27 	 3392.33 	 270.267 	 564 	 36.9443 	 20.1718 	 0.837782 	 0.921569 	 100.77 	 759.222 	 325.721 	 0.429019 	 561.679 	 678.531 	 896 	 0.973913 	 126.527 	 260.233 	 237.547 	 63.3937 	 0.102564 	 239.667 	 237.856 	 19.0392 	 0.0801492 	 0 	 0 	 NaN 	 NaN 	 0 	 0 	 0 	 NaN 	 NaN 	 NaN 	 NaN 	 0 	 0 	 NaN 	 NaN 	 3.81385 	 6.01361 	 5.50667 	 0.120201 	 45.8121 	 0 	 0 	 NaN 	 NaN 	 0 	 0 	 0 	 NaN 	 NaN 	 NaN 	 NaN 	 0 	 0 	 NaN 	 NaN 	  Lymph 
101 	 1461 	 1487.78 	 1870.54 	 365.312 	 5092 	 118.969 	 57.1595 	 0.877019 	 0.961299 	 302.066 	 2286.27 	 756.872 	 0.331051 	 1612.69 	 2205.58 	 7036 	 0.904022 	 393.078 	 2196.16 	 2154.35 	 1980.19 	 0.368571 	 2738.32 	 2076.02 	 701.726 	 0.325726 	 0 	 0 	 NaN 	 NaN 	 0 	 0 	 0 	 NaN 	 NaN 	 NaN 	 NaN 	 0 	 0 	 NaN 	 NaN 	 531.719 	 159.937 	 55.8264 	 0.0973066 	 573.717 	 259 	 461 	 652.726 	 246.971 	 3 	 1571.25 	 0.308573 	 20.3274 	 10.8543 	 16.2321 	 4.35144 	 134 	 45 	 86.3333 	 44.8367 	  Tumour 
102 	 1469.7 	 1641.72 	 1981.5 	 243.167 	 5161 	 109.359 	 63.6921 	 0.812893 	 0.939559 	 299.664 	 2007.14 	 343.51 	 0.171144 	 862.163 	 1926.45 	 7014 	 0.885942 	 374.434 	 2421.58 	 2619.81 	 2445.66 	 0.436137 	 2465.51 	 2660.67 	 340.042 	 0.129796 	 66 	 69 	 369.182 	 22.5534 	 1 	 0 	 0 	 NaN 	 NaN 	 NaN 	 NaN 	 66 	 66 	 66 	 0 	 523.849 	 -49.6145 	 72.3088 	 0.127789 	 565.847 	 323 	 660 	 622.653 	 216.898 	 4 	 2504.39 	 0.485253 	 27.8879 	 11.6619 	 18.2103 	 5.35562 	 149 	 45 	 80.75 	 49.0739 	  Tumour 
103 	 1459.45 	 1713.06 	 2023.98 	 216.157 	 3852 	 81.1389 	 61.8265 	 0.647597 	 0.96711 	 248.066 	 978.486 	 298.22 	 0.304777 	 517.142 	 897.795 	 6626 	 0.877035 	 368.291 	 1936.76 	 2129.77 	 1955.61 	 0.435737 	 2156.74 	 2138.91 	 422.553 	 0.198403 	 0 	 0 	 NaN 	 NaN 	 0 	 0 	 0 	 NaN 	 NaN 	 NaN 	 NaN 	 0 	 0 	 NaN 	 NaN 	 379.643 	 -32.6115 	 78.0561 	 0.185124 	 421.641 	 0 	 0 	 NaN 	 NaN 	 0 	 0 	 0 	 NaN 	 NaN 	 NaN 	 NaN 	 0 	 0 	 NaN 	 NaN 	  Tumour 
104 	 1481.18 	 1539.46 	 1919.27 	 311.801 	 5107 	 103.843 	 65.6847 	 0.774529 	 0.940342 	 300.894 	 2436.96 	 910.008 	 0.373419 	 1560.93 	 2356.27 	 7585 	 0.896572 	 406.735 	 2509.46 	 2643.8 	 2469.65 	 0.430939 	 2804.94 	 2601.56 	 443.675 	 0.167817 	 0 	 0 	 NaN 	 NaN 	 0 	 0 	 0 	 NaN 	 NaN 	 NaN 	 NaN 	 0 	 0 	 NaN 	 NaN 	 467.751 	 -17.782 	 69.9491 	 0.137223 	 509.749 	 289 	 645 	 645.439 	 239.684 	 3 	 710.962 	 0.139213 	 24.6197 	 14.2704 	 20.8559 	 5.11847 	 136 	 69 	 96.3333 	 35.1615 	  Tumour 
105 	 1536.79 	 1708.24 	 2075.54 	 149.843 	 5501 	 94.5643 	 74.7835 	 0.612047 	 0.963566 	 294.049 	 942.576 	 278.466 	 0.295431 	 615.089 	 861.885 	 7788 	 0.932136 	 360.735 	 1382.56 	 1539.7 	 1365.54 	 0.291139 	 2020.79 	 1450.45 	 491.546 	 0.319249 	 41 	 43 	 275.463 	 -71.165 	 1 	 0 	 0 	 NaN 	 NaN 	 NaN 	 NaN 	 41 	 41 	 41 	 0 	 292.47 	 52.9734 	 79.4631 	 0.237581 	 334.468 	 394 	 838 	 454.294 	 48.5391 	 3 	 1275.41 	 0.231851 	 23.0622 	 21.1572 	 22.235 	 0.873757 	 223 	 45 	 131.333 	 89.1198 	  Tumour 
106 	 1613.89 	 1457 	 1969.49 	 340.982 	 5646 	 102.285 	 71.2008 	 0.717945 	 0.947952 	 314.735 	 1856.95 	 791.297 	 0.426127 	 1361.3 	 1776.26 	 6995 	 0.918702 	 367.948 	 1668.52 	 1580.11 	 1405.96 	 0.501577 	 2282.94 	 1341.56 	 811.548 	 0.513602 	 106 	 126 	 323.849 	 -22.7793 	 1 	 0 	 0 	 NaN 	 NaN 	 NaN 	 NaN 	 106 	 106 	 106 	 0 	 453.629 	 159.76 	 130.397 	 0.263096 	 495.628 	 522 	 1515 	 513.033 	 107.277 	 6 	 889.132 	 0.15748 	 48.2755 	 12.4624 	 26.4013 	 11.2779 	 142 	 45 	 87 	 33.6512 	  Tumour 
107 	 1621.46 	 1539.08 	 2025.8 	 258.805 	 2869 	 63.9409 	 58.2498 	 0.412421 	 0.963398 	 212.652 	 953.733 	 377.419 	 0.395728 	 658.441 	 873.042 	 3709 	 0.955682 	 239.279 	 1169.8 	 1148.27 	 974.114 	 0.153465 	 1905.29 	 1086.53 	 456.317 	 0.397396 	 0 	 0 	 NaN 	 NaN 	 0 	 0 	 0 	 NaN 	 NaN 	 NaN 	 NaN 	 0 	 0 	 NaN 	 NaN 	 164.962 	 -4.22998 	 50.3763 	 0.24341 	 206.961 	 0 	 0 	 NaN 	 NaN 	 0 	 0 	 0 	 NaN 	 NaN 	 NaN 	 NaN 	 0 	 0 	 NaN 	 NaN 	  Tumour 
108 	 1638.56 	 1352.39 	 1928.05 	 443.451 	 6639 	 119.805 	 71.7573 	 0.800785 	 0.949785 	 342.978 	 2849.99 	 689.388 	 0.241891 	 1566.05 	 2769.3 	 8777 	 0.902055 	 406.233 	 2258.54 	 2363.44 	 2189.29 	 0.475504 	 2650.66 	 2267.32 	 423.069 	 0.179005 	 79 	 79 	 508.671 	 162.042 	 1 	 0 	 0 	 NaN 	 NaN 	 NaN 	 NaN 	 79 	 79 	 79 	 0 	 620.332 	 -2.12524 	 85.2426 	 0.128701 	 662.33 	 294 	 974 	 733.197 	 327.442 	 2 	 954.908 	 0.143833 	 52.3733 	 52.3733 	 52.3733 	 0 	 152 	 142 	 147 	 7.07107 	  Tumour 
109 	 1659.3 	 1794.93 	 1504.23 	 149.843 	 1754 	 61.4643 	 37.725 	 0.789485 	 0.953261 	 171.338 	 637.376 	 162.339 	 0.254699 	 408.444 	 556.686 	 6476 	 0.951513 	 323.463 	 1094.72 	 1131.56 	 957.403 	 0 	 0 	 0 	 453.678 	 0.400933 	 0 	 0 	 NaN 	 NaN 	 0 	 0 	 0 	 NaN 	 NaN 	 NaN 	 NaN 	 0 	 0 	 NaN 	 NaN 	 115.427 	 -11.54 	 22.8499 	 0.145148 	 157.425 	 62 	 62 	 181.532 	 -224.223 	 1 	 0 	 0 	 NaN 	 NaN 	 NaN 	 NaN 	 62 	 62 	 62 	 0 	  Other 
110 	 1686.84 	 1439.09 	 2017.38 	 357.099 	 5549 	 94.9398 	 75.7659 	 0.602603 	 0.949034 	 300.693 	 1466.99 	 540.945 	 0.368743 	 844.613 	 1386.3 	 6912 	 0.912596 	 353.421 	 1957.2 	 2076.52 	 1902.37 	 0.551282 	 2453.77 	 1919.12 	 550.007 	 0.26487 	 0 	 0 	 NaN 	 NaN 	 0 	 0 	 0 	 NaN 	 NaN 	 NaN 	 NaN 	 0 	 0 	 NaN 	 NaN 	 485.283 	 53.3304 	 159.1 	 0.301736 	 527.281 	 117 	 520 	 469.991 	 64.2362 	 2 	 1693.49 	 0.305189 	 56.8456 	 56.8456 	 56.8456 	 0 	 108 	 9 	 58.5 	 70.0036 	  Tumour 
111 	 1735.31 	 1361.54 	 2013.36 	 439.619 	 5647 	 106.974 	 67.782 	 0.773636 	 0.959069 	 307.179 	 1261.34 	 389.848 	 0.309073 	 625.294 	 1180.65 	 6756 	 0.929298 	 343.12 	 2128.93 	 2191.7 	 2017.55 	 0.757679 	 2327.52 	 2103.18 	 739.955 	 0.337617 	 18 	 20 	 360.333 	 13.7049 	 1 	 0 	 0 	 NaN 	 NaN 	 NaN 	 NaN 	 18 	 18 	 18 	 0 	 560.874 	 115.385 	 213.87 	 0.354752 	 602.872 	 157 	 228 	 455.962 	 50.2065 	 2 	 978.159 	 0.173217 	 14.5926 	 14.5926 	 14.5926 	 0 	 93 	 64 	 78.5 	 20.5061 	  Tumour 
112 	 1743.95 	 1275.13 	 1974.81 	 434.882 	 8760 	 116.991 	 96.3293 	 0.567478 	 0.958215 	 377.747 	 1476.02 	 599.265 	 0.406002 	 1093.96 	 1395.32 	 11755 	 0.852491 	 503.73 	 1589.26 	 1183.63 	 1009.48 	 0.293023 	 2112.19 	 1027.7 	 922.007 	 0.778964 	 143 	 878 	 284.503 	 -62.1249 	 2 	 768.474 	 0.0877253 	 75.3437 	 75.3437 	 75.3437 	 0 	 74 	 69 	 71.5 	 3.53553 	 520.394 	 248.064 	 242.625 	 0.431417 	 562.392 	 681 	 1684 	 498.198 	 92.443 	 7 	 1717.8 	 0.196095 	 49.2498 	 12.4092 	 27.419 	 11.3336 	 143 	 45 	 97.2857 	 32.7603 	  Tumour 
113 	 1752.07 	 1934.06 	 2387.27 	 167.242 	 6046 	 99.5879 	 79.8921 	 0.59702 	 0.943067 	 317.563 	 935.576 	 414.246 	 0.442771 	 712.671 	 854.886 	 14508 	 0.93275 	 547.144 	 740.969 	 853.799 	 679.646 	 0 	 0 	 853.211 	 804.31 	 0.942037 	 0 	 0 	 NaN 	 NaN 	 0 	 0 	 0 	 NaN 	 NaN 	 NaN 	 NaN 	 0 	 0 	 NaN 	 NaN 	 74.2166 	 -7.0221 	 45.9013 	 0.39497 	 116.215 	 183 	 293 	 333.53 	 -72.2252 	 2 	 3266.56 	 0.540284 	 16.7459 	 16.7459 	 16.7459 	 0 	 103 	 80 	 91.5 	 16.2635 	  Tumour 
114 	 2257.78 	 1923.1 	 2764.21 	 569.724 	 6610 	 98.8582 	 86.458 	 0.484906 	 0.963416 	 320.291 	 1048.53 	 351.578 	 0.335307 	 800.639 	 967.836 	 9098 	 0.772916 	 476.174 	 820.649 	 682.29 	 508.137 	 0.363636 	 1100.61 	 587.305 	 369.221 	 0.54115 	 0 	 0 	 NaN 	 NaN 	 0 	 0 	 0 	 NaN 	 NaN 	 NaN 	 NaN 	 0 	 0 	 NaN 	 NaN 	 191.787 	 118.706 	 72.2467 	 0.30903 	 233.785 	 94 	 177 	 334.67 	 -71.0851 	 2 	 1547.36 	 0.234094 	 15.7668 	 15.7668 	 15.7668 	 0 	 49 	 45 	 47 	 2.82843 	  Tumour 
115 	 2315.77 	 1953.1 	 2828.6 	 587.889 	 3424 	 101.653 	 51.1017 	 0.864457 	 0.820316 	 283.765 	 1118.73 	 347.324 	 0.310462 	 817.06 	 1038.04 	 4162 	 0.799462 	 327.806 	 1238.65 	 1216.47 	 1042.31 	 0.871886 	 1269.54 	 1175.48 	 474.033 	 0.38968 	 0 	 0 	 NaN 	 NaN 	 0 	 0 	 0 	 NaN 	 NaN 	 NaN 	 NaN 	 0 	 0 	 NaN 	 NaN 	 331.046 	 159.04 	 121.301 	 0.325164 	 373.045 	 0 	 0 	 NaN 	 NaN 	 0 	 0 	 0 	 NaN 	 NaN 	 NaN 	 NaN 	 0 	 0 	 NaN 	 NaN 	  Tumour 
116 	 2364.01 	 1909.84 	 2842.02 	 540.135 	 4257 	 90.7435 	 61.2569 	 0.737767 	 0.94495 	 268.51 	 1296.47 	 439.861 	 0.339275 	 1038.7 	 1215.78 	 5840 	 0.851188 	 348.836 	 1020.16 	 933.726 	 759.573 	 0.472313 	 1346.54 	 801.582 	 611.086 	 0.654459 	 0 	 0 	 NaN 	 NaN 	 0 	 0 	 0 	 NaN 	 NaN 	 NaN 	 NaN 	 0 	 0 	 NaN 	 NaN 	 227.616 	 126.918 	 127.732 	 0.473758 	 269.614 	 316 	 915 	 346.753 	 -59.0021 	 4 	 585.532 	 0.137546 	 41.86 	 12.2992 	 25.3752 	 10.1094 	 85 	 72 	 79 	 5.47723 	  Tumour 
117 	 2378.05 	 1970.36 	 2888.54 	 599.368 	 3206 	 79.2869 	 54.1434 	 0.730532 	 0.897285 	 244.108 	 1097.07 	 416.974 	 0.380081 	 864.944 	 1016.38 	 4141 	 0.907915 	 268.25 	 698.074 	 728.54 	 554.386 	 0.495575 	 961.223 	 649.062 	 412.397 	 0.56606 	 62 	 63 	 140.645 	 -205.983 	 1 	 0 	 0 	 NaN 	 NaN 	 NaN 	 NaN 	 62 	 62 	 62 	 0 	 134.876 	 72.9981 	 69.1532 	 0.390974 	 176.874 	 103 	 108 	 279.146 	 -126.61 	 1 	 0 	 0 	 NaN 	 NaN 	 NaN 	 NaN 	 103 	 103 	 103 	 0 	  Tumour 
118 	 2399.13 	 1370.86 	 1813.68 	 141.354 	 2223 	 65.2572 	 43.5278 	 0.745041 	 0.977573 	 182.853 	 643.879 	 155.613 	 0.241681 	 385.415 	 563.188 	 6757 	 0.762555 	 425.789 	 1058.94 	 1178.49 	 1004.34 	 0 	 0 	 0 	 445.876 	 0.378346 	 0 	 0 	 NaN 	 NaN 	 0 	 0 	 0 	 NaN 	 NaN 	 NaN 	 NaN 	 0 	 0 	 NaN 	 NaN 	 123.569 	 -15.6372 	 21.9508 	 0.132579 	 165.568 	 0 	 0 	 NaN 	 NaN 	 0 	 0 	 0 	 NaN 	 NaN 	 NaN 	 NaN 	 0 	 0 	 NaN 	 NaN 	  Other 
119 	 2532.7 	 1326.11 	 2702.16 	 141.354 	 4660 	 93.4182 	 64.3408 	 0.725009 	 0.969621 	 269.279 	 729.453 	 412.859 	 0.565985 	 548.951 	 648.762 	 5635 	 0.976096 	 292.309 	 358.141 	 297.538 	 123.385 	 0 	 0 	 0 	 174.794 	 0.587468 	 51 	 52 	 129.922 	 -216.707 	 1 	 0 	 0 	 NaN 	 NaN 	 NaN 	 NaN 	 51 	 51 	 51 	 0 	 41.3775 	 8.2295 	 27.6973 	 0.332198 	 83.3758 	 347 	 943 	 241.968 	 -163.787 	 4 	 845.396 	 0.181415 	 38.3452 	 13.9849 	 24.4678 	 8.43727 	 123 	 71 	 86.75 	 24.4728 	  Tumour 
120 	 2697.76 	 1501.06 	 2924.38 	 326.038 	 2695 	 67.2532 	 51.7762 	 0.638201 	 0.976803 	 215.054 	 1677.09 	 650.106 	 0.387639 	 911.351 	 1596.4 	 5897 	 0.933217 	 321.321 	 2899.19 	 2649.56 	 2475.41 	 0.259928 	 3021.62 	 2583.6 	 519.247 	 0.195975 	 60 	 64 	 406.583 	 59.9549 	 1 	 0 	 0 	 NaN 	 NaN 	 NaN 	 NaN 	 60 	 60 	 60 	 0 	 668.541 	 73.4331 	 113.724 	 0.160053 	 710.539 	 0 	 0 	 NaN 	 NaN 	 0 	 0 	 0 	 NaN 	 NaN 	 NaN 	 NaN 	 0 	 0 	 NaN 	 NaN 	  Tumour 
121 	 2732.11 	 1584.61 	 2991.45 	 353.782 	 6495 	 98.8259 	 84.5031 	 0.518513 	 0.976545 	 313.078 	 1503.52 	 471.104 	 0.313333 	 641.797 	 1422.83 	 12353 	 0.856064 	 535.304 	 2153.46 	 2500.23 	 2326.08 	 0.154008 	 3040.11 	 2305.77 	 490.898 	 0.196341 	 50 	 51 	 319.18 	 -27.4484 	 1 	 0 	 0 	 NaN 	 NaN 	 NaN 	 NaN 	 50 	 50 	 50 	 0 	 403.228 	 -30.5162 	 187.08 	 0.420191 	 445.226 	 0 	 0 	 NaN 	 NaN 	 0 	 0 	 0 	 NaN 	 NaN 	 NaN 	 NaN 	 0 	 0 	 NaN 	 NaN 	  Tumour 
122 	 82.1743 	 1204.57 	 945.542 	 921.024 	 6989 	 107.641 	 93.4765 	 0.49585 	 0.87439 	 369.605 	 2746.76 	 732.312 	 0.26661 	 1668.03 	 2666.07 	 8998 	 0.866692 	 451.681 	 2166.88 	 2431.26 	 2257.11 	 0.469484 	 2553.16 	 2383.89 	 320.224 	 0.131711 	 134 	 679 	 634.642 	 288.013 	 2 	 1755.3 	 0.251151 	 64.8102 	 64.8102 	 64.8102 	 0 	 68 	 66 	 67 	 1.41421 	 584.455 	 25.8626 	 62.611 	 0.0999452 	 626.453 	 390 	 1438 	 784.667 	 378.911 	 4 	 774.349 	 0.110795 	 40.4283 	 17.871 	 31.0101 	 9.15975 	 131 	 61 	 97.5 	 37.6785 	  Tumour 
123 	 93.4928 	 1264.35 	 1004.92 	 953.9 	 3799 	 87.1259 	 57.2152 	 0.754155 	 0.965438 	 251.48 	 2783.1 	 571.855 	 0.205474 	 1430.83 	 2702.4 	 6491 	 0.92941 	 375.681 	 2120.16 	 2365.11 	 2190.96 	 0.362857 	 2446.61 	 2330.97 	 472.701 	 0.199864 	 0 	 0 	 NaN 	 NaN 	 0 	 0 	 0 	 NaN 	 NaN 	 NaN 	 NaN 	 0 	 0 	 NaN 	 NaN 	 547.782 	 32.0437 	 67.6978 	 0.114785 	 589.78 	 382 	 925 	 789.914 	 384.158 	 4 	 281.909 	 0.0742062 	 36.1669 	 16.71 	 22.8593 	 6.79195 	 135 	 58 	 95.5 	 36.0231 	  Tumour 
124 	 85.7442 	 1448.92 	 1189.54 	 1097.48 	 6418 	 112.076 	 74.0071 	 0.750974 	 0.958196 	 327.664 	 1590.52 	 520.137 	 0.327023 	 798.331 	 1509.83 	 7508 	 0.894768 	 403.338 	 1968.87 	 2183.47 	 2009.31 	 0.534574 	 2329.38 	 2139.77 	 432.43 	 0.198047 	 86 	 92 	 468.035 	 121.406 	 1 	 0 	 0 	 NaN 	 NaN 	 NaN 	 NaN 	 86 	 86 	 86 	 0 	 594.7 	 13.0782 	 64.9582 	 0.102024 	 636.698 	 505 	 1566 	 687.162 	 281.407 	 3 	 1341.21 	 0.208976 	 42.9925 	 15.5891 	 31.8365 	 9.71669 	 288 	 45 	 126.25 	 114.552 	  Tumour 
125 	 136.853 	 1549.63 	 1292.93 	 1008.41 	 7377 	 106.866 	 88.0912 	 0.566135 	 0.981376 	 330.676 	 1463.68 	 493.977 	 0.33749 	 1030.77 	 1382.99 	 12287 	 0.889138 	 539.907 	 2138.45 	 2509.86 	 2335.71 	 0.294355 	 2409.68 	 2509.1 	 299.247 	 0.119228 	 65 	 66 	 436.092 	 89.4639 	 1 	 0 	 0 	 NaN 	 NaN 	 NaN 	 NaN 	 65 	 65 	 65 	 0 	 675.984 	 -27.9635 	 76.5754 	 0.106654 	 717.982 	 500 	 2299 	 595.852 	 190.097 	 7 	 719.969 	 0.0975965 	 62.5247 	 13.9647 	 34.3347 	 14.1577 	 107 	 40 	 71.4286 	 20.4439 	  Tumour 
126 	 148.049 	 1392.32 	 1136.23 	 1014.44 	 4809 	 85.9567 	 71.9863 	 0.546481 	 0.967995 	 270.936 	 1224.61 	 400.066 	 0.326688 	 779.061 	 1143.92 	 9902 	 0.781038 	 532.794 	 1861.11 	 2022.14 	 1847.98 	 0.485944 	 2036.18 	 2021.8 	 397.128 	 0.19639 	 0 	 0 	 NaN 	 NaN 	 0 	 0 	 0 	 NaN 	 NaN 	 NaN 	 NaN 	 0 	 0 	 NaN 	 NaN 	 343.686 	 -8.01431 	 38.7501 	 0.100471 	 385.684 	 0 	 0 	 NaN 	 NaN 	 0 	 0 	 0 	 NaN 	 NaN 	 NaN 	 NaN 	 0 	 0 	 NaN 	 NaN 	  Tumour 
127 	 156.937 	 1137.44 	 883.503 	 819.787 	 5302 	 119.56 	 57.7076 	 0.875804 	 0.953083 	 319.522 	 1256.8 	 383.09 	 0.304814 	 668.139 	 1176.11 	 7403 	 0.938514 	 391.681 	 2308.84 	 2268.83 	 2094.67 	 0.199454 	 2535.22 	 2233.9 	 384.595 	 0.169513 	 59 	 59 	 500.492 	 153.863 	 1 	 0 	 0 	 NaN 	 NaN 	 NaN 	 NaN 	 59 	 59 	 59 	 0 	 567.182 	 53.8335 	 47.0631 	 0.0772564 	 609.18 	 284 	 1368 	 497.144 	 91.3891 	 4 	 617.243 	 0.116417 	 68.2266 	 20.9594 	 39.9609 	 17.0458 	 92 	 52 	 71 	 17.6257 	  Tumour 
128 	 200.175 	 1366.63 	 1117.12 	 963.357 	 2314 	 69.6815 	 49.17 	 0.708571 	 0.739533 	 251.765 	 1021.09 	 390.533 	 0.382468 	 656.047 	 940.395 	 3193 	 0.846501 	 278.711 	 1475.54 	 1384 	 1209.85 	 0.379845 	 1712.36 	 1299.17 	 381.459 	 0.275621 	 0 	 0 	 NaN 	 NaN 	 0 	 0 	 0 	 NaN 	 NaN 	 NaN 	 NaN 	 0 	 0 	 NaN 	 NaN 	 340.538 	 24.8178 	 68.9216 	 0.18017 	 382.536 	 0 	 0 	 NaN 	 NaN 	 0 	 0 	 0 	 NaN 	 NaN 	 NaN 	 NaN 	 0 	 0 	 NaN 	 NaN 	  Tumour 
129 	 258.373 	 1503.43 	 1260.28 	 998.123 	 5317 	 96.9707 	 70.7956 	 0.683371 	 0.955093 	 301.907 	 1035.53 	 234.714 	 0.226661 	 689.056 	 954.838 	 8264 	 0.929061 	 419.924 	 2042.68 	 2059.42 	 1885.26 	 0.292621 	 2217.29 	 2029.18 	 547.924 	 0.266058 	 61 	 61 	 445.623 	 98.9946 	 1 	 0 	 0 	 NaN 	 NaN 	 NaN 	 NaN 	 61 	 61 	 61 	 0 	 631.926 	 81.4264 	 97.245 	 0.144297 	 673.924 	 298 	 770 	 543.594 	 137.839 	 3 	 1661.74 	 0.312533 	 44.8035 	 13.8137 	 30.7363 	 14.0344 	 159 	 69 	 99.3333 	 51.6753 	  Tumour 
130 	 340.168 	 1488.24 	 1261.78 	 984.606 	 2175 	 84.2739 	 34.3164 	 0.913339 	 0.93468 	 213.581 	 899.683 	 193.949 	 0.215575 	 598.583 	 818.992 	 3069 	 0.727079 	 305.439 	 1296.89 	 1476.79 	 1302.63 	 0.565836 	 1953.03 	 1267.41 	 623.844 	 0.422434 	 0 	 0 	 NaN 	 NaN 	 0 	 0 	 0 	 NaN 	 NaN 	 NaN 	 NaN 	 0 	 0 	 NaN 	 NaN 	 415.085 	 100.593 	 105.172 	 0.230093 	 457.083 	 0 	 0 	 NaN 	 NaN 	 0 	 0 	 0 	 NaN 	 NaN 	 NaN 	 NaN 	 0 	 0 	 NaN 	 NaN 	  Tumour 
131 	 360.32 	 1522.9 	 1300.49 	 945.28 	 2958 	 81.6662 	 46.8057 	 0.819462 	 0.971748 	 221.238 	 1065.46 	 255.525 	 0.239825 	 701.069 	 984.773 	 8117 	 0.973145 	 357.823 	 1965.34 	 2032.03 	 1857.87 	 0.378049 	 2004.81 	 2028.1 	 296.683 	 0.146004 	 0 	 0 	 NaN 	 NaN 	 0 	 0 	 0 	 NaN 	 NaN 	 NaN 	 NaN 	 0 	 0 	 NaN 	 NaN 	 545.998 	 -10.7252 	 76.7943 	 0.130603 	 587.996 	 152 	 321 	 484.5 	 78.7447 	 2 	 227.907 	 0.0770477 	 26.3545 	 26.3545 	 26.3545 	 0 	 80 	 72 	 76 	 5.65685 	  Tumour 
132 	 399.599 	 1262.82 	 1062.31 	 768.651 	 6906 	 108.184 	 82.9957 	 0.641446 	 0.963718 	 345.546 	 1265.92 	 511.005 	 0.403663 	 770.267 	 1185.23 	 10138 	 0.953716 	 415.889 	 1558.05 	 1455.25 	 1281.09 	 0.278873 	 1737.51 	 1408.33 	 448.831 	 0.308422 	 0 	 0 	 NaN 	 NaN 	 0 	 0 	 0 	 NaN 	 NaN 	 NaN 	 NaN 	 0 	 0 	 NaN 	 NaN 	 306.38 	 64.4565 	 115.252 	 0.330826 	 348.378 	 0 	 0 	 NaN 	 NaN 	 0 	 0 	 0 	 NaN 	 NaN 	 NaN 	 NaN 	 0 	 0 	 NaN 	 NaN 	  Tumour 
133 	 441.134 	 1094.47 	 921.106 	 601.991 	 5661 	 103.226 	 70.1979 	 0.733171 	 0.985379 	 292.693 	 2071.65 	 386.084 	 0.186365 	 929.511 	 1990.96 	 7621 	 0.956571 	 375.782 	 1732.69 	 1753.15 	 1579 	 0.538244 	 1967.99 	 1694.9 	 393.059 	 0.224201 	 158 	 592 	 503.557 	 156.929 	 2 	 561.994 	 0.0992747 	 50.4772 	 50.4772 	 50.4772 	 0 	 89 	 69 	 79 	 14.1421 	 548.669 	 23.022 	 53.702 	 0.0909176 	 590.667 	 254 	 447 	 690.972 	 285.217 	 2 	 1325.39 	 0.234127 	 21.1112 	 21.1112 	 21.1112 	 0 	 128 	 126 	 127 	 1.41421 	  Tumour 
134 	 460.26 	 1222.98 	 1046.65 	 705.822 	 4453 	 88.7129 	 66.1975 	 0.665723 	 0.960734 	 280.007 	 1382.05 	 575.604 	 0.416485 	 722.614 	 1301.36 	 18593 	 0.8043 	 679.747 	 1615.83 	 1920.36 	 1746.21 	 0.542536 	 2042.49 	 1876.01 	 520.63 	 0.27111 	 0 	 0 	 NaN 	 NaN 	 0 	 0 	 0 	 NaN 	 NaN 	 NaN 	 NaN 	 0 	 0 	 NaN 	 NaN 	 311.639 	 24.8158 	 80.8844 	 0.228721 	 353.637 	 0 	 0 	 NaN 	 NaN 	 0 	 0 	 0 	 NaN 	 NaN 	 NaN 	 NaN 	 0 	 0 	 NaN 	 NaN 	  Tumour 
135 	 543.392 	 1063.03 	 942.262 	 525.709 	 1907 	 81.7855 	 30.4302 	 0.928203 	 0.952547 	 196.652 	 996.695 	 287.186 	 0.288138 	 582.78 	 916.005 	 8563 	 0.812429 	 476.108 	 1247.91 	 1465.31 	 1291.15 	 0.269406 	 1903.14 	 1426.35 	 542.375 	 0.370144 	 0 	 0 	 NaN 	 NaN 	 0 	 0 	 0 	 NaN 	 NaN 	 NaN 	 NaN 	 0 	 0 	 NaN 	 NaN 	 168.865 	 -4.72626 	 49.0521 	 0.232625 	 210.863 	 0 	 0 	 NaN 	 NaN 	 0 	 0 	 0 	 NaN 	 NaN 	 NaN 	 NaN 	 0 	 0 	 NaN 	 NaN 	  Tumour 
136 	 574.361 	 1254.98 	 1124.54 	 695.457 	 5342 	 99.0404 	 69.4375 	 0.71306 	 0.962176 	 291.865 	 2266.35 	 643.189 	 0.283799 	 1367.11 	 2185.66 	 7438 	 0.901248 	 395.581 	 2506.23 	 2639.05 	 2464.9 	 0.599455 	 2423.37 	 2736.61 	 385.41 	 0.146041 	 0 	 0 	 NaN 	 NaN 	 0 	 0 	 0 	 NaN 	 NaN 	 NaN 	 NaN 	 0 	 0 	 NaN 	 NaN 	 727.43 	 10.8093 	 64.2054 	 0.0834456 	 769.428 	 0 	 0 	 NaN 	 NaN 	 0 	 0 	 0 	 NaN 	 NaN 	 NaN 	 NaN 	 0 	 0 	 NaN 	 NaN 	  Tumour 
137 	 622.125 	 1175.24 	 1079.08 	 605.875 	 4704 	 99.7116 	 61.6117 	 0.786257 	 0.926167 	 290.007 	 2524.12 	 657.917 	 0.260652 	 1389.03 	 2443.43 	 7410 	 0.911663 	 386.61 	 2306.3 	 2579.94 	 2405.79 	 0.37741 	 2606.78 	 2561.19 	 352.756 	 0.13673 	 66 	 69 	 561.288 	 214.659 	 1 	 0 	 0 	 NaN 	 NaN 	 NaN 	 NaN 	 66 	 66 	 66 	 0 	 692.618 	 3.6022 	 48.3786 	 0.0658556 	 734.616 	 134 	 149 	 769.179 	 363.424 	 1 	 0 	 0 	 NaN 	 NaN 	 NaN 	 NaN 	 134 	 134 	 134 	 0 	  Tumour 
138 	 655.468 	 1235.84 	 1148.3 	 659.076 	 3663 	 80.1805 	 58.6545 	 0.681808 	 0.961165 	 243.522 	 1513.8 	 513.205 	 0.339017 	 765.254 	 1433.11 	 5108 	 0.947681 	 306.225 	 2533.59 	 2449.01 	 2274.86 	 0.472222 	 2632.61 	 2395.96 	 321.133 	 0.131127 	 0 	 0 	 NaN 	 NaN 	 0 	 0 	 0 	 NaN 	 NaN 	 NaN 	 NaN 	 0 	 0 	 NaN 	 NaN 	 722.036 	 56.3511 	 89.5512 	 0.117208 	 764.034 	 0 	 0 	 NaN 	 NaN 	 0 	 0 	 0 	 NaN 	 NaN 	 NaN 	 NaN 	 0 	 0 	 NaN 	 NaN 	  Tumour 
139 	 676.012 	 1073.28 	 1026.08 	 494.887 	 3951 	 83.3648 	 62.2778 	 0.664766 	 0.939819 	 274.368 	 1887.09 	 678.265 	 0.359424 	 1044 	 1806.4 	 5827 	 0.929346 	 353.054 	 2075.52 	 2161.52 	 1987.37 	 0 	 0 	 0 	 387.201 	 0.179134 	 54 	 54 	 461.815 	 115.186 	 1 	 0 	 0 	 NaN 	 NaN 	 NaN 	 NaN 	 54 	 54 	 54 	 0 	 491.792 	 2.22787 	 67.4965 	 0.126447 	 533.791 	 0 	 0 	 NaN 	 NaN 	 0 	 0 	 0 	 NaN 	 NaN 	 NaN 	 NaN 	 0 	 0 	 NaN 	 NaN 	  Tumour 
140 	 902.639 	 1395.48 	 1419.8 	 820.854 	 5552 	 95.7494 	 75.302 	 0.617656 	 0.959889 	 296.794 	 1854.96 	 736.363 	 0.396971 	 1256.84 	 1774.27 	 6691 	 0.947197 	 347.397 	 1352.24 	 1315.9 	 1141.75 	 0.206061 	 2424.72 	 1176.13 	 757.708 	 0.57581 	 78 	 81 	 531.897 	 185.269 	 1 	 0 	 0 	 NaN 	 NaN 	 NaN 	 NaN 	 78 	 78 	 78 	 0 	 477.572 	 207.558 	 195.26 	 0.375812 	 519.57 	 343 	 806 	 681.504 	 275.749 	 6 	 1079.65 	 0.194461 	 34.6709 	 9 	 18.5522 	 7.58687 	 75 	 39 	 57.1667 	 16.1792 	  Tumour 
141 	 900.56 	 1123.22 	 1212.01 	 554.2 	 4184 	 89.4075 	 60.5359 	 0.735911 	 0.959413 	 260.794 	 2264.52 	 721.795 	 0.318741 	 1167.1 	 2183.82 	 10893 	 0.976863 	 413.103 	 1936.33 	 1903.97 	 1729.81 	 0 	 0 	 0 	 397.628 	 0.208842 	 0 	 0 	 NaN 	 NaN 	 0 	 0 	 0 	 NaN 	 NaN 	 NaN 	 NaN 	 0 	 0 	 NaN 	 NaN 	 431.256 	 -8.83292 	 102.943 	 0.217522 	 473.254 	 0 	 0 	 NaN 	 NaN 	 0 	 0 	 0 	 NaN 	 NaN 	 NaN 	 NaN 	 0 	 0 	 NaN 	 NaN 	  Tumour 
142 	 994.988 	 1370.66 	 1458.54 	 779.007 	 5556 	 105.099 	 69.4177 	 0.750828 	 0.943774 	 309.38 	 2131.77 	 511.026 	 0.239719 	 1067.71 	 2051.08 	 7320 	 0.92858 	 372.409 	 2117.63 	 2226.32 	 2052.17 	 0.422741 	 2245.02 	 2219.14 	 205.011 	 0.0920851 	 111 	 120 	 460.189 	 113.561 	 1 	 0 	 0 	 NaN 	 NaN 	 NaN 	 NaN 	 111 	 111 	 111 	 0 	 647.777 	 8.89699 	 60.1561 	 0.0872112 	 689.775 	 337 	 963 	 701.65 	 295.895 	 4 	 1333.03 	 0.239926 	 42.3352 	 17.0279 	 26.6692 	 10.1 	 168 	 45 	 84.25 	 58.0883 	  Tumour 
143 	 1072.58 	 1227.23 	 1407.7 	 629.171 	 7023 	 128.336 	 73.159 	 0.821605 	 0.921775 	 371.563 	 1990.91 	 694.641 	 0.348906 	 1223.46 	 1910.22 	 12001 	 0.919476 	 527.463 	 2111.46 	 1746.44 	 1572.28 	 0 	 0 	 0 	 645.581 	 0.369656 	 0 	 0 	 NaN 	 NaN 	 0 	 0 	 0 	 NaN 	 NaN 	 NaN 	 NaN 	 0 	 0 	 NaN 	 NaN 	 682.936 	 142.84 	 151.856 	 0.209476 	 724.934 	 368 	 1349 	 626.432 	 220.677 	 4 	 1159.93 	 0.165161 	 62.5625 	 15.5844 	 36.9007 	 16.7106 	 111 	 74 	 92 	 15.1217 	  Tumour 
144 	 1064.63 	 1371.85 	 1505.58 	 727.737 	 4602 	 93.2516 	 70.8454 	 0.650247 	 0.839168 	 308.108 	 1981.72 	 425.286 	 0.214604 	 842.607 	 1901.03 	 6870 	 0.855648 	 381.179 	 1995.13 	 2189.93 	 2015.78 	 0.659824 	 2157.54 	 2198.03 	 330.537 	 0.150935 	 0 	 0 	 NaN 	 NaN 	 0 	 0 	 0 	 NaN 	 NaN 	 NaN 	 NaN 	 0 	 0 	 NaN 	 NaN 	 653.726 	 33.7206 	 52.3032 	 0.0751782 	 695.724 	 207 	 224 	 731.391 	 325.636 	 1 	 0 	 0 	 NaN 	 NaN 	 NaN 	 NaN 	 207 	 207 	 207 	 0 	  Tumour 
145 	 1081.33 	 1623.39 	 1709.01 	 603.049 	 4228 	 111.069 	 49.2595 	 0.896272 	 0.94081 	 292.291 	 1438.76 	 501.242 	 0.348385 	 965.4 	 1358.07 	 8357 	 0.944721 	 395.078 	 1157.32 	 1054.86 	 880.707 	 0.184659 	 2137.91 	 940.358 	 679.069 	 0.643753 	 63 	 64 	 409.524 	 62.8954 	 1 	 0 	 0 	 NaN 	 NaN 	 NaN 	 NaN 	 63 	 63 	 63 	 0 	 325.373 	 63.6137 	 60.4382 	 0.164515 	 367.371 	 0 	 0 	 NaN 	 NaN 	 0 	 0 	 0 	 NaN 	 NaN 	 NaN 	 NaN 	 0 	 0 	 NaN 	 NaN 	  Tumour 
146 	 1093.55 	 1550.2 	 1659.53 	 615.833 	 6318 	 101.608 	 86.5969 	 0.523113 	 0.890737 	 369.848 	 1736.68 	 670.379 	 0.386012 	 1117.88 	 1655.99 	 12120 	 0.952606 	 446.978 	 2059.88 	 2008.56 	 1834.41 	 0.167082 	 1909.75 	 2021.35 	 634.176 	 0.315736 	 0 	 0 	 NaN 	 NaN 	 0 	 0 	 0 	 NaN 	 NaN 	 NaN 	 NaN 	 0 	 0 	 NaN 	 NaN 	 529.82 	 -23.5774 	 53.5787 	 0.0936988 	 571.819 	 214 	 453 	 644.248 	 238.492 	 2 	 298.697 	 0.0472771 	 25.0753 	 25.0753 	 25.0753 	 0 	 111 	 103 	 107 	 5.65685 	  Tumour 
147 	 1135.09 	 1339.19 	 1530.18 	 654.905 	 5296 	 123.109 	 55.5855 	 0.892263 	 0.948764 	 315.421 	 2403.68 	 685.59 	 0.285225 	 1242.61 	 2322.99 	 9971 	 0.840583 	 535.279 	 2257.93 	 2584.18 	 2410.02 	 0.570281 	 2737.92 	 2508.85 	 429.745 	 0.166299 	 52 	 54 	 422.096 	 75.4678 	 1 	 0 	 0 	 NaN 	 NaN 	 NaN 	 NaN 	 52 	 52 	 52 	 0 	 487.761 	 -73.2438 	 68.5632 	 0.129423 	 529.759 	 202 	 537 	 689.609 	 283.854 	 3 	 1312.12 	 0.247756 	 25.7556 	 12.6491 	 21.1282 	 6.57703 	 83 	 45 	 67.3333 	 19.8578 	  Tumour 
148 	 1140.66 	 1414.93 	 1588.81 	 642.436 	 2440 	 61.6208 	 50.9332 	 0.562851 	 0.961008 	 196.167 	 1509.92 	 700.224 	 0.463748 	 883.166 	 1429.23 	 5671 	 0.857553 	 374.108 	 1840.85 	 2002.07 	 1827.92 	 0.5 	 2338.14 	 1897.76 	 914.928 	 0.45699 	 0 	 0 	 NaN 	 NaN 	 0 	 0 	 0 	 NaN 	 NaN 	 NaN 	 NaN 	 0 	 0 	 NaN 	 NaN 	 305.706 	 -8.62586 	 76.6718 	 0.220509 	 347.705 	 56 	 59 	 292.857 	 -112.898 	 1 	 0 	 0 	 NaN 	 NaN 	 NaN 	 NaN 	 56 	 56 	 56 	 0 	  Tumour 
149 	 1186.91 	 1475.81 	 1664.76 	 569.689 	 3134 	 79.3284 	 54.9053 	 0.721776 	 0.916106 	 242.995 	 1634.93 	 534.907 	 0.327174 	 923.545 	 1554.24 	 3903 	 0.904729 	 267.723 	 1384.48 	 1459.34 	 1285.18 	 0.331915 	 2127.74 	 1324.18 	 750.643 	 0.514373 	 72 	 74 	 355.736 	 9.10772 	 1 	 0 	 0 	 NaN 	 NaN 	 NaN 	 NaN 	 72 	 72 	 72 	 0 	 325.987 	 112.883 	 105.355 	 0.286301 	 367.985 	 92 	 97 	 634.554 	 228.799 	 1 	 0 	 0 	 NaN 	 NaN 	 NaN 	 NaN 	 92 	 92 	 92 	 0 	  Tumour 
150 	 1230 	 1628.49 	 1806.61 	 460.359 	 7592 	 135.132 	 72.0508 	 0.845996 	 0.967997 	 367.404 	 1823.84 	 637.519 	 0.349549 	 1022.87 	 1743.15 	 11588 	 0.869383 	 547.203 	 1907.52 	 2192.69 	 2018.53 	 0.331263 	 2314 	 2160.47 	 452.098 	 0.206184 	 67 	 69 	 387.537 	 40.9089 	 1 	 0 	 0 	 NaN 	 NaN 	 NaN 	 NaN 	 67 	 67 	 67 	 0 	 585.294 	 90.5024 	 86.1134 	 0.137278 	 627.292 	 260 	 472 	 696.327 	 290.572 	 2 	 1701.38 	 0.224102 	 25.5896 	 25.5896 	 25.5896 	 0 	 148 	 112 	 130 	 25.4558 	  Tumour 
151 	 1233.91 	 1706.29 	 1868.9 	 434.219 	 4601 	 99.5058 	 67.6195 	 0.733626 	 0.790007 	 333.463 	 1131.62 	 271.808 	 0.240193 	 746.908 	 1050.93 	 5839 	 0.739301 	 406.593 	 1811.16 	 1855.76 	 1681.61 	 0.543716 	 2073.55 	 1790.78 	 547.931 	 0.29526 	 120 	 574 	 306.858 	 -39.7701 	 2 	 1482.33 	 0.322175 	 52.1614 	 52.1614 	 52.1614 	 0 	 62 	 58 	 60 	 2.82843 	 514.192 	 59.8229 	 96.2801 	 0.173106 	 556.191 	 74 	 75 	 474.162 	 68.4069 	 1 	 0 	 0 	 NaN 	 NaN 	 NaN 	 NaN 	 74 	 74 	 74 	 0 	  Tumour 
152 	 1248.11 	 1277.15 	 1571.46 	 533.274 	 8147 	 116.804 	 89.5609 	 0.641934 	 0.979796 	 354.392 	 2145.77 	 798.05 	 0.371918 	 1427 	 2065.08 	 12194 	 0.947328 	 470.593 	 2116.59 	 1973.85 	 1799.7 	 0.265116 	 2795.44 	 1842.78 	 907.395 	 0.459707 	 69 	 70 	 472.348 	 125.719 	 1 	 0 	 0 	 NaN 	 NaN 	 NaN 	 NaN 	 69 	 69 	 69 	 0 	 738.095 	 146.693 	 159.328 	 0.204242 	 780.093 	 230 	 305 	 840.543 	 434.788 	 2 	 393.409 	 0.0482888 	 15.6208 	 15.6208 	 15.6208 	 0 	 118 	 112 	 115 	 4.24264 	  Tumour 
153 	 1255.78 	 1451.69 	 1695.67 	 529.205 	 6119 	 128.269 	 63.4377 	 0.86914 	 0.950303 	 347.99 	 1467.19 	 546.769 	 0.372664 	 980.218 	 1386.5 	 7885 	 0.92874 	 404.936 	 2351.14 	 2360.41 	 2186.26 	 0.174863 	 2284.95 	 2368.83 	 347.438 	 0.147194 	 59 	 59 	 476.966 	 130.338 	 1 	 0 	 0 	 NaN 	 NaN 	 NaN 	 NaN 	 59 	 59 	 59 	 0 	 584.439 	 37.793 	 48.752 	 0.0778242 	 626.437 	 582 	 1472 	 642.411 	 236.655 	 6 	 1009.66 	 0.165005 	 53.4085 	 12.5265 	 28.3651 	 12.788 	 135 	 50 	 97 	 36.4856 	  Tumour 
154 	 1302.42 	 1673.19 	 1887.88 	 377.27 	 3582 	 89.5148 	 51.1903 	 0.820348 	 0.969943 	 245.279 	 902.143 	 183.057 	 0.202913 	 407.222 	 821.452 	 5053 	 0.932288 	 330.024 	 2569.21 	 2306.84 	 2132.69 	 0.408497 	 2193.22 	 2345.56 	 381.935 	 0.165566 	 0 	 0 	 NaN 	 NaN 	 0 	 0 	 0 	 NaN 	 NaN 	 NaN 	 NaN 	 0 	 0 	 NaN 	 NaN 	 576.604 	 17.3368 	 60.3653 	 0.0975834 	 618.602 	 0 	 0 	 NaN 	 NaN 	 0 	 0 	 0 	 NaN 	 NaN 	 NaN 	 NaN 	 0 	 0 	 NaN 	 NaN 	  Tumour 
155 	 151.779 	 2652.13 	 2394.17 	 296.204 	 5068 	 106.079 	 62.1007 	 0.810732 	 0.958578 	 295.907 	 706.236 	 354.635 	 0.502148 	 463.347 	 625.546 	 7994 	 0.910375 	 402.853 	 558.849 	 748.608 	 574.455 	 0.320106 	 1550.96 	 571.401 	 596.187 	 0.796393 	 54 	 55 	 132.481 	 -214.147 	 1 	 0 	 0 	 NaN 	 NaN 	 NaN 	 NaN 	 54 	 54 	 54 	 0 	 50.6744 	 -13.1424 	 45.237 	 0.488138 	 92.6727 	 70 	 72 	 173.843 	 -231.912 	 1 	 0 	 0 	 NaN 	 NaN 	 NaN 	 NaN 	 70 	 70 	 70 	 0 	  Tumour 
156 	 218.635 	 2726.15 	 2471.78 	 282.857 	 5172 	 97.5309 	 70.0493 	 0.69581 	 0.968902 	 288.007 	 2540.37 	 1012.03 	 0.398378 	 1591.89 	 2459.68 	 12625 	 0.94027 	 502.049 	 1910.51 	 1305.37 	 1131.22 	 0.255507 	 2047.47 	 1197.14 	 768.98 	 0.589089 	 0 	 0 	 NaN 	 NaN 	 0 	 0 	 0 	 NaN 	 NaN 	 NaN 	 NaN 	 0 	 0 	 NaN 	 NaN 	 389.08 	 45.9414 	 72.2561 	 0.167617 	 431.078 	 150 	 177 	 547.407 	 141.651 	 1 	 0 	 0 	 NaN 	 NaN 	 NaN 	 NaN 	 150 	 150 	 150 	 0 	  Tumour 
157 	 244.718 	 2663.86 	 2411.9 	 222.423 	 2309 	 69.3232 	 43.0696 	 0.783583 	 0.970576 	 194.752 	 979.818 	 446.893 	 0.456098 	 559.864 	 899.128 	 3636 	 0.948357 	 258.225 	 1384.15 	 1338.16 	 1164 	 0.429167 	 2048.31 	 1151.26 	 877.613 	 0.655836 	 0 	 0 	 NaN 	 NaN 	 0 	 0 	 0 	 NaN 	 NaN 	 NaN 	 NaN 	 0 	 0 	 NaN 	 NaN 	 270.514 	 42.8083 	 137.902 	 0.441269 	 312.512 	 0 	 0 	 NaN 	 NaN 	 0 	 0 	 0 	 NaN 	 NaN 	 NaN 	 NaN 	 0 	 0 	 NaN 	 NaN 	  Tumour 
158 	 421.273 	 2528.3 	 1972.06 	 222.423 	 677 	 34.1043 	 25.3861 	 0.667773 	 0.982583 	 96.669 	 780.263 	 233.574 	 0.299353 	 643.556 	 699.572 	 1400 	 0.962861 	 152.284 	 317.25 	 228.09 	 53.9369 	 0 	 0 	 0 	 102.36 	 0.44877 	 0 	 0 	 NaN 	 NaN 	 0 	 0 	 0 	 NaN 	 NaN 	 NaN 	 NaN 	 0 	 0 	 NaN 	 NaN 	 42.4538 	 26.3371 	 12.8189 	 0.15179 	 84.452 	 0 	 0 	 NaN 	 NaN 	 0 	 0 	 0 	 NaN 	 NaN 	 NaN 	 NaN 	 0 	 0 	 NaN 	 NaN 	  DCIS 
159 	 601.622 	 3023.08 	 2817.6 	 277.186 	 5127 	 103.754 	 63.2243 	 0.792886 	 0.974715 	 285.765 	 2227.05 	 457.971 	 0.20564 	 1292.4 	 2146.36 	 9489 	 0.952233 	 400.291 	 2223.08 	 2106.2 	 1932.04 	 0.296296 	 2622.47 	 2010.48 	 574.669 	 0.272847 	 74 	 77 	 462.743 	 116.115 	 1 	 0 	 0 	 NaN 	 NaN 	 NaN 	 NaN 	 74 	 74 	 74 	 0 	 546.304 	 42.4975 	 47.4875 	 0.0807196 	 588.302 	 457 	 1872 	 649.989 	 244.234 	 5 	 736.377 	 0.143627 	 60.642 	 11.9269 	 33.7258 	 13.9115 	 128 	 45 	 91.4 	 30.287 	  Tumour 
160 	 632.87 	 2427.74 	 1846.65 	 317.107 	 4021 	 93.9615 	 58.8832 	 0.779282 	 0.885098 	 286.392 	 760.794 	 304.308 	 0.399988 	 564.828 	 680.103 	 6182 	 0.919804 	 354.61 	 335.85 	 223.399 	 49.2455 	 0.0785498 	 225.923 	 223.784 	 52.4216 	 0.234655 	 0 	 0 	 NaN 	 NaN 	 0 	 0 	 0 	 NaN 	 NaN 	 NaN 	 NaN 	 0 	 0 	 NaN 	 NaN 	 48.8553 	 35.8643 	 34.119 	 0.375538 	 90.8535 	 74 	 219 	 203.095 	 -202.661 	 2 	 982.493 	 0.24434 	 30.2345 	 30.2345 	 30.2345 	 0 	 71 	 3 	 37 	 48.0833 	  DCIS 
161 	 669.066 	 3016.8 	 2825.63 	 229.654 	 3853 	 86.4238 	 59.356 	 0.726845 	 0.907229 	 298.551 	 2484.43 	 629.228 	 0.253268 	 1134.35 	 2403.74 	 8498 	 0.887334 	 395.179 	 1818.96 	 1809.01 	 1634.86 	 0.442254 	 2234.65 	 1684.68 	 664.572 	 0.367368 	 31 	 33 	 366.484 	 19.8555 	 1 	 0 	 0 	 NaN 	 NaN 	 NaN 	 NaN 	 31 	 31 	 31 	 0 	 531.87 	 73.2457 	 70.7535 	 0.123292 	 573.868 	 320 	 1130 	 499.884 	 94.1291 	 4 	 736.426 	 0.19113 	 48.1394 	 16.104 	 31.9479 	 12.7346 	 149 	 26 	 80 	 51.1534 	  Tumour 
162 	 676.365 	 3080.78 	 2889.62 	 281.78 	 3584 	 80.6647 	 57.2232 	 0.704811 	 0.972856 	 239.823 	 2796.87 	 473.456 	 0.169281 	 1368.27 	 2716.17 	 5712 	 0.946165 	 316.024 	 2150.57 	 2433.21 	 2259.06 	 0.380137 	 2185.68 	 2455.92 	 392.48 	 0.161302 	 0 	 0 	 NaN 	 NaN 	 0 	 0 	 0 	 NaN 	 NaN 	 NaN 	 NaN 	 0 	 0 	 NaN 	 NaN 	 654.965 	 -19.7438 	 57.2763 	 0.0821798 	 696.963 	 199 	 285 	 668.975 	 263.22 	 2 	 965.311 	 0.269339 	 14.8025 	 14.8025 	 14.8025 	 0 	 116 	 83 	 99.5 	 23.3345 	  Tumour 
163 	 727.755 	 2411.34 	 1825.36 	 275.748 	 2221 	 63.1673 	 47.6753 	 0.656017 	 0.87098 	 214.794 	 572.132 	 170.892 	 0.298694 	 366.504 	 491.441 	 3847 	 0.941969 	 261.74 	 270.042 	 216.537 	 42.3832 	 0.109756 	 227.259 	 216.69 	 28.1305 	 0.129911 	 0 	 0 	 NaN 	 NaN 	 0 	 0 	 0 	 NaN 	 NaN 	 NaN 	 NaN 	 0 	 0 	 NaN 	 NaN 	 44.6029 	 32.0642 	 20.75 	 0.239604 	 86.6011 	 0 	 0 	 NaN 	 NaN 	 0 	 0 	 0 	 NaN 	 NaN 	 NaN 	 NaN 	 0 	 0 	 NaN 	 NaN 	  DCIS 
164 	 758.786 	 2137.35 	 2006.44 	 275.748 	 3292 	 82.7985 	 51.3689 	 0.784279 	 0.97483 	 234.995 	 1362.28 	 665.822 	 0.488754 	 928.374 	 1281.59 	 4635 	 0.952528 	 311.681 	 1829.62 	 1481.27 	 1307.12 	 0 	 0 	 0 	 661.769 	 0.446757 	 0 	 0 	 NaN 	 NaN 	 0 	 0 	 0 	 NaN 	 NaN 	 NaN 	 NaN 	 0 	 0 	 NaN 	 NaN 	 350.295 	 137.463 	 88.2499 	 0.224959 	 392.293 	 218 	 559 	 349.505 	 -56.2507 	 3 	 671.686 	 0.204036 	 31.402 	 14.5723 	 22.6455 	 7.54505 	 85 	 53 	 72.6667 	 17.2143 	  Tumour 
165 	 797.717 	 2826.9 	 2241.26 	 229.654 	 1256 	 51.3231 	 32.3291 	 0.776666 	 0.957317 	 145.539 	 876.376 	 399.978 	 0.4564 	 700.298 	 795.685 	 2342 	 0.959836 	 197.941 	 254.399 	 176.92 	 2.76687 	 0 	 0 	 0 	 15.8725 	 0.0897153 	 0 	 0 	 NaN 	 NaN 	 0 	 0 	 0 	 NaN 	 NaN 	 NaN 	 NaN 	 0 	 0 	 NaN 	 NaN 	 6.43332 	 4.01567 	 6.42989 	 0.132763 	 48.4315 	 0 	 0 	 NaN 	 NaN 	 0 	 0 	 0 	 NaN 	 NaN 	 NaN 	 NaN 	 0 	 0 	 NaN 	 NaN 	  DCIS 
166 	 1077.21 	 2812.06 	 2750.9 	 279.403 	 4833 	 111.39 	 58.229 	 0.852487 	 0.904379 	 340.492 	 1332.04 	 584.946 	 0.439136 	 852.302 	 1251.35 	 9878 	 0.974066 	 387.647 	 1219.04 	 1097.52 	 923.371 	 0.164634 	 2452.2 	 977.804 	 910.32 	 0.82943 	 0 	 0 	 NaN 	 NaN 	 0 	 0 	 0 	 NaN 	 NaN 	 NaN 	 NaN 	 0 	 0 	 NaN 	 NaN 	 246.789 	 64.8319 	 128.206 	 0.443946 	 288.787 	 109 	 112 	 488.046 	 82.2906 	 1 	 0 	 0 	 NaN 	 NaN 	 NaN 	 NaN 	 109 	 109 	 109 	 0 	  Tumour 
167 	 1136.88 	 2855.09 	 2813.47 	 340.154 	 4002 	 88.9725 	 58.519 	 0.753263 	 0.934174 	 260.995 	 1815.64 	 526.552 	 0.290008 	 1114.54 	 1734.95 	 7698 	 0.984399 	 346.191 	 2314.72 	 1938.42 	 1764.27 	 0.183673 	 2452.2 	 1885.7 	 705.952 	 0.36419 	 0 	 0 	 NaN 	 NaN 	 0 	 0 	 0 	 NaN 	 NaN 	 NaN 	 NaN 	 0 	 0 	 NaN 	 NaN 	 427.982 	 39.7735 	 88.5204 	 0.188349 	 469.981 	 152 	 507 	 413.553 	 7.79735 	 2 	 700.535 	 0.175046 	 41.2148 	 41.2148 	 41.2148 	 0 	 79 	 73 	 76 	 4.24264 	  Tumour 
168 	 1296.01 	 3048.01 	 3053.76 	 534.48 	 3863 	 94.1665 	 54.4054 	 0.816209 	 0.909583 	 264.593 	 1277.14 	 503.28 	 0.394067 	 628.729 	 1196.45 	 6879 	 0.700224 	 490.995 	 2066.36 	 2136.41 	 1962.26 	 0 	 0 	 0 	 1066.05 	 0.49899 	 0 	 0 	 NaN 	 NaN 	 0 	 0 	 0 	 NaN 	 NaN 	 NaN 	 NaN 	 0 	 0 	 NaN 	 NaN 	 324.335 	 37.8189 	 134.905 	 0.368257 	 366.334 	 235 	 485 	 367.94 	 -37.8149 	 2 	 520.96 	 0.134859 	 24.3664 	 24.3664 	 24.3664 	 0 	 140 	 95 	 117.5 	 31.8198 	  Tumour 
169 	 1448.8 	 3039.69 	 3112.17 	 505.009 	 4809 	 108.481 	 58.153 	 0.844175 	 0.975259 	 290.593 	 2715.3 	 741.478 	 0.273074 	 1443.44 	 2634.61 	 7116 	 0.923796 	 392.853 	 2289.26 	 2298.67 	 2124.52 	 0 	 0 	 0 	 367.459 	 0.159857 	 75 	 78 	 330.453 	 -16.1751 	 1 	 0 	 0 	 NaN 	 NaN 	 NaN 	 NaN 	 75 	 75 	 75 	 0 	 508.205 	 64.773 	 55.5969 	 0.101048 	 550.203 	 90 	 186 	 602.378 	 196.622 	 2 	 437.932 	 0.0910651 	 19.105 	 19.105 	 19.105 	 0 	 45 	 45 	 45 	 0 	  Tumour 
170 	 1446.41 	 2534.74 	 2064.88 	 117.745 	 1692 	 49.4941 	 45.4339 	 0.396659 	 0.867692 	 183.681 	 717.288 	 291.339 	 0.406168 	 520.674 	 636.597 	 2887 	 0.95596 	 215.113 	 256.568 	 227.68 	 53.5263 	 0 	 0 	 0 	 72.6664 	 0.319161 	 0 	 0 	 NaN 	 NaN 	 0 	 0 	 0 	 NaN 	 NaN 	 NaN 	 NaN 	 0 	 0 	 NaN 	 NaN 	 18.4468 	 6.27676 	 8.11857 	 0.134313 	 60.445 	 0 	 0 	 NaN 	 NaN 	 0 	 0 	 0 	 NaN 	 NaN 	 NaN 	 NaN 	 0 	 0 	 NaN 	 NaN 	  DCIS 
171 	 1558.28 	 2631.09 	 2809.93 	 147.513 	 10322 	 135.937 	 98.8127 	 0.686741 	 0.962694 	 406.86 	 1215.88 	 412.042 	 0.338884 	 928.147 	 1135.19 	 16755 	 0.936557 	 588.936 	 579.729 	 637.811 	 463.658 	 0 	 0 	 0 	 334.407 	 0.524304 	 0 	 0 	 NaN 	 NaN 	 0 	 0 	 0 	 NaN 	 NaN 	 NaN 	 NaN 	 0 	 0 	 NaN 	 NaN 	 55.8858 	 -10.8985 	 25.9356 	 0.264962 	 97.884 	 135 	 143 	 343.252 	 -62.5034 	 1 	 0 	 0 	 NaN 	 NaN 	 NaN 	 NaN 	 135 	 135 	 135 	 0 	  Tumour 
172 	 1556.01 	 2493.26 	 2693.39 	 117.745 	 7329 	 134.278 	 71.3617 	 0.847092 	 0.920035 	 367.747 	 1179.32 	 547.163 	 0.463963 	 923.243 	 1098.63 	 9570 	 0.938972 	 430.51 	 508.045 	 350.557 	 176.404 	 0 	 0 	 0 	 182.499 	 0.520596 	 88 	 88 	 223.364 	 -123.265 	 1 	 0 	 0 	 NaN 	 NaN 	 NaN 	 NaN 	 88 	 88 	 88 	 0 	 111.505 	 63.084 	 66.6628 	 0.434276 	 153.503 	 290 	 1159 	 416.259 	 10.5033 	 4 	 965.89 	 0.13179 	 42.4613 	 13.8493 	 29.2127 	 9.59079 	 98 	 45 	 72.5 	 28.9425 	  Tumour 
173 	 1654.22 	 2160.9 	 2487.29 	 366.034 	 3445 	 74.3015 	 62.9545 	 0.531141 	 0.904674 	 253.321 	 838.325 	 386.987 	 0.461619 	 609.568 	 757.635 	 5353 	 0.949787 	 310.711 	 261.726 	 205.586 	 31.4329 	 0 	 0 	 0 	 39.1151 	 0.190262 	 0 	 0 	 NaN 	 NaN 	 0 	 0 	 0 	 NaN 	 NaN 	 NaN 	 NaN 	 0 	 0 	 NaN 	 NaN 	 25.3803 	 20.242 	 17.4167 	 0.25849 	 67.3785 	 98 	 99 	 301.5 	 -104.255 	 1 	 0 	 0 	 NaN 	 NaN 	 NaN 	 NaN 	 98 	 98 	 98 	 0 	  Tumour 
174 	 1994.55 	 2583.64 	 3030.51 	 551.182 	 2058 	 61.7007 	 43.2909 	 0.712543 	 0.954103 	 178.51 	 606.396 	 134.796 	 0.22229 	 402.028 	 525.705 	 3226 	 0.951622 	 233.255 	 628.167 	 597.823 	 423.669 	 0 	 0 	 0 	 147.488 	 0.246708 	 72 	 76 	 143.736 	 -202.892 	 1 	 0 	 0 	 NaN 	 NaN 	 NaN 	 NaN 	 72 	 72 	 72 	 0 	 89.5071 	 0.986271 	 33.2261 	 0.25266 	 131.505 	 83 	 84 	 210.169 	 -195.587 	 1 	 0 	 0 	 NaN 	 NaN 	 NaN 	 NaN 	 83 	 83 	 83 	 0 	  Tumour 
175 	 2141.09 	 2626.67 	 3158.32 	 701.063 	 6470 	 106.797 	 78.7362 	 0.675618 	 0.957809 	 326.735 	 499.307 	 290.308 	 0.581423 	 327.94 	 418.616 	 7489 	 0.957183 	 366.711 	 283.781 	 217.104 	 42.9507 	 0 	 0 	 0 	 41.1544 	 0.189561 	 45 	 45 	 96.9111 	 -249.717 	 1 	 0 	 0 	 NaN 	 NaN 	 NaN 	 NaN 	 45 	 45 	 45 	 0 	 39.2191 	 29.7318 	 34.9359 	 0.430153 	 81.2173 	 119 	 318 	 181.387 	 -224.369 	 2 	 1590.9 	 0.245889 	 29.3588 	 29.3588 	 29.3588 	 0 	 74 	 45 	 59.5 	 20.5061 	  Tumour 
176 	 2126.39 	 2374.57 	 2963.61 	 698.57 	 4077 	 78.5267 	 67.7337 	 0.50596 	 0.918036 	 288.735 	 800.645 	 415.862 	 0.519409 	 559.307 	 719.955 	 6085 	 0.95646 	 338.024 	 621.747 	 543.185 	 369.031 	 0 	 0 	 0 	 472.687 	 0.870214 	 0 	 0 	 NaN 	 NaN 	 0 	 0 	 0 	 NaN 	 NaN 	 NaN 	 NaN 	 0 	 0 	 NaN 	 NaN 	 156.585 	 63.6622 	 110.226 	 0.555065 	 198.583 	 31 	 32 	 158.613 	 -247.142 	 1 	 0 	 0 	 NaN 	 NaN 	 NaN 	 NaN 	 31 	 31 	 31 	 0 	  Tumour 
177 	 2477.23 	 2946.2 	 3620.07 	 1109.9 	 2884 	 82.2899 	 44.9078 	 0.837963 	 0.972026 	 218.61 	 1956.05 	 574.02 	 0.293459 	 1209.34 	 1875.36 	 9602 	 0.720006 	 602.049 	 1039.85 	 1050.02 	 875.863 	 0.350181 	 1874.64 	 852.809 	 659.105 	 0.62771 	 68 	 69 	 345.265 	 -1.36368 	 1 	 0 	 0 	 NaN 	 NaN 	 NaN 	 NaN 	 68 	 68 	 68 	 0 	 230.946 	 24.1785 	 91.4901 	 0.335197 	 272.944 	 101 	 105 	 357.327 	 -48.4285 	 1 	 0 	 0 	 NaN 	 NaN 	 NaN 	 NaN 	 101 	 101 	 101 	 0 	  Tumour 
178 	 2505.33 	 3027.97 	 3699.84 	 1168.13 	 6174 	 133.82 	 60.8015 	 0.890821 	 0.923284 	 340.007 	 2506.73 	 777.247 	 0.310064 	 1520.24 	 2426.04 	 9301 	 0.875141 	 471.12 	 1429.99 	 1448.52 	 1274.37 	 0.63658 	 1877.54 	 1213.42 	 709.687 	 0.489939 	 46 	 48 	 344.326 	 -2.3023 	 1 	 0 	 0 	 NaN 	 NaN 	 NaN 	 NaN 	 46 	 46 	 46 	 0 	 375.086 	 43.3053 	 135.508 	 0.324893 	 417.084 	 583 	 2821 	 482.115 	 76.3596 	 6 	 650.587 	 0.105375 	 91.6078 	 10.4431 	 42.4625 	 20.7665 	 160 	 35 	 97.1667 	 48.75 	  Tumour 
179 	 2545.77 	 2759.98 	 3532.71 	 1010.64 	 4273 	 104.878 	 53.0189 	 0.86281 	 0.964995 	 271.48 	 1551.73 	 534.109 	 0.344202 	 1087.19 	 1471.04 	 10900 	 0.911981 	 452.693 	 686.216 	 598.14 	 423.986 	 0.192771 	 854.513 	 563.147 	 311.844 	 0.521357 	 129 	 489 	 219.643 	 -126.985 	 2 	 113.267 	 0.0265077 	 48.2622 	 48.2622 	 48.2622 	 0 	 66 	 63 	 64.5 	 2.12132 	 85.6994 	 15.7632 	 31.0179 	 0.242902 	 127.698 	 0 	 0 	 NaN 	 NaN 	 0 	 0 	 0 	 NaN 	 NaN 	 NaN 	 NaN 	 0 	 0 	 NaN 	 NaN 	  Tumour 
180 	 2553.73 	 2974.02 	 3692.67 	 1191.8 	 3265 	 87.8473 	 49.7415 	 0.824249 	 0.906944 	 241.581 	 1876.2 	 681.267 	 0.36311 	 1094.51 	 1795.51 	 10706 	 0.882023 	 523.765 	 1129.78 	 1098.6 	 924.442 	 0.438017 	 1832.54 	 887.728 	 724.407 	 0.659394 	 58 	 61 	 308.362 	 -38.2663 	 1 	 0 	 0 	 NaN 	 NaN 	 NaN 	 NaN 	 58 	 58 	 58 	 0 	 265.873 	 35.1814 	 114.787 	 0.372842 	 307.871 	 84 	 87 	 477.798 	 72.0423 	 1 	 0 	 0 	 NaN 	 NaN 	 NaN 	 NaN 	 84 	 84 	 84 	 0 	  Tumour 
181 	 2565.95 	 2571.16 	 3416.28 	 833.173 	 6217 	 110.326 	 73.906 	 0.742464 	 0.948581 	 327.765 	 688.278 	 383.297 	 0.556893 	 474.325 	 607.588 	 8443 	 0.972024 	 377.054 	 342.741 	 302.64 	 128.486 	 0 	 0 	 0 	 154.014 	 0.508901 	 0 	 0 	 NaN 	 NaN 	 0 	 0 	 0 	 NaN 	 NaN 	 NaN 	 NaN 	 0 	 0 	 NaN 	 NaN 	 50.4144 	 21.8625 	 39.3387 	 0.425685 	 92.4126 	 68 	 69 	 155.412 	 -250.344 	 1 	 0 	 0 	 NaN 	 NaN 	 NaN 	 NaN 	 68 	 68 	 68 	 0 	  Tumour 
182 	 2649.04 	 2668.46 	 3543.06 	 885.411 	 3292 	 96.0064 	 44.9782 	 0.883468 	 0.956421 	 243.338 	 2645.97 	 837.598 	 0.316555 	 1987.57 	 2565.28 	 6852 	 0.934024 	 361.581 	 628.978 	 547.76 	 373.606 	 0.216216 	 972.958 	 492.031 	 391.707 	 0.715108 	 90 	 95 	 204.844 	 -141.784 	 1 	 0 	 0 	 NaN 	 NaN 	 NaN 	 NaN 	 90 	 90 	 90 	 0 	 45.0908 	 -14.4073 	 23.464 	 0.269426 	 87.089 	 196 	 347 	 339.878 	 -65.8777 	 2 	 761.398 	 0.231287 	 18.9317 	 18.9317 	 18.9317 	 0 	 100 	 96 	 98 	 2.82843 	  Tumour 
183 	 2628.36 	 2730.98 	 3570.98 	 951.732 	 2224 	 60.1526 	 47.4186 	 0.615286 	 0.976724 	 181.681 	 1555.62 	 647.442 	 0.416196 	 937.159 	 1474.93 	 6668 	 0.941542 	 376.936 	 772.902 	 690.104 	 515.95 	 0.452663 	 901.072 	 627.973 	 417.474 	 0.604944 	 0 	 0 	 NaN 	 NaN 	 0 	 0 	 0 	 NaN 	 NaN 	 NaN 	 NaN 	 0 	 0 	 NaN 	 NaN 	 79.1277 	 -6.21603 	 33.9847 	 0.280573 	 121.126 	 0 	 0 	 NaN 	 NaN 	 0 	 0 	 0 	 NaN 	 NaN 	 NaN 	 NaN 	 0 	 0 	 NaN 	 NaN 	  Tumour 
184 	 2822.56 	 2432.33 	 3522.37 	 606.831 	 4017 	 98.3051 	 54.5509 	 0.831907 	 0.938332 	 277.238 	 1744.86 	 630.464 	 0.361327 	 1184.35 	 1664.17 	 7698 	 0.861074 	 426.191 	 1503.31 	 1218.52 	 1044.37 	 0.367758 	 2073.42 	 1029.98 	 799.952 	 0.656492 	 76 	 80 	 283.934 	 -62.6942 	 1 	 0 	 0 	 NaN 	 NaN 	 NaN 	 NaN 	 76 	 76 	 76 	 0 	 354.449 	 101.871 	 113.007 	 0.28505 	 396.447 	 267 	 912 	 386.697 	 -19.0587 	 3 	 269.674 	 0.0671332 	 52.3763 	 19.2917 	 35.7061 	 14.7972 	 108 	 65 	 89 	 21.9317 	  Tumour 
185 	 2893.09 	 2364.19 	 3536.87 	 526.118 	 7232 	 129.904 	 72.1627 	 0.83151 	 0.950453 	 353.505 	 1896.84 	 666.103 	 0.351164 	 1288.91 	 1816.15 	 13464 	 0.936235 	 532.375 	 1921.86 	 1597.07 	 1422.92 	 0.392324 	 2066.38 	 1477.36 	 899.882 	 0.563456 	 136 	 222 	 297.382 	 -49.246 	 2 	 1615.14 	 0.223333 	 15.9103 	 15.9103 	 15.9103 	 0 	 71 	 65 	 68 	 4.24264 	 489.208 	 84.87 	 139.871 	 0.263308 	 531.206 	 637 	 1730 	 498.223 	 92.4676 	 6 	 2601.91 	 0.359778 	 47.312 	 13.3355 	 27.8423 	 11.0613 	 304 	 50 	 106.167 	 97.5816 	  Tumour 
186 	 2873.08 	 2854.23 	 3833.82 	 1014.94 	 3215 	 68.7214 	 60.3299 	 0.47886 	 0.973947 	 217.622 	 716.859 	 259.55 	 0.362066 	 473.236 	 636.169 	 4872 	 0.971292 	 278.912 	 600.503 	 566.106 	 391.953 	 0 	 0 	 0 	 157.16 	 0.277617 	 0 	 0 	 NaN 	 NaN 	 0 	 0 	 0 	 NaN 	 NaN 	 NaN 	 NaN 	 0 	 0 	 NaN 	 NaN 	 131.484 	 10.4646 	 39.4807 	 0.227577 	 173.482 	 0 	 0 	 NaN 	 NaN 	 0 	 0 	 0 	 NaN 	 NaN 	 NaN 	 NaN 	 0 	 0 	 NaN 	 NaN 	  Tumour 
187 	 2936.03 	 2484.5 	 3644.12 	 642.067 	 6498 	 122.589 	 68.9358 	 0.82691 	 0.973629 	 331.179 	 1277.02 	 338.745 	 0.265262 	 776.128 	 1196.33 	 11701 	 0.921629 	 470.801 	 1142.65 	 1124.19 	 950.039 	 0.288608 	 1544.28 	 1058.08 	 591.028 	 0.525735 	 10 	 12 	 205.3 	 -141.328 	 1 	 0 	 0 	 NaN 	 NaN 	 NaN 	 NaN 	 10 	 10 	 10 	 0 	 346.311 	 8.8914 	 122.182 	 0.314651 	 388.309 	 222 	 571 	 369.023 	 -36.7328 	 3 	 606.481 	 0.0933334 	 34.8289 	 12.3031 	 24.214 	 10.1237 	 78 	 70 	 74 	 4 	  Tumour 
188 	 3018.97 	 2419.9 	 3671.59 	 577.834 	 6147 	 124.551 	 65.729 	 0.849413 	 0.955393 	 341.563 	 1752.13 	 432.788 	 0.247007 	 1187.25 	 1671.44 	 11437 	 0.897512 	 508.274 	 1323.82 	 1569.59 	 1395.44 	 0.39738 	 1355.2 	 1630.66 	 914.002 	 0.582318 	 72 	 76 	 254.125 	 -92.5034 	 1 	 0 	 0 	 NaN 	 NaN 	 NaN 	 NaN 	 72 	 72 	 72 	 0 	 452.688 	 59.6403 	 114.181 	 0.230815 	 494.687 	 563 	 1934 	 465.389 	 59.6337 	 5 	 520.962 	 0.0847506 	 60.3625 	 13.8265 	 36.463 	 15.7807 	 123 	 88 	 112.6 	 14.6901 	  Tumour 
189 	 3083.46 	 2381.66 	 3701.62 	 549.13 	 5647 	 96.6728 	 74.8043 	 0.633444 	 0.987756 	 285.238 	 2217.08 	 953.637 	 0.430132 	 1799.15 	 2136.39 	 6998 	 0.914413 	 356.853 	 1153.55 	 992.259 	 818.106 	 0.409639 	 1485.13 	 862.758 	 647.121 	 0.65217 	 60 	 62 	 236.067 	 -110.562 	 1 	 0 	 0 	 NaN 	 NaN 	 NaN 	 NaN 	 60 	 60 	 60 	 0 	 357.511 	 202.522 	 178.367 	 0.446466 	 399.509 	 542 	 1540 	 507.22 	 101.464 	 5 	 1204.34 	 0.213271 	 50.2067 	 12.8673 	 29.4295 	 14.0743 	 177 	 68 	 108.4 	 43.6383 	  Tumour 
190 	 3096.07 	 2444.3 	 3748.06 	 612.478 	 3684 	 79.0026 	 63.085 	 0.601971 	 0.943164 	 250.752 	 1294.65 	 693.906 	 0.535978 	 1021.35 	 1213.96 	 6110 	 0.938124 	 343.907 	 936.634 	 864.297 	 690.143 	 0.51 	 1143.16 	 763.583 	 523.505 	 0.6057 	 0 	 0 	 0 	 -346.628 	 0 	 0 	 0 	 NaN 	 NaN 	 NaN 	 NaN 	 0 	 0 	 NaN 	 NaN 	 256.433 	 148.784 	 130.717 	 0.438014 	 298.431 	 147 	 186 	 397.068 	 -8.68725 	 2 	 1728.15 	 0.469097 	 11.6692 	 11.6692 	 11.6692 	 0 	 74 	 73 	 73.5 	 0.707107 	  Tumour 
