rownames 	XLoc 	YLoc 	NNDistSame 	NNDistOpp 	dapi_Area 	dapi_MajorAxisLength 	dapi_MinorAxisLength 	dapi_Eccentricity 	dapi_Solidity 	dapi_Perimeter 	dapi_MeanIntensity 	dapi_PixelSD 	dapi_PixelCV 	dapi_NucAdjustedInt 	dapi_BackAdjustedInt 	memb_Area 	memb_Solidity 	memb_Perimeter 	memb_MeanIntensity 	memb_MembraneIntensity 	memb_temp 	memb_pcTouch 	memb_OverLapIntensity 	memb_nonLapIntensity 	memb_PixelSD 	memb_PixelCV 	cent_Area 	cent_ConvexArea 	cent_MeanIntensity 	cent_BackAdjustedInt 	cent_CN 	cent_AreaSD 	cent_CoeffVar 	cent_MaxSpotDist 	cent_MinSpotDist 	cent_MeanSpotDist 	cent_SDSpotDist 	cent_SpotAreaMax 	cent_SpotAreaMin 	cent_SpotAreaMean 	cent_SpotAreaSD 	nucl_BackgroundAdjust 	nucl_NuclearAdjustedInt 	nucl_PixelSD 	nucl_PixelCV 	nucl_MeanIntensity 	Her2_Area 	Her2_ConvexArea 	Her2_MeanIntensity 	Her2_BackAdjustedInt 	Her2_CN 	Her2_AreaSD 	Her2_CoeffVar 	Her2_MaxSpotDist 	Her2_MinSpotDist 	Her2_MeanSpotDist 	Her2_SDSpotDist 	Her2_SpotAreaMax 	Her2_SpotAreaMin 	Her2_SpotAreaMean 	Her2_SpotAreaSD 	CellLabels 	
1 	 48.6964 	 714 	 78.2304 	 235.315 	 5702 	 116.043 	 64.8586 	 0.829221 	 0.95848 	 326.534 	 1139.81 	 489.069 	 0.429079 	 664.593 	 1069.96 	 6981 	 0.898109 	 385.262 	 282.244 	 243.952 	 180.953 	 0.129909 	 302 	 234.371 	 56.56 	 0.231849 	 69 	 69 	 234.391 	 98.7995 	 1 	 0 	 0 	 NaN 	 NaN 	 NaN 	 NaN 	 69 	 69 	 69 	 0 	 90.077 	 25.8848 	 20.7679 	 0.158581 	 130.961 	 190 	 262 	 263.447 	 39.305 	 2 	 532.353 	 0.0933626 	 14.2199 	 14.2199 	 14.2199 	 0 	 95 	 95 	 95 	 0 	  DCIS 
2 	 55.0605 	 792.43 	 77.7946 	 253.008 	 2547 	 74.5972 	 44.0359 	 0.807172 	 0.964407 	 207.48 	 839.406 	 338.383 	 0.403122 	 443.133 	 769.549 	 4266 	 0.857832 	 309.421 	 291.441 	 287.754 	 224.755 	 0.231343 	 334.177 	 282.617 	 81.8193 	 0.284338 	 0 	 0 	 NaN 	 NaN 	 0 	 0 	 0 	 NaN 	 NaN 	 NaN 	 NaN 	 0 	 0 	 NaN 	 NaN 	 86.5574 	 21.4076 	 14.311 	 0.112295 	 127.442 	 0 	 0 	 NaN 	 NaN 	 0 	 0 	 0 	 NaN 	 NaN 	 NaN 	 NaN 	 0 	 0 	 NaN 	 NaN 	  DCIS 
3 	 87.9939 	 1540.86 	 350.076 	 282.335 	 5753 	 132.077 	 58.0567 	 0.89821 	 0.919303 	 352.375 	 944.101 	 488.389 	 0.517306 	 436.196 	 874.244 	 8704 	 0.920669 	 441.019 	 240.315 	 159.381 	 96.3824 	 0 	 0 	 0 	 40.7227 	 0.255504 	 0 	 0 	 NaN 	 NaN 	 0 	 0 	 0 	 NaN 	 NaN 	 NaN 	 NaN 	 0 	 0 	 NaN 	 NaN 	 118.17 	 36.9365 	 43.1677 	 0.271402 	 159.054 	 381 	 902 	 322.921 	 98.7789 	 2 	 1743.87 	 0.303124 	 48.0361 	 48.0361 	 48.0361 	 0 	 299 	 82 	 190.5 	 153.442 	  Tumour 
4 	 93.9532 	 479.922 	 238.288 	 231.573 	 3458 	 77.5839 	 57.238 	 0.675067 	 0.972168 	 234.551 	 1179.77 	 564.632 	 0.478596 	 542.056 	 1109.91 	 4763 	 0.930273 	 278.593 	 250.048 	 200.987 	 137.988 	 0 	 0 	 0 	 56.9359 	 0.283281 	 0 	 0 	 NaN 	 NaN 	 0 	 0 	 0 	 NaN 	 NaN 	 NaN 	 NaN 	 0 	 0 	 NaN 	 NaN 	 54.2262 	 -34.6022 	 13.8554 	 0.145677 	 95.1105 	 119 	 125 	 290.739 	 66.5971 	 1 	 0 	 0 	 NaN 	 NaN 	 NaN 	 NaN 	 119 	 119 	 119 	 0 	  DCIS 
5 	 79.0135 	 337.281 	 378.192 	 336.482 	 594 	 44.9171 	 17.8566 	 0.917583 	 0.909648 	 109.74 	 647.025 	 207.376 	 0.320507 	 214.822 	 577.169 	 1109 	 0.915017 	 138.711 	 216.045 	 192.822 	 129.823 	 0 	 0 	 0 	 32.2699 	 0.167356 	 0 	 0 	 NaN 	 NaN 	 0 	 0 	 0 	 NaN 	 NaN 	 NaN 	 NaN 	 0 	 0 	 NaN 	 NaN 	 43.513 	 -40.8232 	 7.97934 	 0.094545 	 84.3973 	 0 	 0 	 NaN 	 NaN 	 0 	 0 	 0 	 NaN 	 NaN 	 NaN 	 NaN 	 0 	 0 	 NaN 	 NaN 	  Other 
6 	 129.075 	 815.548 	 129.63 	 180.347 	 4838 	 88.2897 	 70.8412 	 0.596824 	 0.962403 	 277.907 	 1075.99 	 428.673 	 0.3984 	 658.684 	 1006.13 	 5888 	 0.952289 	 304.291 	 335.483 	 324.608 	 261.609 	 0.262745 	 310.537 	 326.33 	 91.9485 	 0.28326 	 138 	 442 	 255.08 	 119.488 	 2 	 721.79 	 0.149192 	 40.3113 	 40.3113 	 40.3113 	 0 	 69 	 69 	 69 	 0 	 85.9369 	 -13.6607 	 17.9277 	 0.141362 	 126.821 	 221 	 302 	 317.357 	 93.2151 	 2 	 1546.81 	 0.31972 	 13.8342 	 13.8342 	 13.8342 	 0 	 134 	 87 	 110.5 	 33.234 	  DCIS 
7 	 129.304 	 1928.25 	 1216.63 	 190.539 	 2763 	 105.165 	 38.2422 	 0.931539 	 0.907687 	 275.463 	 554.498 	 208.877 	 0.376696 	 378.349 	 484.641 	 4555 	 0.914108 	 318.693 	 156.626 	 103.32 	 40.3212 	 0 	 0 	 0 	 27.27 	 0.263937 	 0 	 0 	 NaN 	 NaN 	 0 	 0 	 0 	 NaN 	 NaN 	 NaN 	 NaN 	 0 	 0 	 NaN 	 NaN 	 74.3539 	 40.3424 	 45.7829 	 0.397289 	 115.238 	 306 	 402 	 224.036 	 -0.106457 	 2 	 1243.63 	 0.4501 	 17.4681 	 17.4681 	 17.4681 	 0 	 161 	 145 	 153 	 11.3137 	  Other 
8 	 129.803 	 727.624 	 82.201 	 164.596 	 2179 	 62.9145 	 44.5636 	 0.705892 	 0.960335 	 188.309 	 806.567 	 256.411 	 0.317904 	 273.123 	 736.711 	 4720 	 0.875046 	 306.049 	 200.403 	 209.395 	 146.396 	 0.383721 	 247.556 	 200.192 	 49.2923 	 0.235403 	 0 	 0 	 NaN 	 NaN 	 0 	 0 	 0 	 NaN 	 NaN 	 NaN 	 NaN 	 0 	 0 	 NaN 	 NaN 	 45.2048 	 -37.0197 	 8.92281 	 0.103646 	 86.089 	 0 	 0 	 NaN 	 NaN 	 0 	 0 	 0 	 NaN 	 NaN 	 NaN 	 NaN 	 0 	 0 	 NaN 	 NaN 	  DCIS 
9 	 160.008 	 1813.77 	 1105.59 	 172.285 	 1382 	 55.1629 	 33.362 	 0.796385 	 0.944634 	 156.267 	 612.138 	 271.807 	 0.444029 	 343.186 	 542.282 	 3122 	 0.968362 	 219.238 	 217.474 	 156.27 	 93.2708 	 0 	 0 	 0 	 35.433 	 0.226742 	 0 	 0 	 NaN 	 NaN 	 0 	 0 	 0 	 NaN 	 NaN 	 NaN 	 NaN 	 0 	 0 	 NaN 	 NaN 	 93.3907 	 8.28626 	 22.4285 	 0.167034 	 134.275 	 69 	 69 	 381.13 	 156.988 	 1 	 0 	 0 	 NaN 	 NaN 	 NaN 	 NaN 	 69 	 69 	 69 	 0 	  Other 
10 	 170.736 	 703.456 	 122.495 	 116.73 	 1793 	 73.8086 	 32.525 	 0.897671 	 0.926136 	 196.208 	 719.889 	 303.453 	 0.421528 	 456.296 	 650.032 	 2964 	 0.945455 	 233.563 	 213.234 	 195.293 	 132.293 	 0.255319 	 212.708 	 193.22 	 36.6764 	 0.187802 	 0 	 0 	 NaN 	 NaN 	 0 	 0 	 0 	 NaN 	 NaN 	 NaN 	 NaN 	 0 	 0 	 NaN 	 NaN 	 38.785 	 7.81978 	 15.4615 	 0.194071 	 79.6693 	 0 	 0 	 NaN 	 NaN 	 0 	 0 	 0 	 NaN 	 NaN 	 NaN 	 NaN 	 0 	 0 	 NaN 	 NaN 	  Other 
11 	 192.061 	 352.341 	 389.221 	 263.928 	 4523 	 79.1899 	 73.2954 	 0.37859 	 0.971852 	 264.978 	 1229.73 	 526.13 	 0.427842 	 963.669 	 1159.87 	 5502 	 0.964586 	 289.22 	 274.358 	 223.847 	 160.848 	 0.210744 	 312.137 	 213.903 	 54.8465 	 0.245018 	 162 	 421 	 228.784 	 93.1922 	 2 	 782.541 	 0.173014 	 31.5469 	 31.5469 	 31.5469 	 0 	 89 	 73 	 81 	 11.3137 	 72.597 	 31.5415 	 16.2898 	 0.143546 	 113.481 	 69 	 69 	 361.232 	 137.089 	 1 	 0 	 0 	 NaN 	 NaN 	 NaN 	 NaN 	 69 	 69 	 69 	 0 	  DCIS 
12 	 275.871 	 651.934 	 60.0833 	 92.0869 	 6508 	 191.223 	 54.332 	 0.958786 	 0.770725 	 453.872 	 1102.48 	 404.85 	 0.367217 	 786.627 	 1032.62 	 7087 	 0.743964 	 488.156 	 351.861 	 359.47 	 296.471 	 0.577114 	 428.629 	 331.961 	 104.152 	 0.289738 	 0 	 0 	 NaN 	 NaN 	 0 	 0 	 0 	 NaN 	 NaN 	 NaN 	 NaN 	 0 	 0 	 NaN 	 NaN 	 107.752 	 17.0917 	 33.9834 	 0.228635 	 148.636 	 514 	 2986 	 489.883 	 265.741 	 4 	 776.763 	 0.119355 	 116.035 	 23.5652 	 72.6198 	 37.3678 	 148 	 117 	 128.5 	 13.5277 	  Tumour 
13 	 230.637 	 168.225 	 575.535 	 387.769 	 1707 	 60.662 	 36.2946 	 0.801266 	 0.950975 	 169.196 	 769.016 	 292.971 	 0.380969 	 302.505 	 699.159 	 1856 	 0.878788 	 190.125 	 342.443 	 310.917 	 247.918 	 0.366864 	 364.387 	 298.201 	 87.8487 	 0.282547 	 0 	 0 	 NaN 	 NaN 	 0 	 0 	 0 	 NaN 	 NaN 	 NaN 	 NaN 	 0 	 0 	 NaN 	 NaN 	 70.4455 	 -3.8472 	 19.9331 	 0.179045 	 111.33 	 0 	 0 	 NaN 	 NaN 	 0 	 0 	 0 	 NaN 	 NaN 	 NaN 	 NaN 	 0 	 0 	 NaN 	 NaN 	  Other 
14 	 255.366 	 378.79 	 393.27 	 219.672 	 4772 	 97.8548 	 63.1394 	 0.763984 	 0.972885 	 274.978 	 1025.34 	 336.707 	 0.328386 	 622.422 	 955.484 	 7319 	 0.927983 	 352.676 	 243.875 	 240.044 	 177.045 	 0.174497 	 309.731 	 233.818 	 73.4889 	 0.306148 	 129 	 134 	 218.705 	 83.1137 	 1 	 0 	 0 	 NaN 	 NaN 	 NaN 	 NaN 	 129 	 129 	 129 	 0 	 59.9523 	 -15.4473 	 19.347 	 0.191865 	 100.837 	 98 	 99 	 280.592 	 56.4494 	 1 	 0 	 0 	 NaN 	 NaN 	 NaN 	 NaN 	 98 	 98 	 98 	 0 	  DCIS 
15 	 240.05 	 206.237 	 542.72 	 356.808 	 1175 	 57.7451 	 29.47 	 0.859969 	 0.828048 	 158.953 	 781.907 	 266.663 	 0.341042 	 554.992 	 712.051 	 2850 	 0.869963 	 255.765 	 219.424 	 239.333 	 176.334 	 0.282407 	 377.77 	 218.086 	 89.588 	 0.374323 	 0 	 0 	 NaN 	 NaN 	 0 	 0 	 0 	 NaN 	 NaN 	 NaN 	 NaN 	 0 	 0 	 NaN 	 NaN 	 29.9336 	 0.170814 	 9.18757 	 0.129735 	 70.8179 	 0 	 0 	 NaN 	 NaN 	 0 	 0 	 0 	 NaN 	 NaN 	 NaN 	 NaN 	 0 	 0 	 NaN 	 NaN 	  Other 
16 	 295.198 	 595.347 	 968.383 	 57.2189 	 8184 	 174.987 	 75.8145 	 0.90127 	 0.766867 	 498.257 	 1161.42 	 399.307 	 0.343809 	 794.541 	 1091.56 	 9730 	 0.785564 	 544.884 	 386.04 	 366.932 	 303.933 	 0.683516 	 403.46 	 349.192 	 81.9671 	 0.223385 	 65 	 66 	 270.169 	 134.577 	 1 	 0 	 0 	 NaN 	 NaN 	 NaN 	 NaN 	 65 	 65 	 65 	 0 	 108.46 	 23.7365 	 18.7428 	 0.125501 	 149.344 	 901 	 2996 	 640.457 	 416.315 	 3 	 4524.08 	 0.552795 	 91.2857 	 45.5247 	 66.3167 	 20.7191 	 851 	 24 	 300.333 	 476.892 	  Tumour 
17 	 298.209 	 2015.83 	 519.351 	 190.539 	 6091 	 96.9092 	 82.0304 	 0.532441 	 0.963766 	 322.676 	 999.98 	 473.998 	 0.474007 	 786.78 	 930.124 	 8001 	 0.960966 	 367.179 	 215.159 	 150.801 	 87.8022 	 0 	 0 	 0 	 48.7971 	 0.323585 	 0 	 0 	 NaN 	 NaN 	 0 	 0 	 0 	 NaN 	 NaN 	 NaN 	 NaN 	 0 	 0 	 NaN 	 NaN 	 77.9236 	 16.6922 	 19.8795 	 0.167325 	 118.808 	 570 	 782 	 485.47 	 261.328 	 2 	 1209.47 	 0.198566 	 31.6423 	 31.6423 	 31.6423 	 0 	 402 	 168 	 285 	 165.463 	  Tumour 
18 	 308.092 	 794.365 	 778.723 	 74.9533 	 7751 	 142.936 	 80.4024 	 0.826793 	 0.822562 	 426.132 	 1105.12 	 356.056 	 0.322188 	 808.912 	 1035.26 	 8826 	 0.79492 	 464.316 	 374.917 	 444.412 	 381.413 	 0.470588 	 459.804 	 439.258 	 71.4164 	 0.160699 	 116 	 122 	 226.276 	 90.6841 	 1 	 0 	 0 	 NaN 	 NaN 	 NaN 	 NaN 	 116 	 116 	 116 	 0 	 118.077 	 -25.9354 	 37.7764 	 0.237646 	 158.961 	 328 	 626 	 577.689 	 353.547 	 2 	 1627.63 	 0.20999 	 35.5294 	 35.5294 	 35.5294 	 0 	 242 	 86 	 164 	 110.309 	  Tumour 
19 	 319.899 	 953.977 	 631.184 	 71.8401 	 4305 	 103.94 	 53.2695 	 0.858687 	 0.949283 	 286.233 	 808.282 	 272.044 	 0.336571 	 491.099 	 738.425 	 6064 	 0.890324 	 346.676 	 305.505 	 324.914 	 261.915 	 0.239726 	 332.014 	 326.053 	 79.4759 	 0.244606 	 0 	 0 	 NaN 	 NaN 	 0 	 0 	 0 	 NaN 	 NaN 	 NaN 	 NaN 	 0 	 0 	 NaN 	 NaN 	 89.663 	 -12.0858 	 26.0229 	 0.199337 	 130.547 	 0 	 0 	 NaN 	 NaN 	 0 	 0 	 0 	 NaN 	 NaN 	 NaN 	 NaN 	 0 	 0 	 NaN 	 NaN 	  Tumour 
20 	 321.105 	 237.792 	 548.234 	 273.98 	 4933 	 95.955 	 66.7879 	 0.71801 	 0.961786 	 281.279 	 801.796 	 204.29 	 0.25479 	 552.449 	 731.939 	 6665 	 0.946598 	 328.392 	 273.379 	 239.223 	 176.224 	 0.0460993 	 346 	 236.535 	 72.2975 	 0.302218 	 110 	 112 	 215.464 	 79.8719 	 1 	 0 	 0 	 NaN 	 NaN 	 NaN 	 NaN 	 110 	 110 	 110 	 0 	 59.567 	 15.8178 	 12.5683 	 0.125119 	 100.451 	 0 	 0 	 NaN 	 NaN 	 0 	 0 	 0 	 NaN 	 NaN 	 NaN 	 NaN 	 0 	 0 	 NaN 	 NaN 	  DCIS 
21 	 333.985 	 750.409 	 828.37 	 44.3847 	 2982 	 87.226 	 45.0553 	 0.856266 	 0.905832 	 247.723 	 945.17 	 300.607 	 0.318045 	 560.005 	 875.313 	 4028 	 0.889772 	 287.179 	 453.046 	 452.069 	 389.07 	 0.838057 	 439.493 	 456.926 	 40.3629 	 0.0892848 	 69 	 69 	 304.014 	 168.423 	 1 	 0 	 0 	 NaN 	 NaN 	 NaN 	 NaN 	 69 	 69 	 69 	 0 	 139.471 	 -16.083 	 25.6724 	 0.142344 	 180.355 	 0 	 0 	 NaN 	 NaN 	 0 	 0 	 0 	 NaN 	 NaN 	 NaN 	 NaN 	 0 	 0 	 NaN 	 NaN 	  Tumour 
22 	 330.69 	 1793.44 	 350.076 	 157.813 	 3608 	 71.6051 	 65.2622 	 0.411481 	 0.964706 	 235.865 	 823.013 	 273.42 	 0.332218 	 628.615 	 753.157 	 4971 	 0.928638 	 294.794 	 169.221 	 153.062 	 90.0625 	 0.180769 	 186.021 	 150.368 	 64.6993 	 0.422701 	 96 	 96 	 128.656 	 -6.93551 	 1 	 0 	 0 	 NaN 	 NaN 	 NaN 	 NaN 	 96 	 96 	 96 	 0 	 61.5243 	 15.6997 	 22.9933 	 0.224525 	 102.409 	 473 	 547 	 937.235 	 713.092 	 1 	 0 	 0 	 NaN 	 NaN 	 NaN 	 NaN 	 473 	 473 	 473 	 0 	  Tumour 
23 	 330.995 	 1090.06 	 470 	 136.444 	 1140 	 46.6489 	 32.1113 	 0.725369 	 0.941371 	 137.882 	 871.955 	 394.796 	 0.45277 	 517.339 	 802.099 	 3109 	 0.918193 	 240.267 	 407.499 	 368.967 	 305.968 	 0.293023 	 453 	 354.036 	 80.6743 	 0.218649 	 0 	 0 	 NaN 	 NaN 	 0 	 0 	 0 	 NaN 	 NaN 	 NaN 	 NaN 	 0 	 0 	 NaN 	 NaN 	 119.252 	 14.4773 	 30.9526 	 0.193289 	 160.136 	 0 	 0 	 NaN 	 NaN 	 0 	 0 	 0 	 NaN 	 NaN 	 NaN 	 NaN 	 0 	 0 	 NaN 	 NaN 	  Other 
24 	 352.489 	 599.901 	 323.736 	 57.2189 	 2450 	 64.6185 	 48.7619 	 0.656171 	 0.945946 	 198.752 	 1090.14 	 378.432 	 0.347141 	 774.79 	 1020.28 	 3010 	 0.933913 	 222.309 	 305.169 	 320.021 	 257.022 	 0.773684 	 371.946 	 287.47 	 107.921 	 0.337231 	 0 	 0 	 NaN 	 NaN 	 0 	 0 	 0 	 NaN 	 NaN 	 NaN 	 NaN 	 0 	 0 	 NaN 	 NaN 	 79.6337 	 47.3481 	 26.1356 	 0.21686 	 120.518 	 249 	 677 	 277.104 	 52.962 	 3 	 1123.25 	 0.458468 	 27.9704 	 19.9496 	 23.3479 	 3.71023 	 136 	 24 	 83 	 56.2406 	  Other 
25 	 350.756 	 709.051 	 302.041 	 44.3847 	 1601 	 52.0706 	 40.9958 	 0.616555 	 0.935164 	 165.338 	 1084.67 	 315.965 	 0.291301 	 686.386 	 1014.81 	 2200 	 0.927097 	 194.51 	 390.067 	 426.22 	 363.221 	 0.988095 	 426.759 	 427.888 	 50.3143 	 0.118048 	 69 	 69 	 224.42 	 88.8285 	 1 	 0 	 0 	 NaN 	 NaN 	 NaN 	 NaN 	 69 	 69 	 69 	 0 	 129.679 	 -28.8846 	 23.904 	 0.140147 	 170.563 	 0 	 0 	 NaN 	 NaN 	 0 	 0 	 0 	 NaN 	 NaN 	 NaN 	 NaN 	 0 	 0 	 NaN 	 NaN 	  Other 
26 	 370.447 	 879.96 	 718.641 	 69.8713 	 2261 	 75.8093 	 38.5781 	 0.860835 	 0.968723 	 199.966 	 643.164 	 160.911 	 0.250187 	 358.659 	 573.307 	 4309 	 0.864393 	 308.291 	 332.649 	 358.355 	 295.356 	 0.393822 	 322.696 	 368.092 	 85.6817 	 0.239097 	 0 	 0 	 NaN 	 NaN 	 0 	 0 	 0 	 NaN 	 NaN 	 NaN 	 NaN 	 0 	 0 	 NaN 	 NaN 	 100.028 	 -18.9302 	 27.7082 	 0.196634 	 140.912 	 173 	 177 	 419.052 	 194.91 	 1 	 0 	 0 	 NaN 	 NaN 	 NaN 	 NaN 	 173 	 173 	 173 	 0 	  Tumour 
27 	 374.939 	 1085.56 	 494.631 	 143 	 2084 	 61.2692 	 45.2354 	 0.674467 	 0.925811 	 188.225 	 1004.21 	 432.521 	 0.430709 	 614.275 	 934.35 	 4181 	 0.887309 	 279.581 	 410.802 	 373.741 	 310.742 	 0.250996 	 445.429 	 362.289 	 75.1004 	 0.200942 	 0 	 0 	 NaN 	 NaN 	 0 	 0 	 0 	 NaN 	 NaN 	 NaN 	 NaN 	 0 	 0 	 NaN 	 NaN 	 141.632 	 -3.9486 	 32.354 	 0.177266 	 182.516 	 0 	 0 	 NaN 	 NaN 	 0 	 0 	 0 	 NaN 	 NaN 	 NaN 	 NaN 	 0 	 0 	 NaN 	 NaN 	  Other 
28 	 385.698 	 1855.41 	 432.897 	 111.893 	 4454 	 90.666 	 63.0298 	 0.71883 	 0.96763 	 263.563 	 838.463 	 272.599 	 0.325118 	 616.861 	 768.606 	 6551 	 0.953566 	 336.35 	 208.131 	 204.145 	 141.146 	 0.158249 	 177.383 	 205.567 	 64.4772 	 0.31584 	 164 	 494 	 117.28 	 -18.3113 	 2 	 193.731 	 0.043496 	 36.517 	 36.517 	 36.517 	 0 	 94 	 70 	 82 	 16.9706 	 72.0847 	 -8.67827 	 20.2841 	 0.179554 	 112.969 	 193 	 197 	 733.617 	 509.474 	 1 	 0 	 0 	 NaN 	 NaN 	 NaN 	 NaN 	 193 	 193 	 193 	 0 	  Tumour 
29 	 365.398 	 1009.87 	 432.98 	 71.8401 	 1299 	 50.0431 	 33.4914 	 0.743036 	 0.945415 	 150.853 	 823.702 	 366.665 	 0.445143 	 501.027 	 753.845 	 1748 	 0.901961 	 179.48 	 373.423 	 366.122 	 303.123 	 0.324324 	 431.854 	 356.516 	 82.3181 	 0.224838 	 0 	 0 	 NaN 	 NaN 	 0 	 0 	 0 	 NaN 	 NaN 	 NaN 	 NaN 	 0 	 0 	 NaN 	 NaN 	 103.763 	 23.9696 	 30.7717 	 0.212736 	 144.647 	 0 	 0 	 NaN 	 NaN 	 0 	 0 	 0 	 NaN 	 NaN 	 NaN 	 NaN 	 0 	 0 	 NaN 	 NaN 	  Other 
30 	 381.682 	 670.123 	 919.281 	 49.8197 	 4330 	 113.782 	 50.6187 	 0.895594 	 0.855731 	 320.635 	 814.849 	 211.721 	 0.259829 	 427.672 	 744.993 	 5460 	 0.864471 	 365.12 	 371.964 	 403.902 	 340.903 	 0.701587 	 414.05 	 400.848 	 54.162 	 0.134097 	 0 	 0 	 NaN 	 NaN 	 0 	 0 	 0 	 NaN 	 NaN 	 NaN 	 NaN 	 0 	 0 	 NaN 	 NaN 	 129.839 	 10.61 	 25.4089 	 0.148831 	 170.723 	 1304 	 3949 	 398.2 	 174.058 	 7 	 340.604 	 0.0786613 	 80.2017 	 17.4881 	 41.6983 	 16.7078 	 312 	 107 	 186.286 	 71.8464 	  Tumour 
31 	 418.534 	 300.958 	 554.499 	 160.206 	 4349 	 118.917 	 48.7053 	 0.912277 	 0.900228 	 311.22 	 838.058 	 321.449 	 0.383564 	 584.952 	 768.201 	 7498 	 0.830435 	 448.617 	 264.994 	 230.75 	 167.751 	 0.0338542 	 339.385 	 229.097 	 72.2129 	 0.312949 	 90 	 91 	 211.278 	 75.686 	 1 	 0 	 0 	 NaN 	 NaN 	 NaN 	 NaN 	 90 	 90 	 90 	 0 	 54.944 	 18.5843 	 15.2724 	 0.159373 	 95.8282 	 69 	 69 	 227 	 2.85759 	 1 	 0 	 0 	 NaN 	 NaN 	 NaN 	 NaN 	 69 	 69 	 69 	 0 	  DCIS 
32 	 380.924 	 811.128 	 345.88 	 69.8713 	 1678 	 52.0797 	 42.0055 	 0.591149 	 0.967147 	 158.125 	 617.123 	 160.339 	 0.259816 	 340.03 	 547.266 	 2537 	 0.93963 	 202.995 	 407.051 	 420.155 	 357.156 	 0.408046 	 520.366 	 394.801 	 108.468 	 0.258162 	 0 	 0 	 NaN 	 NaN 	 0 	 0 	 0 	 NaN 	 NaN 	 NaN 	 NaN 	 0 	 0 	 NaN 	 NaN 	 135.135 	 8.8524 	 27.1469 	 0.154227 	 176.019 	 0 	 0 	 NaN 	 NaN 	 0 	 0 	 0 	 NaN 	 NaN 	 NaN 	 NaN 	 0 	 0 	 NaN 	 NaN 	  Other 
33 	 385.373 	 1297.17 	 672.893 	 198.806 	 1468 	 58.4671 	 32.8152 	 0.82764 	 0.935032 	 160.368 	 654.469 	 222.433 	 0.339867 	 450.722 	 584.613 	 5639 	 0.806955 	 382.007 	 240.616 	 233.938 	 170.939 	 0 	 0 	 0 	 29.658 	 0.126777 	 116 	 121 	 158.802 	 23.21 	 1 	 0 	 0 	 NaN 	 NaN 	 NaN 	 NaN 	 116 	 116 	 116 	 0 	 55.1512 	 5.54997 	 7.95943 	 0.0828801 	 96.0354 	 0 	 0 	 NaN 	 NaN 	 0 	 0 	 0 	 NaN 	 NaN 	 NaN 	 NaN 	 0 	 0 	 NaN 	 NaN 	  Other 
34 	 403.718 	 1001.39 	 456.502 	 70.3847 	 2362 	 65.8484 	 47.5858 	 0.691207 	 0.913733 	 205.723 	 924.122 	 415.628 	 0.449754 	 574.456 	 854.266 	 3552 	 0.849964 	 275.22 	 377.339 	 374.202 	 311.203 	 0.508772 	 418.362 	 358.679 	 70.2954 	 0.187854 	 0 	 0 	 NaN 	 NaN 	 0 	 0 	 0 	 NaN 	 NaN 	 NaN 	 NaN 	 0 	 0 	 NaN 	 NaN 	 132.204 	 10.813 	 31.9604 	 0.184648 	 173.088 	 0 	 0 	 NaN 	 NaN 	 0 	 0 	 0 	 NaN 	 NaN 	 NaN 	 NaN 	 0 	 0 	 NaN 	 NaN 	  Other 
35 	 430.741 	 936.127 	 695.467 	 70.3847 	 6908 	 106.451 	 83.0456 	 0.625619 	 0.97433 	 329.99 	 954.296 	 261.707 	 0.27424 	 604.226 	 884.44 	 9529 	 0.910733 	 424.902 	 300.033 	 375.455 	 312.455 	 0.480114 	 384.385 	 374.09 	 66.6965 	 0.177642 	 103 	 105 	 191.165 	 55.5733 	 1 	 0 	 0 	 NaN 	 NaN 	 NaN 	 NaN 	 103 	 103 	 103 	 0 	 87.398 	 -40.1454 	 28.8319 	 0.224754 	 128.282 	 935 	 979 	 1271.55 	 1047.4 	 1 	 0 	 0 	 NaN 	 NaN 	 NaN 	 NaN 	 935 	 935 	 935 	 0 	  Tumour 
36 	 421.631 	 621.061 	 978.752 	 73.0821 	 5074 	 106.213 	 62.8618 	 0.806053 	 0.90591 	 311.706 	 1139.73 	 388.675 	 0.341025 	 834.201 	 1069.87 	 6179 	 0.867715 	 364.617 	 326.352 	 347.767 	 284.768 	 0.693333 	 369.899 	 337.085 	 90.7114 	 0.26084 	 181 	 864 	 201.414 	 65.8226 	 2 	 1017.82 	 0.200595 	 60.5142 	 60.5142 	 60.5142 	 0 	 99 	 82 	 90.5 	 12.0208 	 101.012 	 17.5803 	 32.3026 	 0.22765 	 141.896 	 894 	 1188 	 882.842 	 658.7 	 2 	 1053.33 	 0.207594 	 28.9414 	 28.9414 	 28.9414 	 0 	 666 	 228 	 447 	 309.713 	  Tumour 
37 	 414.497 	 196.968 	 632.862 	 214.56 	 1436 	 61.7169 	 30.829 	 0.866301 	 0.919923 	 164.853 	 967.986 	 358.22 	 0.370068 	 574.908 	 898.129 	 2291 	 0.952599 	 195.137 	 190.636 	 155.5 	 92.5009 	 0 	 0 	 0 	 31.242 	 0.200913 	 68 	 68 	 159.574 	 23.9818 	 1 	 0 	 0 	 NaN 	 NaN 	 NaN 	 NaN 	 68 	 68 	 68 	 0 	 33.8365 	 12.7926 	 10.7179 	 0.143439 	 74.7208 	 124 	 126 	 184.016 	 -40.1263 	 1 	 0 	 0 	 NaN 	 NaN 	 NaN 	 NaN 	 124 	 124 	 124 	 0 	  Other 
38 	 469.042 	 1556.81 	 381.336 	 187.627 	 5343 	 95.7283 	 73.0044 	 0.646845 	 0.958902 	 307.362 	 773.896 	 258.597 	 0.33415 	 550.696 	 704.039 	 7453 	 0.924919 	 371.765 	 261.657 	 294.244 	 231.245 	 0.307229 	 340.608 	 285.381 	 64.7012 	 0.21989 	 0 	 0 	 NaN 	 NaN 	 0 	 0 	 0 	 NaN 	 NaN 	 NaN 	 NaN 	 0 	 0 	 NaN 	 NaN 	 98.6688 	 -53.7022 	 40.1888 	 0.287982 	 139.553 	 0 	 0 	 NaN 	 NaN 	 0 	 0 	 0 	 NaN 	 NaN 	 NaN 	 NaN 	 0 	 0 	 NaN 	 NaN 	  Tumour 
39 	 466.622 	 838.376 	 798.655 	 90.1388 	 5651 	 92.147 	 78.637 	 0.52128 	 0.979206 	 292.007 	 850.109 	 244.188 	 0.287243 	 592.17 	 780.252 	 7525 	 0.941567 	 354.333 	 331.032 	 357.258 	 294.259 	 0.0973154 	 313.793 	 358.917 	 122.301 	 0.342331 	 183 	 242 	 203.246 	 67.6541 	 2 	 316.544 	 0.0560156 	 12.5502 	 12.5502 	 12.5502 	 0 	 104 	 79 	 91.5 	 17.6777 	 107.147 	 -17.1946 	 23.3546 	 0.157768 	 148.031 	 1015 	 1266 	 1036.22 	 812.076 	 2 	 1566.79 	 0.277258 	 32.2054 	 32.2054 	 32.2054 	 0 	 957 	 58 	 507.5 	 635.689 	  Tumour 
40 	 482.862 	 628.611 	 993.866 	 117.034 	 3920 	 105.928 	 48.7379 	 0.887866 	 0.944806 	 281.463 	 1007.53 	 377.938 	 0.375111 	 719.61 	 937.678 	 7544 	 0.817512 	 442.801 	 268.834 	 294.215 	 231.216 	 0.433243 	 359.73 	 275.932 	 92.013 	 0.312741 	 134 	 148 	 197.239 	 61.647 	 1 	 0 	 0 	 NaN 	 NaN 	 NaN 	 NaN 	 134 	 134 	 134 	 0 	 78.6951 	 18.4636 	 23.3851 	 0.195561 	 119.579 	 182 	 521 	 515.5 	 291.358 	 2 	 717.456 	 0.183025 	 35.3101 	 35.3101 	 35.3101 	 0 	 103 	 79 	 91 	 16.9706 	  Tumour 
41 	 488.093 	 1809.03 	 1179.72 	 111.893 	 2666 	 65.0934 	 52.8252 	 0.584312 	 0.942382 	 210.208 	 544.285 	 138.104 	 0.253735 	 365.191 	 474.429 	 4987 	 0.971557 	 273.078 	 268.228 	 268.096 	 205.097 	 0 	 0 	 0 	 56.3916 	 0.210341 	 0 	 0 	 NaN 	 NaN 	 0 	 0 	 0 	 NaN 	 NaN 	 NaN 	 NaN 	 0 	 0 	 NaN 	 NaN 	 88.1566 	 -6.8989 	 19.8064 	 0.15349 	 129.041 	 0 	 0 	 NaN 	 NaN 	 0 	 0 	 0 	 NaN 	 NaN 	 NaN 	 NaN 	 0 	 0 	 NaN 	 NaN 	  Other 
42 	 503.389 	 1457.4 	 423.416 	 198.806 	 5246 	 87.4952 	 76.5741 	 0.483797 	 0.978914 	 281.706 	 899.13 	 319.282 	 0.355101 	 663.835 	 829.273 	 8784 	 0.948289 	 389.463 	 281.212 	 275.704 	 212.705 	 0.231672 	 414.949 	 252.392 	 138.988 	 0.504119 	 87 	 89 	 165.874 	 30.2818 	 1 	 0 	 0 	 NaN 	 NaN 	 NaN 	 NaN 	 87 	 87 	 87 	 0 	 100.519 	 -10.5464 	 32.9499 	 0.233021 	 141.403 	 373 	 383 	 1143.41 	 919.268 	 1 	 0 	 0 	 NaN 	 NaN 	 NaN 	 NaN 	 373 	 373 	 373 	 0 	  Tumour 
43 	 526.758 	 584.279 	 1052.89 	 129.097 	 3602 	 77.1781 	 63.3572 	 0.57104 	 0.956452 	 248.693 	 829.342 	 254.592 	 0.30698 	 547.118 	 759.485 	 4819 	 0.929233 	 289.078 	 358.862 	 348.715 	 285.716 	 0.247967 	 359.131 	 348.689 	 113.375 	 0.325121 	 38 	 40 	 178.421 	 42.8293 	 1 	 0 	 0 	 NaN 	 NaN 	 NaN 	 NaN 	 38 	 38 	 38 	 0 	 76.6879 	 -12.8197 	 17.3084 	 0.147215 	 117.572 	 515 	 746 	 589.487 	 365.345 	 2 	 1556.68 	 0.43217 	 24.8578 	 24.8578 	 24.8578 	 0 	 351 	 164 	 257.5 	 132.229 	  Tumour 
44 	 523.653 	 422.186 	 1200.94 	 160.206 	 2625 	 75.595 	 44.5268 	 0.80812 	 0.961891 	 212.551 	 934.149 	 296.88 	 0.317808 	 617.075 	 864.292 	 4089 	 0.921984 	 281.907 	 364.094 	 414.992 	 351.993 	 0.256303 	 377.066 	 420.575 	 93.4124 	 0.225095 	 0 	 0 	 NaN 	 NaN 	 0 	 0 	 0 	 NaN 	 NaN 	 NaN 	 NaN 	 0 	 0 	 NaN 	 NaN 	 85.1173 	 -28.1725 	 29.3154 	 0.232659 	 126.002 	 0 	 0 	 NaN 	 NaN 	 0 	 0 	 0 	 NaN 	 NaN 	 NaN 	 NaN 	 0 	 0 	 NaN 	 NaN 	  Tumour 
45 	 570.051 	 1531.28 	 482.104 	 178.227 	 7833 	 101.236 	 98.709 	 0.222037 	 0.981948 	 341.505 	 847.525 	 272.168 	 0.321132 	 601.2 	 777.668 	 12056 	 0.956674 	 456.333 	 269.768 	 308.873 	 245.873 	 0.4725 	 371.905 	 288.231 	 106.244 	 0.343975 	 220 	 648 	 152.123 	 16.531 	 2 	 194.522 	 0.0248337 	 40.8199 	 40.8199 	 40.8199 	 0 	 149 	 71 	 110 	 55.1543 	 88.71 	 -47.127 	 36.5098 	 0.281724 	 129.594 	 234 	 317 	 420.735 	 196.593 	 2 	 1376.37 	 0.175714 	 13.3465 	 13.3465 	 13.3465 	 0 	 119 	 115 	 117 	 2.82843 	  Tumour 
46 	 571.56 	 704.876 	 523.077 	 117.034 	 2960 	 89.2153 	 43.5342 	 0.872862 	 0.937302 	 233.723 	 629.466 	 147.206 	 0.233858 	 395.821 	 559.609 	 4323 	 0.852999 	 321.706 	 365.531 	 387.489 	 324.49 	 0.160584 	 418.977 	 386.807 	 82.5048 	 0.212922 	 0 	 0 	 NaN 	 NaN 	 0 	 0 	 0 	 NaN 	 NaN 	 NaN 	 NaN 	 0 	 0 	 NaN 	 NaN 	 127.918 	 -9.69872 	 20.845 	 0.123488 	 168.802 	 0 	 0 	 NaN 	 NaN 	 0 	 0 	 0 	 NaN 	 NaN 	 NaN 	 NaN 	 0 	 0 	 NaN 	 NaN 	  Other 
47 	 591.084 	 1623 	 509.64 	 86.8332 	 6665 	 99.0759 	 85.9886 	 0.496728 	 0.969455 	 314.877 	 913.162 	 327.347 	 0.358476 	 699.151 	 843.306 	 8235 	 0.951363 	 381.605 	 247.448 	 207.474 	 144.475 	 0.276596 	 322.692 	 189.22 	 94.9979 	 0.457878 	 88 	 90 	 162.091 	 26.4991 	 1 	 0 	 0 	 NaN 	 NaN 	 NaN 	 NaN 	 88 	 88 	 88 	 0 	 83.6103 	 26.6245 	 21.5837 	 0.173371 	 124.495 	 550 	 563 	 1447.25 	 1223.11 	 1 	 0 	 0 	 NaN 	 NaN 	 NaN 	 NaN 	 550 	 550 	 550 	 0 	  Tumour 
48 	 620.439 	 256.994 	 1389.85 	 205.76 	 13646 	 172.637 	 103.9 	 0.798615 	 0.956808 	 482.701 	 1116.84 	 360.724 	 0.322986 	 819.492 	 1046.98 	 25755 	 0.952795 	 662.683 	 277.855 	 340.533 	 277.534 	 0.412698 	 423.124 	 316.595 	 123.433 	 0.36247 	 82 	 84 	 191.11 	 55.518 	 1 	 0 	 0 	 NaN 	 NaN 	 NaN 	 NaN 	 82 	 82 	 82 	 0 	 70.924 	 -21.3278 	 24.6232 	 0.220227 	 111.808 	 623 	 702 	 961.734 	 737.591 	 1 	 0 	 0 	 NaN 	 NaN 	 NaN 	 NaN 	 623 	 623 	 623 	 0 	  Tumour 
49 	 576.595 	 417.099 	 1225.76 	 196.01 	 2465 	 63.4649 	 53.7571 	 0.531536 	 0.913301 	 217.279 	 1150.89 	 413.646 	 0.359413 	 773.735 	 1081.03 	 3806 	 0.818671 	 309.706 	 344.142 	 332.227 	 269.228 	 0.853846 	 334.946 	 331.664 	 57.2746 	 0.172396 	 14 	 14 	 193.143 	 57.5511 	 1 	 0 	 0 	 NaN 	 NaN 	 NaN 	 NaN 	 14 	 14 	 14 	 0 	 90.9421 	 -18.3112 	 19.4797 	 0.147767 	 131.826 	 157 	 216 	 378.898 	 154.756 	 1 	 0 	 0 	 NaN 	 NaN 	 NaN 	 NaN 	 157 	 157 	 157 	 0 	  Tumour 
50 	 578.755 	 1709.43 	 1127.35 	 86.8332 	 1892 	 54.0756 	 44.8249 	 0.559354 	 0.96236 	 170.167 	 519.388 	 139.403 	 0.268399 	 352.959 	 449.531 	 3433 	 0.923346 	 253.238 	 164.081 	 148.516 	 85.5166 	 0.107623 	 261.958 	 143.199 	 61.3958 	 0.413396 	 0 	 0 	 NaN 	 NaN 	 0 	 0 	 0 	 NaN 	 NaN 	 NaN 	 NaN 	 0 	 0 	 NaN 	 NaN 	 48.6395 	 14.286 	 12.9483 	 0.144636 	 89.5238 	 0 	 0 	 NaN 	 NaN 	 0 	 0 	 0 	 NaN 	 NaN 	 NaN 	 NaN 	 0 	 0 	 NaN 	 NaN 	  Other 
51 	 584.065 	 763.268 	 537.239 	 123.584 	 2630 	 77.0733 	 44.566 	 0.815875 	 0.946043 	 217.522 	 577.048 	 118.531 	 0.205409 	 335.174 	 507.191 	 4990 	 0.888533 	 316.191 	 370.745 	 406.466 	 343.467 	 0.170455 	 409.2 	 404.431 	 80.9587 	 0.199177 	 0 	 0 	 NaN 	 NaN 	 0 	 0 	 0 	 NaN 	 NaN 	 NaN 	 NaN 	 0 	 0 	 NaN 	 NaN 	 119.871 	 -3.00785 	 18.3528 	 0.114166 	 160.755 	 0 	 0 	 NaN 	 NaN 	 0 	 0 	 0 	 NaN 	 NaN 	 NaN 	 NaN 	 0 	 0 	 NaN 	 NaN 	  Other 
52 	 616.933 	 383.197 	 1273.11 	 214.308 	 3365 	 96.7348 	 46.7218 	 0.875627 	 0.896855 	 269.078 	 1001.28 	 404.649 	 0.404132 	 690.336 	 931.422 	 4539 	 0.902924 	 319.806 	 329.832 	 344.154 	 281.155 	 0.622711 	 369.9 	 332.136 	 107.105 	 0.311212 	 0 	 0 	 NaN 	 NaN 	 0 	 0 	 0 	 NaN 	 NaN 	 NaN 	 NaN 	 0 	 0 	 NaN 	 NaN 	 70.5606 	 -1.19851 	 21.7741 	 0.19538 	 111.445 	 233 	 393 	 529.378 	 305.235 	 2 	 758.544 	 0.225422 	 24.9086 	 24.9086 	 24.9086 	 0 	 121 	 112 	 116.5 	 6.36396 	  Tumour 
53 	 593.176 	 462.693 	 1190.42 	 237.739 	 2407 	 67.1862 	 45.8906 	 0.730385 	 0.97174 	 189.095 	 795.57 	 225.06 	 0.282891 	 531.351 	 725.713 	 3817 	 0.908593 	 261.321 	 326.405 	 348.894 	 285.895 	 0.299539 	 307.6 	 357.566 	 102.41 	 0.293527 	 37 	 38 	 210.405 	 74.8136 	 1 	 0 	 0 	 NaN 	 NaN 	 NaN 	 NaN 	 37 	 37 	 37 	 0 	 84.6242 	 -16.4379 	 22.4022 	 0.178492 	 125.509 	 65 	 65 	 318.938 	 94.7961 	 1 	 0 	 0 	 NaN 	 NaN 	 NaN 	 NaN 	 65 	 65 	 65 	 0 	  Tumour 
54 	 633.711 	 168.911 	 1476.65 	 221.775 	 3355 	 86.761 	 50.1817 	 0.815761 	 0.968813 	 236.836 	 837.399 	 250.319 	 0.298924 	 549.524 	 767.542 	 5057 	 0.886415 	 331.747 	 374.342 	 428.167 	 365.168 	 0.352727 	 466.536 	 421.443 	 104.683 	 0.24449 	 0 	 0 	 NaN 	 NaN 	 0 	 0 	 0 	 NaN 	 NaN 	 NaN 	 NaN 	 0 	 0 	 NaN 	 NaN 	 106.645 	 -18.1029 	 25.1248 	 0.170304 	 147.529 	 0 	 0 	 NaN 	 NaN 	 0 	 0 	 0 	 NaN 	 NaN 	 NaN 	 NaN 	 0 	 0 	 NaN 	 NaN 	  Tumour 
55 	 706.974 	 751.438 	 1003.62 	 123.584 	 7361 	 128.273 	 94.7274 	 0.674271 	 0.792699 	 447.872 	 787.612 	 233.168 	 0.296044 	 550.597 	 717.756 	 9455 	 0.855037 	 478.843 	 269.546 	 250.737 	 187.738 	 0.143939 	 276.421 	 249.227 	 108.066 	 0.430992 	 60 	 60 	 167.617 	 32.0249 	 1 	 0 	 0 	 NaN 	 NaN 	 NaN 	 NaN 	 60 	 60 	 60 	 0 	 64.0754 	 5.51133 	 22.7549 	 0.216797 	 104.96 	 203 	 218 	 251.261 	 27.1187 	 1 	 0 	 0 	 NaN 	 NaN 	 NaN 	 NaN 	 203 	 203 	 203 	 0 	  Tumour 
56 	 698.369 	 211.866 	 1462.31 	 284.396 	 3581 	 85.634 	 54.9857 	 0.76662 	 0.972041 	 245.179 	 770.262 	 192.94 	 0.250486 	 484.102 	 700.406 	 4988 	 0.908065 	 305.99 	 376.406 	 435.242 	 372.243 	 0.435484 	 457.065 	 431.902 	 95.3631 	 0.219104 	 0 	 0 	 NaN 	 NaN 	 0 	 0 	 0 	 NaN 	 NaN 	 NaN 	 NaN 	 0 	 0 	 NaN 	 NaN 	 99.3542 	 -7.94233 	 25.6997 	 0.183257 	 140.238 	 0 	 0 	 NaN 	 NaN 	 0 	 0 	 0 	 NaN 	 NaN 	 NaN 	 NaN 	 0 	 0 	 NaN 	 NaN 	  Tumour 
57 	 710.355 	 653.601 	 1083.35 	 147.122 	 4459 	 90.5016 	 63.5462 	 0.712023 	 0.975925 	 263.806 	 977.322 	 339.687 	 0.347569 	 716.493 	 907.466 	 6037 	 0.936986 	 320.818 	 298.242 	 276.836 	 213.837 	 0.187023 	 289.918 	 277.928 	 91.9068 	 0.33199 	 85 	 86 	 207.353 	 71.7612 	 1 	 0 	 0 	 NaN 	 NaN 	 NaN 	 NaN 	 85 	 85 	 85 	 0 	 76.5645 	 0.427586 	 24.4661 	 0.208313 	 117.449 	 544 	 575 	 923.588 	 699.446 	 1 	 0 	 0 	 NaN 	 NaN 	 NaN 	 NaN 	 544 	 544 	 544 	 0 	  Tumour 
58 	 744.955 	 1093.52 	 794.643 	 192.042 	 5414 	 100.886 	 69.3681 	 0.7261 	 0.96386 	 297.563 	 959.941 	 375.63 	 0.391305 	 589.579 	 890.084 	 7719 	 0.966204 	 352.836 	 208.771 	 127.868 	 64.8691 	 0 	 0 	 0 	 40.1856 	 0.314274 	 231 	 597 	 157.974 	 22.3823 	 3 	 969.074 	 0.178994 	 30.8191 	 11.9909 	 23.5274 	 9.03947 	 83 	 74 	 77 	 5.19615 	 57.9833 	 27.4968 	 15.5696 	 0.157479 	 98.8676 	 909 	 1058 	 883.52 	 659.378 	 1 	 0 	 0 	 NaN 	 NaN 	 NaN 	 NaN 	 909 	 909 	 909 	 0 	  Tumour 
59 	 748.966 	 902.09 	 724.806 	 156.732 	 6041 	 155.89 	 53.5135 	 0.939234 	 0.893243 	 386.291 	 539.046 	 187.71 	 0.348227 	 168.795 	 469.189 	 8154 	 0.913102 	 421.262 	 124.405 	 130.409 	 67.4097 	 0.0217984 	 231.75 	 129.921 	 51.093 	 0.391791 	 128 	 305 	 110.203 	 -25.3886 	 2 	 927.198 	 0.153484 	 25.5166 	 25.5166 	 25.5166 	 0 	 68 	 60 	 64 	 5.65685 	 18.7833 	 -2.80682 	 8.38404 	 0.140512 	 59.6676 	 60 	 61 	 164.1 	 -60.0424 	 1 	 0 	 0 	 NaN 	 NaN 	 NaN 	 NaN 	 60 	 60 	 60 	 0 	  Other 
60 	 751.177 	 559.792 	 1184.03 	 230.361 	 2074 	 69.9116 	 38.3306 	 0.8363 	 0.967802 	 188.995 	 703.337 	 185.657 	 0.263966 	 498.544 	 633.48 	 2949 	 0.950371 	 224.108 	 226.717 	 195.559 	 132.56 	 0 	 0 	 0 	 89.3522 	 0.456906 	 0 	 0 	 NaN 	 NaN 	 0 	 0 	 0 	 NaN 	 NaN 	 NaN 	 NaN 	 0 	 0 	 NaN 	 NaN 	 60.4764 	 8.83523 	 23.9786 	 0.236567 	 101.361 	 0 	 0 	 NaN 	 NaN 	 0 	 0 	 0 	 NaN 	 NaN 	 NaN 	 NaN 	 0 	 0 	 NaN 	 NaN 	  Tumour 
61 	 788.93 	 277.785 	 1444.5 	 370.714 	 7745 	 104.794 	 98.382 	 0.344421 	 0.936178 	 363.262 	 1143.51 	 353.28 	 0.308945 	 883.715 	 1073.65 	 9152 	 0.911372 	 411.647 	 311.668 	 290.972 	 227.973 	 0.306818 	 397.269 	 275.32 	 118.688 	 0.407903 	 66 	 68 	 210.015 	 74.4234 	 1 	 0 	 0 	 NaN 	 NaN 	 NaN 	 NaN 	 66 	 66 	 66 	 0 	 63.5463 	 16.7193 	 18.9267 	 0.181237 	 104.431 	 198 	 297 	 249.869 	 25.7263 	 2 	 677.213 	 0.0874387 	 16.8051 	 16.8051 	 16.8051 	 0 	 129 	 69 	 99 	 42.4264 	  Tumour 
62 	 768.374 	 344.161 	 1376.67 	 351.639 	 2810 	 64.698 	 56.6195 	 0.483878 	 0.93108 	 222.409 	 881.298 	 254.556 	 0.288842 	 633.747 	 811.442 	 3586 	 0.932155 	 248.208 	 307.289 	 333.732 	 270.733 	 0.652582 	 384.338 	 304.944 	 131.318 	 0.393482 	 0 	 0 	 NaN 	 NaN 	 0 	 0 	 0 	 NaN 	 NaN 	 NaN 	 NaN 	 0 	 0 	 NaN 	 NaN 	 63.6545 	 4.86012 	 16.3661 	 0.156555 	 104.539 	 0 	 0 	 NaN 	 NaN 	 0 	 0 	 0 	 NaN 	 NaN 	 NaN 	 NaN 	 0 	 0 	 NaN 	 NaN 	  Tumour 
63 	 817.454 	 357.59 	 1389.58 	 402.061 	 2640 	 78.3629 	 43.6751 	 0.830282 	 0.942521 	 219.966 	 864.173 	 234.893 	 0.271813 	 647.607 	 794.316 	 3504 	 0.955549 	 238.25 	 268.181 	 233.25 	 170.251 	 0.413265 	 343.481 	 203.981 	 117.143 	 0.502221 	 69 	 69 	 141.507 	 5.91549 	 1 	 0 	 0 	 NaN 	 NaN 	 NaN 	 NaN 	 69 	 69 	 69 	 0 	 49.3036 	 26.195 	 15.8719 	 0.175987 	 90.1879 	 84 	 84 	 225.714 	 1.57188 	 1 	 0 	 0 	 NaN 	 NaN 	 NaN 	 NaN 	 84 	 84 	 84 	 0 	  Tumour 
64 	 891.811 	 595.077 	 1241.5 	 338.378 	 9517 	 125.932 	 96.8259 	 0.639399 	 0.966193 	 387.848 	 981.195 	 272.46 	 0.277682 	 747.146 	 911.338 	 10907 	 0.949178 	 417.12 	 153.027 	 99.9373 	 36.9383 	 0.144414 	 141.623 	 97.0162 	 22.0351 	 0.220489 	 110 	 116 	 166.373 	 30.781 	 1 	 0 	 0 	 NaN 	 NaN 	 NaN 	 NaN 	 110 	 110 	 110 	 0 	 28.5676 	 17.5931 	 9.13631 	 0.131549 	 69.4518 	 899 	 1142 	 912.467 	 688.325 	 2 	 4112.98 	 0.432172 	 25.5301 	 25.5301 	 25.5301 	 0 	 707 	 192 	 449.5 	 364.16 	  Tumour 
65 	 957.151 	 530.599 	 1332.39 	 422.494 	 4456 	 87.869 	 64.9156 	 0.67395 	 0.966594 	 263.179 	 838.325 	 236.382 	 0.281969 	 609.167 	 768.469 	 5564 	 0.969169 	 289.421 	 214.468 	 169.036 	 106.037 	 0.217742 	 139.481 	 172.12 	 70.9298 	 0.419613 	 0 	 0 	 0 	 -135.592 	 0 	 0 	 0 	 NaN 	 NaN 	 NaN 	 NaN 	 0 	 0 	 NaN 	 NaN 	 54.7329 	 13.6723 	 21.5152 	 0.225014 	 95.6171 	 376 	 881 	 247.101 	 22.9587 	 2 	 1172.48 	 0.263123 	 31.182 	 31.182 	 31.182 	 0 	 307 	 69 	 188 	 168.291 	  Tumour 
