rownames 	XLoc 	YLoc 	NNDistSame 	NNDistOpp 	dapi_Area 	dapi_MajorAxisLength 	dapi_MinorAxisLength 	dapi_Eccentricity 	dapi_Solidity 	dapi_Perimeter 	dapi_MeanIntensity 	dapi_PixelSD 	dapi_PixelCV 	dapi_NucAdjustedInt 	dapi_BackAdjustedInt 	nucl_BackgroundAdjust 	nucl_NuclearAdjustedInt 	nucl_PixelSD 	nucl_PixelCV 	nucl_MeanIntensity 	memb_Area 	memb_Solidity 	memb_Perimeter 	memb_MeanIntensity 	memb_MembraneIntensity 	memb_temp 	memb_pcTouch 	memb_OverLapIntensity 	memb_nonLapIntensity 	memb_PixelSD 	memb_PixelCV 	Her2_Area 	Her2_ConvexArea 	Her2_MeanIntensity 	Her2_BackAdjustedInt 	Her2_CN 	Her2_AreaSD 	Her2_CoeffVar 	Her2_MaxSpotDist 	Her2_MinSpotDist 	Her2_MeanSpotDist 	Her2_SDSpotDist 	Her2_SpotAreaMax 	Her2_SpotAreaMin 	Her2_SpotAreaMean 	Her2_SpotAreaSD 	cent_Area 	cent_ConvexArea 	cent_MeanIntensity 	cent_BackAdjustedInt 	cent_CN 	cent_AreaSD 	cent_CoeffVar 	cent_MaxSpotDist 	cent_MinSpotDist 	cent_MeanSpotDist 	cent_SDSpotDist 	cent_SpotAreaMax 	cent_SpotAreaMin 	cent_SpotAreaMean 	cent_SpotAreaSD 	CellLabels 	
1 	 58.0201 	 637.761 	 36.1386 	 125.447 	 448 	 47.6074 	 12.618 	 0.964237 	 0.873294 	 104.527 	 406.491 	 117.549 	 0.28918 	 -297.395 	 341.856 	 267.923 	 -161.157 	 59.3781 	 0.147464 	 402.663 	 1386 	 0.965181 	 159.799 	 136.942 	 138.903 	 70.1811 	 0.350649 	 136.13 	 140.446 	 34.9885 	 0.251892 	 0 	 0 	 NaN 	 NaN 	 0 	 0 	 0 	 NaN 	 NaN 	 NaN 	 NaN 	 0 	 0 	 NaN 	 NaN 	 0 	 0 	 NaN 	 NaN 	 0 	 0 	 0 	 NaN 	 NaN 	 NaN 	 NaN 	 0 	 0 	 NaN 	 NaN 	  Other 
2 	 92.8891 	 629.043 	 36.1386 	 93.3006 	 2038 	 121.263 	 23.6686 	 0.980767 	 0.818803 	 259.296 	 931.237 	 232.071 	 0.249207 	 119.462 	 866.602 	 260.389 	 -134.532 	 42.0827 	 0.106504 	 395.129 	 3890 	 0.862145 	 332.225 	 216.65 	 250.063 	 181.342 	 0.460317 	 259.641 	 241.117 	 138.268 	 0.552931 	 45 	 45 	 183.956 	 34.6751 	 1 	 0 	 0 	 NaN 	 NaN 	 NaN 	 NaN 	 45 	 45 	 45 	 0 	 65 	 66 	 163.369 	 15.9305 	 1 	 0 	 0 	 NaN 	 NaN 	 NaN 	 NaN 	 65 	 65 	 65 	 0 	  Fib 
3 	 122.801 	 585.434 	 83.8689 	 78.0897 	 888 	 60.4515 	 18.9439 	 0.94963 	 0.934737 	 140.326 	 659.199 	 295.597 	 0.448418 	 72.3709 	 594.564 	 406.032 	 -151.727 	 82.4045 	 0.152383 	 540.773 	 1874 	 0.911479 	 213.397 	 388.877 	 385.949 	 317.227 	 0.75 	 417.912 	 369.987 	 165.707 	 0.429348 	 0 	 0 	 NaN 	 NaN 	 0 	 0 	 0 	 NaN 	 NaN 	 NaN 	 NaN 	 0 	 0 	 NaN 	 NaN 	 0 	 0 	 NaN 	 NaN 	 0 	 0 	 0 	 NaN 	 NaN 	 NaN 	 NaN 	 0 	 0 	 NaN 	 NaN 	  Fib 
4 	 152.664 	 507.922 	 161.012 	 101.533 	 1789 	 105.894 	 23.8849 	 0.974231 	 0.848269 	 246.836 	 910.55 	 232.193 	 0.255003 	 440.236 	 845.915 	 375.196 	 -42.2207 	 52.6816 	 0.10331 	 509.936 	 4396 	 0.873956 	 340.51 	 397.331 	 438.914 	 370.192 	 0.273885 	 539.756 	 417.043 	 292.163 	 0.66565 	 90 	 165 	 197.233 	 47.9529 	 2 	 413.877 	 0.231346 	 16.1245 	 16.1245 	 16.1245 	 0 	 45 	 45 	 45 	 0 	 50 	 50 	 173 	 25.5612 	 1 	 0 	 0 	 NaN 	 NaN 	 NaN 	 NaN 	 50 	 50 	 50 	 0 	  Fib 
5 	 182.056 	 656.922 	 61.6847 	 93.086 	 3815 	 78.9433 	 62.6935 	 0.60771 	 0.95662 	 239.581 	 1392.52 	 221.834 	 0.159304 	 632.208 	 1327.88 	 379.693 	 -193.987 	 53.8589 	 0.104695 	 514.434 	 8813 	 0.749086 	 553.563 	 363.391 	 478.224 	 409.503 	 0.740157 	 463.396 	 483.2 	 155.029 	 0.324176 	 90 	 224 	 211.744 	 62.464 	 2 	 636.327 	 0.166796 	 22.4722 	 22.4722 	 22.4722 	 0 	 45 	 45 	 45 	 0 	 76 	 78 	 232.895 	 85.456 	 1 	 0 	 0 	 NaN 	 NaN 	 NaN 	 NaN 	 76 	 76 	 76 	 0 	  Tumour 
6 	 200.155 	 597.619 	 61.6847 	 78.0897 	 3931 	 82.0413 	 61.5514 	 0.661156 	 0.981278 	 242.066 	 1548.34 	 174.361 	 0.112612 	 631.892 	 1483.7 	 335.898 	 -179.578 	 47.3858 	 0.100684 	 470.639 	 7852 	 0.836209 	 470.451 	 367.148 	 515.293 	 446.571 	 0.730415 	 489.448 	 523.767 	 182.245 	 0.353672 	 180 	 851 	 217.389 	 68.1085 	 4 	 702.977 	 0.178829 	 40 	 12.2066 	 28.5092 	 11.9876 	 45 	 45 	 45 	 0 	 131 	 149 	 247.321 	 99.8819 	 1 	 0 	 0 	 NaN 	 NaN 	 NaN 	 NaN 	 131 	 131 	 131 	 0 	  Tumour 
7 	 243.54 	 991.272 	 399.005 	 260.693 	 4792 	 176.488 	 41.6652 	 0.971734 	 0.788158 	 427.061 	 588.893 	 247.021 	 0.419467 	 428.214 	 524.258 	 174.456 	 7.27073 	 43.8831 	 0.141926 	 309.197 	 6885 	 0.74707 	 475.037 	 119.356 	 112.85 	 44.1281 	 0.266515 	 126.009 	 110.85 	 19.4048 	 0.171953 	 0 	 0 	 NaN 	 NaN 	 0 	 0 	 0 	 NaN 	 NaN 	 NaN 	 NaN 	 0 	 0 	 NaN 	 NaN 	 56 	 57 	 133.839 	 -13.5995 	 1 	 0 	 0 	 NaN 	 NaN 	 NaN 	 NaN 	 56 	 56 	 56 	 0 	  Fib 
8 	 224.893 	 730.929 	 85.5862 	 166.817 	 6724 	 104.541 	 82.0819 	 0.619292 	 0.987082 	 308.392 	 1765.81 	 289.79 	 0.164112 	 891.908 	 1701.17 	 365.707 	 -184.295 	 75.9348 	 0.151734 	 500.447 	 17280 	 0.871671 	 710.676 	 379.543 	 516.857 	 448.135 	 0.208841 	 490.204 	 522.617 	 125.06 	 0.241963 	 270 	 1120 	 229.126 	 79.8455 	 5 	 350.101 	 0.0520673 	 36.7151 	 10.9659 	 25.9721 	 8.33816 	 90 	 45 	 54 	 20.1246 	 123 	 285 	 236.764 	 89.3255 	 2 	 756.518 	 0.11251 	 23.4181 	 23.4181 	 23.4181 	 0 	 84 	 39 	 61.5 	 31.8198 	  Tumour 
9 	 224.183 	 946.339 	 349.886 	 215.002 	 3714 	 98.9079 	 48.688 	 0.87045 	 0.941206 	 266.936 	 812.839 	 404.814 	 0.498025 	 641.708 	 748.204 	 162.956 	 103.278 	 79.1507 	 0.265877 	 297.696 	 5104 	 0.944311 	 309.279 	 125.564 	 107.254 	 38.5322 	 0.279412 	 134.921 	 102.627 	 35.0367 	 0.326671 	 0 	 0 	 NaN 	 NaN 	 0 	 0 	 0 	 NaN 	 NaN 	 NaN 	 NaN 	 0 	 0 	 NaN 	 NaN 	 77 	 78 	 172.117 	 24.6781 	 1 	 0 	 0 	 NaN 	 NaN 	 NaN 	 NaN 	 77 	 77 	 77 	 0 	  Fib 
10 	 209.696 	 455.247 	 237.893 	 99.1817 	 1063 	 70.8077 	 21.959 	 0.950697 	 0.855878 	 172.167 	 938.864 	 287.478 	 0.306198 	 422.651 	 874.228 	 556.305 	 -13.1672 	 95.9686 	 0.138875 	 691.045 	 1777 	 0.861785 	 236.125 	 493.433 	 477.065 	 408.344 	 0.651163 	 566.864 	 422.895 	 242.459 	 0.50823 	 48 	 65 	 168.354 	 19.0737 	 2 	 992.523 	 0.9337 	 8.1172 	 8.1172 	 8.1172 	 0 	 45 	 3 	 24 	 29.6985 	 89 	 237 	 218.753 	 71.3141 	 2 	 485.828 	 0.457035 	 22.9584 	 22.9584 	 22.9584 	 0 	 49 	 40 	 44.5 	 6.36396 	  Fib 
11 	 309.34 	 461.312 	 233.549 	 73.8173 	 17233 	 202.749 	 110.193 	 0.839413 	 0.950576 	 581.588 	 1964.02 	 640.234 	 0.325982 	 1282.51 	 1899.38 	 503.312 	 -123.663 	 129.863 	 0.20353 	 638.052 	 21046 	 0.853724 	 825.446 	 394.082 	 574.133 	 505.411 	 0.811842 	 596.005 	 557.08 	 156.534 	 0.272644 	 520 	 6522 	 235.706 	 86.4253 	 10 	 1828.3 	 0.106093 	 126.472 	 12.8062 	 61.1461 	 30.1324 	 86 	 45 	 52 	 15.0259 	 309 	 3593 	 221.424 	 73.9852 	 6 	 3456.15 	 0.200554 	 87.9464 	 9.53539 	 49.7262 	 24.0114 	 93 	 34 	 51.5 	 22.0794 	  Tumour 
12 	 248.861 	 418.414 	 291.343 	 73.8173 	 1049 	 58.9051 	 24.1323 	 0.912229 	 0.909801 	 156.267 	 1206.3 	 309.253 	 0.256364 	 573.456 	 1141.67 	 548.292 	 -70.2349 	 80.0246 	 0.117161 	 683.032 	 1766 	 0.916926 	 196.569 	 400.018 	 439.239 	 370.517 	 0.638889 	 527.357 	 397.065 	 221.5 	 0.504282 	 0 	 0 	 NaN 	 NaN 	 0 	 0 	 0 	 NaN 	 NaN 	 NaN 	 NaN 	 0 	 0 	 NaN 	 NaN 	 0 	 0 	 NaN 	 NaN 	 0 	 0 	 0 	 NaN 	 NaN 	 NaN 	 NaN 	 0 	 0 	 NaN 	 NaN 	  Fib 
13 	 365.75 	 609.962 	 189.908 	 219.911 	 21335 	 174.224 	 156.467 	 0.439833 	 0.98128 	 562.801 	 1430.75 	 397.606 	 0.277901 	 793.054 	 1366.11 	 442.348 	 -205.272 	 133.136 	 0.230703 	 577.089 	 35055 	 0.875784 	 959.487 	 347.768 	 503.977 	 435.256 	 0.410372 	 495.613 	 505.859 	 100.799 	 0.200007 	 406 	 4265 	 220.244 	 70.9634 	 6 	 3066.22 	 0.143718 	 104.806 	 12.0416 	 59.9473 	 27.5306 	 90 	 45 	 67.6667 	 19.1485 	 144 	 3607 	 222.083 	 74.6446 	 3 	 19150.8 	 0.897625 	 166.68 	 71.0106 	 114.779 	 43.246 	 121 	 4 	 48 	 63.6632 	  Tumour 
14 	 378.604 	 373.218 	 416.252 	 86.954 	 2851 	 98.2545 	 38.1914 	 0.921365 	 0.904505 	 241.924 	 808.494 	 384.731 	 0.475861 	 510.281 	 743.859 	 571.356 	 -50.4865 	 148.866 	 0.210829 	 706.097 	 4470 	 0.812137 	 334.225 	 352.734 	 376.756 	 308.035 	 0.458861 	 514.131 	 332.212 	 191.375 	 0.507953 	 0 	 0 	 NaN 	 NaN 	 0 	 0 	 0 	 NaN 	 NaN 	 NaN 	 NaN 	 0 	 0 	 NaN 	 NaN 	 0 	 0 	 NaN 	 NaN 	 0 	 0 	 0 	 NaN 	 NaN 	 NaN 	 NaN 	 0 	 0 	 NaN 	 NaN 	  Fib 
15 	 414.58 	 125.008 	 580.787 	 250.599 	 3750 	 75.7939 	 63.7729 	 0.540415 	 0.981418 	 231.338 	 1374.17 	 275.182 	 0.200253 	 892.377 	 1309.53 	 599.532 	 64.7965 	 127.749 	 0.173981 	 734.272 	 5043 	 0.966092 	 319.681 	 540.503 	 533.793 	 465.071 	 0 	 0 	 0 	 395.184 	 0.740333 	 90 	 183 	 280.989 	 131.708 	 2 	 213.581 	 0.056955 	 17.2047 	 17.2047 	 17.2047 	 0 	 45 	 45 	 45 	 0 	 140 	 177 	 247.179 	 99.7398 	 2 	 772.71 	 0.206056 	 10.4002 	 10.4002 	 10.4002 	 0 	 77 	 63 	 70 	 9.89949 	  Tumour 
16 	 422.645 	 448.479 	 319.002 	 86.954 	 5750 	 100.732 	 73.1806 	 0.687183 	 0.972105 	 299.522 	 1024 	 444.276 	 0.433864 	 783.82 	 959.365 	 528.933 	 42.6752 	 109.996 	 0.165737 	 663.674 	 8306 	 0.952523 	 413.137 	 435.026 	 489.2 	 420.478 	 0.442105 	 568.244 	 466.046 	 192.659 	 0.393824 	 85 	 87 	 198.788 	 49.5078 	 1 	 0 	 0 	 NaN 	 NaN 	 NaN 	 NaN 	 85 	 85 	 85 	 0 	 126 	 328 	 209.857 	 62.4184 	 2 	 1148.71 	 0.199776 	 25.405 	 25.405 	 25.405 	 0 	 65 	 61 	 63 	 2.82843 	  Tumour 
17 	 449.367 	 984.201 	 522.108 	 268.991 	 1894 	 84.3459 	 29.1384 	 0.938432 	 0.964358 	 198.51 	 489.091 	 210.983 	 0.431377 	 375.111 	 424.456 	 85.8541 	 18.3339 	 74.3607 	 0.337092 	 220.595 	 3186 	 0.94372 	 257.255 	 98.1146 	 95.1516 	 26.4301 	 0 	 0 	 0 	 35.8006 	 0.376248 	 0 	 0 	 NaN 	 NaN 	 0 	 0 	 0 	 NaN 	 NaN 	 NaN 	 NaN 	 0 	 0 	 NaN 	 NaN 	 44 	 46 	 130.455 	 -16.9842 	 1 	 0 	 0 	 NaN 	 NaN 	 NaN 	 NaN 	 44 	 44 	 44 	 0 	  Fib 
18 	 489.458 	 717.553 	 313.002 	 196.726 	 9720 	 119.904 	 103.579 	 0.503752 	 0.984603 	 374.676 	 1486.94 	 379.163 	 0.254996 	 1019.58 	 1422.31 	 478.498 	 -117.915 	 126.304 	 0.205962 	 613.239 	 15944 	 0.899368 	 624.049 	 441.295 	 557.851 	 489.129 	 0.142361 	 478.207 	 561.25 	 220.643 	 0.395524 	 225 	 1559 	 246.387 	 97.1062 	 4 	 1641.09 	 0.168836 	 44.2295 	 17 	 35.2018 	 9.30071 	 90 	 45 	 56.25 	 22.5 	 233 	 765 	 249.322 	 101.883 	 3 	 533.541 	 0.0548911 	 37.1112 	 13.2225 	 28.9097 	 12.1555 	 110 	 47 	 77.6667 	 31.5331 	  Tumour 
19 	 558.969 	 1016.86 	 628.205 	 307.085 	 1152 	 41.6246 	 35.3067 	 0.529649 	 0.983775 	 124.569 	 431.441 	 139.473 	 0.323272 	 317.076 	 366.806 	 354.596 	 -168.84 	 285.192 	 0.582814 	 489.336 	 2512 	 0.947925 	 210.77 	 376.466 	 391.91 	 323.188 	 0 	 0 	 0 	 299.459 	 0.764103 	 0 	 0 	 NaN 	 NaN 	 0 	 0 	 0 	 NaN 	 NaN 	 NaN 	 NaN 	 0 	 0 	 NaN 	 NaN 	 45 	 45 	 160.778 	 13.339 	 1 	 0 	 0 	 NaN 	 NaN 	 NaN 	 NaN 	 45 	 45 	 45 	 0 	  Other 
20 	 564.651 	 950.658 	 595.834 	 245.082 	 926 	 42.7994 	 27.9748 	 0.756818 	 0.958592 	 117.497 	 483.378 	 194.808 	 0.403013 	 318.684 	 418.743 	 217.864 	 26.4302 	 49.05 	 0.139108 	 352.605 	 1713 	 0.987889 	 161.456 	 159.342 	 158.929 	 90.2071 	 0 	 0 	 0 	 65.4035 	 0.411528 	 0 	 0 	 NaN 	 NaN 	 0 	 0 	 0 	 NaN 	 NaN 	 NaN 	 NaN 	 0 	 0 	 NaN 	 NaN 	 0 	 0 	 NaN 	 NaN 	 0 	 0 	 0 	 NaN 	 NaN 	 NaN 	 NaN 	 0 	 0 	 NaN 	 NaN 	  Other 
21 	 592.708 	 56.0121 	 728.095 	 195.133 	 3808 	 77.8884 	 63.4665 	 0.579688 	 0.986018 	 233.48 	 1538.47 	 386.793 	 0.251414 	 1104.43 	 1473.84 	 728.133 	 49.1662 	 115.17 	 0.133473 	 862.874 	 4997 	 0.962813 	 306.024 	 325.798 	 259.908 	 191.186 	 0 	 0 	 0 	 68.1881 	 0.262355 	 90 	 98 	 280.2 	 130.92 	 1 	 0 	 0 	 NaN 	 NaN 	 NaN 	 NaN 	 90 	 90 	 90 	 0 	 161 	 393 	 224.851 	 77.4122 	 2 	 140.497 	 0.0368953 	 29.2138 	 29.2138 	 29.2138 	 0 	 86 	 75 	 80.5 	 7.77817 	  Tumour 
22 	 606.821 	 442.628 	 582.603 	 184.068 	 1554 	 72.6096 	 27.9036 	 0.92321 	 0.967019 	 173.681 	 1210.76 	 266.504 	 0.220113 	 755.678 	 1146.12 	 232.437 	 38.0318 	 51.2453 	 0.139566 	 367.178 	 2817 	 0.924213 	 245.74 	 137.352 	 132.913 	 64.1915 	 0.191304 	 193.5 	 126.888 	 49.5899 	 0.373101 	 0 	 0 	 NaN 	 NaN 	 0 	 0 	 0 	 NaN 	 NaN 	 NaN 	 NaN 	 0 	 0 	 NaN 	 NaN 	 29 	 117 	 146.448 	 -0.990481 	 2 	 671.061 	 0.431828 	 22.1133 	 22.1133 	 22.1133 	 0 	 15 	 14 	 14.5 	 0.707107 	  Fib 
23 	 671.476 	 473.076 	 634.818 	 249.257 	 3332 	 98.129 	 43.6654 	 0.895541 	 0.963284 	 248.451 	 576.951 	 261.148 	 0.452634 	 368.9 	 512.316 	 525.036 	 48.7151 	 147.722 	 0.223897 	 659.776 	 4824 	 0.955248 	 309.539 	 184.128 	 175.052 	 106.331 	 0.152778 	 189.682 	 175.184 	 35.5755 	 0.203228 	 0 	 0 	 NaN 	 NaN 	 0 	 0 	 0 	 NaN 	 NaN 	 NaN 	 NaN 	 0 	 0 	 NaN 	 NaN 	 0 	 0 	 NaN 	 NaN 	 0 	 0 	 0 	 NaN 	 NaN 	 NaN 	 NaN 	 0 	 0 	 NaN 	 NaN 	  Fib 
24 	 678.868 	 768.652 	 634.667 	 196.726 	 2188 	 99.1145 	 28.6745 	 0.957236 	 0.947186 	 227.823 	 770.048 	 372.258 	 0.483422 	 435.899 	 705.413 	 119.58 	 -13.9148 	 83.5036 	 0.32834 	 254.321 	 3803 	 0.917934 	 298.811 	 119.458 	 137.544 	 68.823 	 0.142349 	 240.475 	 126.787 	 81.8225 	 0.59488 	 0 	 0 	 NaN 	 NaN 	 0 	 0 	 0 	 NaN 	 NaN 	 NaN 	 NaN 	 0 	 0 	 NaN 	 NaN 	 0 	 0 	 NaN 	 NaN 	 0 	 0 	 0 	 NaN 	 NaN 	 NaN 	 NaN 	 0 	 0 	 NaN 	 NaN 	  Fib 
25 	 688.692 	 830.277 	 659.564 	 229.225 	 1350 	 52.5181 	 32.9964 	 0.777982 	 0.973324 	 142.468 	 1407.78 	 325.85 	 0.231464 	 832.885 	 1343.14 	 379.034 	 -49.9074 	 48.3543 	 0.0941158 	 513.774 	 2140 	 0.963096 	 187.598 	 271.798 	 292.33 	 223.608 	 0.232955 	 253.683 	 298.785 	 146.371 	 0.500704 	 0 	 0 	 NaN 	 NaN 	 0 	 0 	 0 	 NaN 	 NaN 	 NaN 	 NaN 	 0 	 0 	 NaN 	 NaN 	 102 	 161 	 227.735 	 80.2965 	 2 	 53.3997 	 0.0395554 	 13.6324 	 13.6324 	 13.6324 	 0 	 97 	 5 	 51 	 65.0538 	  Lymph 
26 	 732.585 	 320.9 	 745.731 	 297.849 	 2108 	 71.5978 	 37.9616 	 0.847869 	 0.981378 	 186.368 	 973.657 	 449.363 	 0.46152 	 645 	 909.022 	 468.02 	 -28.957 	 53.992 	 0.0895746 	 602.76 	 3508 	 0.97067 	 243.598 	 188.962 	 166.091 	 97.369 	 0 	 0 	 0 	 18.2077 	 0.109625 	 45 	 45 	 246.844 	 97.564 	 1 	 0 	 0 	 NaN 	 NaN 	 NaN 	 NaN 	 45 	 45 	 45 	 0 	 0 	 0 	 NaN 	 NaN 	 0 	 0 	 0 	 NaN 	 NaN 	 NaN 	 NaN 	 0 	 0 	 NaN 	 NaN 	  Lymph 
27 	 779.898 	 180.741 	 854.478 	 192.855 	 1798 	 59.2482 	 39.3536 	 0.74754 	 0.959445 	 167.054 	 1123.3 	 361.056 	 0.321425 	 726.87 	 1058.66 	 388.033 	 8.85181 	 40.9339 	 0.0783013 	 522.774 	 2611 	 0.957814 	 210.426 	 298.457 	 277.273 	 208.551 	 0 	 0 	 0 	 102.965 	 0.371349 	 0 	 0 	 NaN 	 NaN 	 0 	 0 	 0 	 NaN 	 NaN 	 NaN 	 NaN 	 0 	 0 	 NaN 	 NaN 	 0 	 0 	 NaN 	 NaN 	 0 	 0 	 0 	 NaN 	 NaN 	 NaN 	 NaN 	 0 	 0 	 NaN 	 NaN 	  Lymph 
28 	 787.145 	 34.8291 	 946.071 	 156.707 	 1907 	 70.1437 	 34.7224 	 0.868883 	 0.969497 	 179.095 	 479.943 	 175.791 	 0.366276 	 341.078 	 415.308 	 410.939 	 -22.3326 	 74.3227 	 0.136202 	 545.68 	 3289 	 0.919229 	 262.711 	 354.078 	 374.938 	 306.216 	 0 	 0 	 0 	 280.799 	 0.74892 	 0 	 0 	 NaN 	 NaN 	 0 	 0 	 0 	 NaN 	 NaN 	 NaN 	 NaN 	 0 	 0 	 NaN 	 NaN 	 0 	 0 	 NaN 	 NaN 	 0 	 0 	 0 	 NaN 	 NaN 	 NaN 	 NaN 	 0 	 0 	 NaN 	 NaN 	  Lymph 
29 	 800.219 	 637.152 	 742.001 	 321.375 	 1700 	 65.0144 	 35.4175 	 0.83859 	 0.930487 	 178.125 	 940.231 	 392.009 	 0.416929 	 598.95 	 875.596 	 303.465 	 -34.1192 	 46.9484 	 0.107138 	 438.205 	 3052 	 0.919831 	 237.255 	 158.128 	 158.696 	 89.9749 	 0.151786 	 211.382 	 154.85 	 32.9011 	 0.207321 	 45 	 45 	 208.533 	 59.2529 	 1 	 0 	 0 	 NaN 	 NaN 	 NaN 	 NaN 	 45 	 45 	 45 	 0 	 72 	 73 	 166.889 	 19.4501 	 1 	 0 	 0 	 NaN 	 NaN 	 NaN 	 NaN 	 72 	 72 	 72 	 0 	  Lymph 
30 	 835.828 	 305.659 	 845.877 	 213.654 	 3941 	 103.715 	 50.2651 	 0.874709 	 0.955394 	 266.551 	 1059.94 	 517.05 	 0.487812 	 784.704 	 995.301 	 617.431 	 70.3124 	 80.6568 	 0.107232 	 752.172 	 5595 	 0.939389 	 329.054 	 229.997 	 175.123 	 106.401 	 0 	 0 	 0 	 18.4385 	 0.105289 	 90 	 222 	 248.544 	 99.264 	 2 	 766.706 	 0.194546 	 21.9545 	 21.9545 	 21.9545 	 0 	 45 	 45 	 45 	 0 	 76 	 77 	 166.066 	 18.627 	 1 	 0 	 0 	 NaN 	 NaN 	 NaN 	 NaN 	 76 	 76 	 76 	 0 	  Lymph 
31 	 828.765 	 454.122 	 792.652 	 345.22 	 1284 	 48.3715 	 34.6891 	 0.69693 	 0.977169 	 138.669 	 1267.2 	 440.738 	 0.347804 	 878.248 	 1202.57 	 468.348 	 -6.0778 	 87.8722 	 0.145704 	 603.088 	 1763 	 0.892658 	 182.77 	 228.761 	 224.395 	 155.674 	 0.331395 	 263.263 	 214.018 	 78.8695 	 0.351476 	 45 	 45 	 245.2 	 95.9196 	 1 	 0 	 0 	 NaN 	 NaN 	 NaN 	 NaN 	 45 	 45 	 45 	 0 	 93 	 96 	 209.645 	 62.2064 	 1 	 0 	 0 	 NaN 	 NaN 	 NaN 	 NaN 	 93 	 93 	 93 	 0 	  Lymph 
32 	 828.236 	 488.893 	 784.284 	 377.89 	 1345 	 53.3445 	 37.8952 	 0.703812 	 0.875081 	 164.811 	 866.361 	 292.17 	 0.337237 	 467.399 	 801.726 	 394.886 	 -13.541 	 102.729 	 0.193964 	 529.626 	 2546 	 0.866871 	 247.64 	 198.232 	 189.507 	 120.785 	 0.441048 	 220.05 	 178.946 	 72.0483 	 0.380189 	 45 	 45 	 179.222 	 29.9418 	 1 	 0 	 0 	 NaN 	 NaN 	 NaN 	 NaN 	 45 	 45 	 45 	 0 	 96 	 99 	 143.198 	 -4.24084 	 1 	 0 	 0 	 NaN 	 NaN 	 NaN 	 NaN 	 96 	 96 	 96 	 0 	  Lymph 
33 	 844.661 	 536.614 	 793.454 	 399.371 	 1518 	 61.3721 	 33.4831 	 0.838062 	 0.890845 	 174.51 	 1694.69 	 494.049 	 0.291528 	 1029.34 	 1630.05 	 443.076 	 15.8021 	 45.7925 	 0.0792509 	 577.817 	 2456 	 0.815676 	 238.569 	 194.497 	 193.41 	 124.688 	 0.486486 	 201.759 	 189.915 	 47.9363 	 0.247848 	 45 	 45 	 266.289 	 117.008 	 1 	 0 	 0 	 NaN 	 NaN 	 NaN 	 NaN 	 45 	 45 	 45 	 0 	 0 	 0 	 NaN 	 NaN 	 0 	 0 	 0 	 NaN 	 NaN 	 NaN 	 NaN 	 0 	 0 	 NaN 	 NaN 	  Lymph 
34 	 847.55 	 616.476 	 790.306 	 373.209 	 1119 	 47.8883 	 30.2435 	 0.77534 	 0.962995 	 132.426 	 977.485 	 238.601 	 0.244097 	 538.374 	 912.85 	 444.137 	 -61.5494 	 55.8074 	 0.0964062 	 578.878 	 2223 	 0.912936 	 208.083 	 236.703 	 250.448 	 181.727 	 0.350515 	 235 	 254.655 	 44.696 	 0.178464 	 45 	 45 	 229.444 	 80.164 	 1 	 0 	 0 	 NaN 	 NaN 	 NaN 	 NaN 	 45 	 45 	 45 	 0 	 68 	 73 	 221.529 	 74.0907 	 1 	 0 	 0 	 NaN 	 NaN 	 NaN 	 NaN 	 68 	 68 	 68 	 0 	  Lymph 
35 	 867.819 	 564.192 	 813.373 	 409.093 	 1294 	 47.8507 	 35.2445 	 0.676382 	 0.947985 	 167.924 	 768.088 	 349.766 	 0.455373 	 362.615 	 703.453 	 540.716 	 63.7437 	 55.4518 	 0.0820953 	 675.457 	 2001 	 0.960173 	 192.083 	 256.952 	 233.573 	 164.852 	 0.550562 	 238.316 	 233.163 	 52.9202 	 0.226568 	 0 	 0 	 NaN 	 NaN 	 0 	 0 	 0 	 NaN 	 NaN 	 NaN 	 NaN 	 0 	 0 	 NaN 	 NaN 	 0 	 0 	 NaN 	 NaN 	 0 	 0 	 0 	 NaN 	 NaN 	 NaN 	 NaN 	 0 	 0 	 NaN 	 NaN 	  Lymph 
36 	 886.999 	 379.714 	 868.219 	 255.196 	 1716 	 63.0786 	 35.9333 	 0.821882 	 0.913252 	 177.296 	 733.952 	 363.402 	 0.495131 	 502.038 	 669.317 	 406.361 	 13.2961 	 94.4283 	 0.174511 	 541.101 	 2931 	 0.962246 	 226.426 	 162.615 	 144.416 	 75.6944 	 0 	 0 	 0 	 16.9179 	 0.117147 	 0 	 0 	 NaN 	 NaN 	 0 	 0 	 0 	 NaN 	 NaN 	 NaN 	 NaN 	 0 	 0 	 NaN 	 NaN 	 0 	 0 	 NaN 	 NaN 	 0 	 0 	 0 	 NaN 	 NaN 	 NaN 	 NaN 	 0 	 0 	 NaN 	 NaN 	  Lymph 
37 	 941.27 	 64.3274 	 963.187 	 137.201 	 6243 	 102.579 	 78.7868 	 0.640382 	 0.958397 	 309.279 	 2165.06 	 667.767 	 0.308429 	 1538.19 	 2100.42 	 553.141 	 -139.865 	 110.593 	 0.160774 	 687.881 	 8111 	 0.859398 	 448.409 	 331.997 	 415.89 	 347.169 	 0.317422 	 449.639 	 407.049 	 159.241 	 0.382893 	 225 	 1120 	 274.316 	 125.035 	 5 	 405.642 	 0.0649755 	 48.3735 	 10.8167 	 29.7909 	 12.5363 	 45 	 45 	 45 	 0 	 139 	 455 	 217.921 	 70.4821 	 2 	 612.132 	 0.098051 	 34.1861 	 34.1861 	 34.1861 	 0 	 76 	 63 	 69.5 	 9.19239 	  Tumour 
38 	 928.452 	 471.268 	 885.883 	 335.394 	 3215 	 73.3575 	 57.2449 	 0.625337 	 0.946145 	 225.823 	 1665.77 	 523.53 	 0.314288 	 1034.75 	 1601.13 	 559.997 	 132.514 	 146.454 	 0.210805 	 694.738 	 4390 	 0.90665 	 300.225 	 216.238 	 195.777 	 127.055 	 0.258865 	 277.836 	 179.624 	 77.1391 	 0.394016 	 135 	 462 	 221.222 	 71.9418 	 3 	 880.288 	 0.273806 	 28.0713 	 11.7047 	 22.3569 	 8.25847 	 45 	 45 	 45 	 0 	 182 	 537 	 188.709 	 41.27 	 2 	 573.586 	 0.178409 	 32.7018 	 32.7018 	 32.7018 	 0 	 98 	 84 	 91 	 9.89949 	  Lymph 
39 	 967.957 	 138.037 	 941.89 	 91.0879 	 7925 	 113.585 	 91.6993 	 0.590114 	 0.95413 	 356.936 	 2320.81 	 658.242 	 0.283626 	 1466.69 	 2256.17 	 508.968 	 -229.36 	 114.904 	 0.178504 	 643.709 	 13144 	 0.925634 	 513.137 	 371.556 	 524.19 	 455.468 	 0.41875 	 494.134 	 535.033 	 119.312 	 0.227612 	 325 	 2430 	 283.049 	 133.769 	 6 	 936.511 	 0.118172 	 68.7028 	 10 	 39.8553 	 17.1322 	 121 	 24 	 54.1667 	 33.8019 	 79 	 90 	 251.38 	 103.941 	 1 	 0 	 0 	 NaN 	 NaN 	 NaN 	 NaN 	 79 	 79 	 79 	 0 	  Tumour 
40 	 989.043 	 452.312 	 949.398 	 314.701 	 3621 	 71.4329 	 65.7969 	 0.389323 	 0.952644 	 239.48 	 1851.26 	 666.203 	 0.359865 	 1461.82 	 1786.62 	 630.068 	 37.8086 	 122.213 	 0.159795 	 764.809 	 5054 	 0.94291 	 300.569 	 219.33 	 198.852 	 130.131 	 0.260563 	 281.068 	 185.972 	 75.3143 	 0.378745 	 90 	 209 	 295.044 	 145.764 	 2 	 420.477 	 0.116122 	 20.6155 	 20.6155 	 20.6155 	 0 	 45 	 45 	 45 	 0 	 174 	 547 	 202.908 	 55.4693 	 2 	 607.916 	 0.167886 	 42.7582 	 42.7582 	 42.7582 	 0 	 93 	 81 	 87 	 8.48528 	  Lymph 
41 	 1039.24 	 790.943 	 992.86 	 554.823 	 3418 	 74.1673 	 58.9358 	 0.60709 	 0.9749 	 225.622 	 956.213 	 674.195 	 0.705069 	 762.712 	 891.577 	 547.474 	 57.3409 	 89.0529 	 0.130535 	 682.215 	 5126 	 0.971938 	 292.569 	 176.156 	 145.457 	 76.735 	 0 	 0 	 0 	 13.8628 	 0.0953052 	 0 	 0 	 NaN 	 NaN 	 0 	 0 	 0 	 NaN 	 NaN 	 NaN 	 NaN 	 0 	 0 	 NaN 	 NaN 	 58 	 58 	 187.121 	 39.6819 	 1 	 0 	 0 	 NaN 	 NaN 	 NaN 	 NaN 	 58 	 58 	 58 	 0 	  Lymph 
42 	 1058.61 	 133.526 	 1120.72 	 91.0879 	 1330 	 48.774 	 34.946 	 0.697599 	 0.974359 	 139.296 	 408.647 	 120.299 	 0.294383 	 236.733 	 344.011 	 365.116 	 -38.0769 	 122.149 	 0.244368 	 499.856 	 3092 	 0.89261 	 252.569 	 324.833 	 339.411 	 270.689 	 0.29661 	 559.029 	 295.649 	 210.344 	 0.619733 	 0 	 0 	 NaN 	 NaN 	 0 	 0 	 0 	 NaN 	 NaN 	 NaN 	 NaN 	 0 	 0 	 NaN 	 NaN 	 0 	 0 	 NaN 	 NaN 	 0 	 0 	 0 	 NaN 	 NaN 	 NaN 	 NaN 	 0 	 0 	 NaN 	 NaN 	  Lymph 
43 	 1180.51 	 179.875 	 1212.8 	 217.101 	 1003 	 40.949 	 32.0755 	 0.621639 	 0.987205 	 119.598 	 1079.46 	 265.795 	 0.24623 	 627.041 	 1014.82 	 263.908 	 32.8623 	 32.2656 	 0.0809375 	 398.648 	 1783 	 0.971133 	 167.113 	 164.033 	 140.81 	 72.0886 	 0 	 0 	 0 	 48.6587 	 0.345563 	 0 	 0 	 NaN 	 NaN 	 0 	 0 	 0 	 NaN 	 NaN 	 NaN 	 NaN 	 0 	 0 	 NaN 	 NaN 	 0 	 0 	 NaN 	 NaN 	 0 	 0 	 0 	 NaN 	 NaN 	 NaN 	 NaN 	 0 	 0 	 NaN 	 NaN 	  Lymph 
44 	 1203.6 	 478.934 	 1156.98 	 414.701 	 2804 	 62.3798 	 58.5124 	 0.346629 	 0.952446 	 213.48 	 910.016 	 569.276 	 0.625567 	 720.278 	 845.381 	 531.163 	 70.6396 	 96.2409 	 0.144527 	 665.904 	 3048 	 0.90472 	 254.225 	 235.246 	 229.182 	 160.461 	 0.338983 	 286.637 	 213.614 	 76.4735 	 0.33368 	 0 	 0 	 NaN 	 NaN 	 0 	 0 	 0 	 NaN 	 NaN 	 NaN 	 NaN 	 0 	 0 	 NaN 	 NaN 	 45 	 45 	 184.178 	 36.739 	 1 	 0 	 0 	 NaN 	 NaN 	 NaN 	 NaN 	 45 	 45 	 45 	 0 	  Lymph 
45 	 1219.85 	 435.827 	 1179.43 	 390.267 	 3507 	 95.4925 	 53.4017 	 0.829016 	 0.85641 	 266.208 	 804.008 	 419.044 	 0.521194 	 658.807 	 739.372 	 373.935 	 25.2622 	 150.751 	 0.29636 	 508.675 	 5434 	 0.910523 	 327.882 	 194.123 	 197.237 	 128.515 	 0.266234 	 279.378 	 185.365 	 119.439 	 0.605562 	 90 	 114 	 163.778 	 14.4973 	 1 	 0 	 0 	 NaN 	 NaN 	 NaN 	 NaN 	 90 	 90 	 90 	 0 	 113 	 614 	 183.69 	 36.2515 	 2 	 356.409 	 0.101628 	 47.5248 	 47.5248 	 47.5248 	 0 	 75 	 38 	 56.5 	 26.163 	  Lymph 
46 	 1269.31 	 142.264 	 1308.64 	 301.027 	 628 	 36.7611 	 22.365 	 0.79364 	 0.96319 	 100.184 	 1413.19 	 256.685 	 0.181635 	 813.208 	 1348.56 	 424.53 	 -49.2586 	 46.1034 	 0.0824349 	 559.271 	 1192 	 0.980263 	 136.284 	 202.575 	 203.117 	 134.396 	 0 	 0 	 0 	 30.8179 	 0.151725 	 0 	 0 	 0 	 -149.28 	 0 	 0 	 0 	 NaN 	 NaN 	 NaN 	 NaN 	 0 	 0 	 NaN 	 NaN 	 0 	 0 	 0 	 -147.439 	 0 	 0 	 0 	 NaN 	 NaN 	 NaN 	 NaN 	 0 	 0 	 NaN 	 NaN 	  Other 
