rownames 	XLoc 	YLoc 	NNDistSame 	NNDistOpp 	dapi_Area 	dapi_MajorAxisLength 	dapi_MinorAxisLength 	dapi_Eccentricity 	dapi_Solidity 	dapi_Perimeter 	dapi_MeanIntensity 	dapi_PixelSD 	dapi_PixelCV 	dapi_NucAdjustedInt 	dapi_BackAdjustedInt 	memb_Area 	memb_Solidity 	memb_Perimeter 	memb_MeanIntensity 	memb_MembraneIntensity 	memb_temp 	memb_pcTouch 	memb_OverLapIntensity 	memb_nonLapIntensity 	memb_PixelSD 	memb_PixelCV 	cent_Area 	cent_ConvexArea 	cent_MeanIntensity 	cent_BackAdjustedInt 	cent_CN 	cent_AreaSD 	cent_CoeffVar 	cent_MaxSpotDist 	cent_MinSpotDist 	cent_MeanSpotDist 	cent_SDSpotDist 	cent_SpotAreaMax 	cent_SpotAreaMin 	cent_SpotAreaMean 	cent_SpotAreaSD 	nucl_BackgroundAdjust 	nucl_NuclearAdjustedInt 	nucl_PixelSD 	nucl_PixelCV 	nucl_MeanIntensity 	Her2_Area 	Her2_ConvexArea 	Her2_MeanIntensity 	Her2_BackAdjustedInt 	Her2_CN 	Her2_AreaSD 	Her2_CoeffVar 	Her2_MaxSpotDist 	Her2_MinSpotDist 	Her2_MeanSpotDist 	Her2_SDSpotDist 	Her2_SpotAreaMax 	Her2_SpotAreaMin 	Her2_SpotAreaMean 	Her2_SpotAreaSD 	CellLabels 	
1 	 40.262 	 1361.86 	 62.8013 	 423.757 	 5241 	 85.2291 	 80.573 	 0.326 	 0.912113 	 317.563 	 1079.64 	 263.246 	 0.243829 	 -114.65 	 970.304 	 5788 	 0.924896 	 316.108 	 364.302 	 363.234 	 189.202 	 0.323741 	 460.622 	 333.633 	 94.7261 	 0.260785 	 27 	 27 	 231.852 	 -17.2706 	 1 	 0 	 0 	 NaN 	 NaN 	 NaN 	 NaN 	 27 	 27 	 27 	 0 	 226.098 	 -1.37718 	 44.9588 	 0.146035 	 307.864 	 812 	 3126 	 451.591 	 92.6032 	 6 	 794.931 	 0.151675 	 76.3413 	 16.4191 	 38.1527 	 16.2515 	 218 	 41 	 116 	 71.0446 	  Tumour 
2 	 49.6063 	 1424.46 	 62.8013 	 362.008 	 5525 	 116.348 	 64.6589 	 0.831358 	 0.887408 	 328.836 	 1186.69 	 245.338 	 0.206742 	 -31.8187 	 1077.35 	 7798 	 0.842481 	 406.777 	 503.903 	 506.699 	 332.667 	 0.490141 	 547.897 	 500.094 	 76.378 	 0.150737 	 85 	 527 	 218.212 	 -30.9107 	 2 	 964.823 	 0.174629 	 71.7113 	 71.7113 	 71.7113 	 0 	 48 	 37 	 42.5 	 7.77817 	 295.119 	 6.70946 	 27.6187 	 0.0732816 	 376.885 	 752 	 3027 	 560.23 	 201.242 	 8 	 1179.41 	 0.213469 	 84.2833 	 8.56074 	 43.3697 	 22.4387 	 197 	 29 	 94 	 61.3235 	  Tumour 
3 	 53.0636 	 1613.14 	 251.336 	 194.618 	 6099 	 133.152 	 61.8593 	 0.885533 	 0.92116 	 358.978 	 1804.66 	 680.418 	 0.377033 	 778.197 	 1695.33 	 7906 	 0.926412 	 386.007 	 607.328 	 514.968 	 340.937 	 0.37971 	 677.122 	 476.216 	 186.894 	 0.362923 	 185 	 1256 	 248.232 	 -0.890017 	 5 	 567.314 	 0.0930175 	 64.1911 	 13.773 	 35.9164 	 15.7905 	 50 	 15 	 37 	 13.7295 	 238.426 	 -18.5905 	 86.0477 	 0.268738 	 320.192 	 240 	 1579 	 410.887 	 51.8995 	 5 	 1453.68 	 0.238347 	 86.3964 	 7.77803 	 45.6089 	 24.5439 	 64 	 34 	 48 	 12.51 	  Tumour 
4 	 77.3206 	 692.461 	 671.021 	 864.095 	 8512 	 109.968 	 98.8291 	 0.438545 	 0.987929 	 343.563 	 729.782 	 261.745 	 0.358663 	 -375.82 	 620.448 	 14517 	 0.9117 	 532.257 	 667.443 	 856.294 	 682.263 	 0.227171 	 917.971 	 847.057 	 223.053 	 0.260486 	 40 	 42 	 223.55 	 -25.5724 	 1 	 0 	 0 	 NaN 	 NaN 	 NaN 	 NaN 	 40 	 40 	 40 	 0 	 302.347 	 53.5467 	 40.7758 	 0.106156 	 384.112 	 352 	 675 	 612.116 	 253.129 	 3 	 1560.77 	 0.183361 	 32.3721 	 14.9635 	 22.2886 	 8.0732 	 210 	 45 	 117.333 	 84.3584 	  Tumour 
5 	 69.401 	 96.1894 	 1266.33 	 1146.03 	 6052 	 93.1333 	 83.3143 	 0.446928 	 0.963387 	 313.948 	 1378.33 	 325.534 	 0.23618 	 774.072 	 1269 	 11772 	 0.951965 	 439.688 	 605.545 	 758.44 	 584.408 	 0.308311 	 1078.78 	 697.303 	 245.498 	 0.323688 	 48 	 48 	 240.833 	 -8.28912 	 1 	 0 	 0 	 NaN 	 NaN 	 NaN 	 NaN 	 48 	 48 	 48 	 0 	 351.095 	 53.3216 	 38.7357 	 0.0894879 	 432.86 	 0 	 0 	 NaN 	 NaN 	 0 	 0 	 0 	 NaN 	 NaN 	 NaN 	 NaN 	 0 	 0 	 NaN 	 NaN 	  Tumour 
6 	 94.9422 	 1483.19 	 132.914 	 291.76 	 4011 	 96.4345 	 53.34 	 0.833101 	 0.962332 	 263.664 	 1192.14 	 297.067 	 0.249188 	 -88.0307 	 1082.81 	 7645 	 0.875014 	 439.588 	 529.746 	 644.303 	 470.271 	 0.716216 	 666.604 	 630.097 	 103.661 	 0.160888 	 97 	 512 	 217.216 	 -31.906 	 2 	 703.224 	 0.175324 	 52.7111 	 52.7111 	 52.7111 	 0 	 55 	 42 	 48.5 	 9.19239 	 264.338 	 10.3271 	 40.0373 	 0.11568 	 346.103 	 335 	 541 	 496.397 	 137.409 	 2 	 1250.8 	 0.311842 	 27.1157 	 27.1157 	 27.1157 	 0 	 280 	 55 	 167.5 	 159.099 	  Tumour 
7 	 121.011 	 177.07 	 1187.77 	 1053.65 	 3464 	 86.7059 	 50.977 	 0.808912 	 0.977427 	 232.551 	 1363.22 	 346.753 	 0.254364 	 643.066 	 1253.88 	 7149 	 0.907234 	 373.99 	 823.355 	 1083.93 	 909.899 	 0.563291 	 1411.87 	 961.67 	 587.762 	 0.54225 	 58 	 58 	 247.069 	 -2.05348 	 1 	 0 	 0 	 NaN 	 NaN 	 NaN 	 NaN 	 58 	 58 	 58 	 0 	 214.74 	 -34.4532 	 47.6094 	 0.160569 	 296.505 	 0 	 0 	 NaN 	 NaN 	 0 	 0 	 0 	 NaN 	 NaN 	 NaN 	 NaN 	 0 	 0 	 NaN 	 NaN 	  Tumour 
8 	 176.964 	 1762.58 	 112.929 	 165.56 	 4774 	 160.124 	 39.5568 	 0.969006 	 0.907777 	 374.291 	 977.889 	 209.646 	 0.214386 	 499.76 	 868.555 	 6165 	 0.923596 	 392.693 	 185.006 	 182.614 	 8.58268 	 0.0647887 	 238.217 	 180.118 	 36.9192 	 0.202171 	 40 	 41 	 167.575 	 -81.5474 	 1 	 0 	 0 	 NaN 	 NaN 	 NaN 	 NaN 	 40 	 40 	 40 	 0 	 24.7743 	 6.68273 	 11.793 	 0.110691 	 106.54 	 0 	 0 	 NaN 	 NaN 	 0 	 0 	 0 	 NaN 	 NaN 	 NaN 	 NaN 	 0 	 0 	 NaN 	 NaN 	  Fib 
9 	 147.556 	 1599.75 	 261.358 	 165.56 	 4449 	 80.7908 	 70.8287 	 0.481049 	 0.942385 	 268.35 	 1362.66 	 375.886 	 0.275847 	 289.801 	 1253.33 	 5523 	 0.920653 	 316.451 	 424.107 	 455.093 	 281.061 	 0.803571 	 496.973 	 427.335 	 143.377 	 0.315051 	 481 	 2455 	 402.863 	 153.74 	 3 	 1139.77 	 0.256187 	 63.5556 	 37.9446 	 51.4747 	 11.5084 	 314 	 47 	 160.333 	 137.994 	 156.097 	 -132.236 	 36.8177 	 0.154786 	 237.863 	 170 	 489 	 358.353 	 -0.635011 	 2 	 1117.43 	 0.251165 	 35.6396 	 35.6396 	 35.6396 	 0 	 96 	 74 	 85 	 15.5563 	  Tumour 
10 	 154.9 	 1516.32 	 192.2 	 247.978 	 6757 	 110.899 	 78.9725 	 0.702065 	 0.954783 	 347.505 	 1081.26 	 183.242 	 0.169471 	 220.771 	 971.927 	 12860 	 0.864887 	 551.127 	 475.411 	 595.861 	 421.829 	 0.752174 	 616.159 	 583.068 	 143.326 	 0.240536 	 200 	 2091 	 221.345 	 -27.7774 	 4 	 1343.68 	 0.198858 	 61.9832 	 22.9313 	 45.4273 	 12.9389 	 58 	 35 	 50 	 10.4243 	 300.501 	 29.5587 	 49.9549 	 0.130681 	 382.266 	 898 	 2544 	 429.667 	 70.6791 	 6 	 838.952 	 0.12416 	 48.3167 	 9.99053 	 29.195 	 10.5545 	 301 	 39 	 128.286 	 101.79 	  Tumour 
11 	 143.607 	 324.267 	 1043.2 	 946.106 	 3694 	 87.2047 	 57.6255 	 0.750556 	 0.896167 	 260.794 	 1716.45 	 475.572 	 0.277067 	 803.206 	 1607.11 	 16784 	 0.788796 	 707.796 	 609.246 	 641.945 	 467.914 	 0.305141 	 685.56 	 633.059 	 127.657 	 0.19886 	 151 	 584 	 266.702 	 17.5795 	 3 	 826.361 	 0.223704 	 41.1293 	 18.8216 	 28.6295 	 10.1919 	 59 	 45 	 50.3333 	 7.57188 	 168.56 	 -70.3585 	 34.9963 	 0.139803 	 250.325 	 53 	 54 	 362.038 	 3.04978 	 1 	 0 	 0 	 NaN 	 NaN 	 NaN 	 NaN 	 53 	 53 	 53 	 0 	  Tumour 
12 	 174.132 	 248.98 	 1121.04 	 966.893 	 4533 	 112.064 	 54.2187 	 0.875168 	 0.896559 	 295.421 	 1891.62 	 605.763 	 0.320235 	 1025.75 	 1782.28 	 9534 	 0.867911 	 443.973 	 762.705 	 826.24 	 652.209 	 0.497758 	 1187.98 	 700.457 	 626.038 	 0.757695 	 58 	 60 	 290.983 	 41.8603 	 1 	 0 	 0 	 NaN 	 NaN 	 NaN 	 NaN 	 58 	 58 	 58 	 0 	 200.529 	 11.0501 	 70.4912 	 0.249709 	 282.294 	 0 	 0 	 NaN 	 NaN 	 0 	 0 	 0 	 NaN 	 NaN 	 NaN 	 NaN 	 0 	 0 	 NaN 	 NaN 	  Tumour 
13 	 180.279 	 524.851 	 848.628 	 816.036 	 3292 	 79.3251 	 53.5179 	 0.738124 	 0.967382 	 238.35 	 1129.27 	 224.789 	 0.199056 	 659.524 	 1019.94 	 15532 	 0.829657 	 623.754 	 710.378 	 802.789 	 628.758 	 0.0551331 	 746.586 	 803.609 	 186.076 	 0.231787 	 0 	 0 	 NaN 	 NaN 	 0 	 0 	 0 	 NaN 	 NaN 	 NaN 	 NaN 	 0 	 0 	 NaN 	 NaN 	 226.166 	 -35.4938 	 48.0982 	 0.156198 	 307.931 	 0 	 0 	 NaN 	 NaN 	 0 	 0 	 0 	 NaN 	 NaN 	 NaN 	 NaN 	 0 	 0 	 NaN 	 NaN 	  Tumour 
14 	 193.928 	 708.147 	 671.887 	 746.231 	 6138 	 102.537 	 77.0637 	 0.659656 	 0.980981 	 310.392 	 1666.18 	 511.828 	 0.307186 	 1100.94 	 1556.85 	 18430 	 0.932173 	 570.274 	 656.605 	 936.379 	 762.348 	 0.202381 	 876.049 	 936.895 	 316.009 	 0.337479 	 145 	 348 	 296.055 	 46.9327 	 3 	 1365.52 	 0.22247 	 26.0865 	 10.189 	 17.9045 	 7.11878 	 58 	 31 	 48.3333 	 15.0444 	 105.237 	 -39.2009 	 25.7287 	 0.137585 	 187.002 	 841 	 1309 	 752.38 	 393.393 	 2 	 1414.08 	 0.230381 	 35.3646 	 35.3646 	 35.3646 	 0 	 782 	 59 	 420.5 	 511.238 	  Tumour 
15 	 201.431 	 126.804 	 1245.45 	 1028.85 	 7667 	 115.465 	 88.8188 	 0.638976 	 0.928433 	 386.576 	 1703.54 	 574.594 	 0.337294 	 774.399 	 1594.21 	 11080 	 0.845737 	 499.002 	 745.614 	 922.228 	 748.197 	 0.540793 	 1037.77 	 882.28 	 530.181 	 0.574891 	 133 	 1665 	 271.902 	 22.7798 	 4 	 5173.32 	 0.674752 	 58.815 	 29.0369 	 41.958 	 12.5029 	 73 	 8 	 33.25 	 29.239 	 230.89 	 -67.7345 	 93.0785 	 0.297703 	 312.655 	 148 	 730 	 391.135 	 32.1472 	 3 	 981.237 	 0.127982 	 66.1923 	 15.4095 	 44.3845 	 23.3795 	 57 	 45 	 49.3333 	 6.65833 	  Tumour 
16 	 256.423 	 1599.96 	 321.403 	 125.419 	 7292 	 154.639 	 64.1357 	 0.909937 	 0.923038 	 399.12 	 1509.33 	 500.271 	 0.331453 	 871.351 	 1399.99 	 9234 	 0.875842 	 445.806 	 370.663 	 430.649 	 256.618 	 0.556391 	 530.811 	 390.616 	 184.205 	 0.427738 	 392 	 3524 	 331.153 	 82.0306 	 5 	 2080.87 	 0.285364 	 131.866 	 12.4992 	 70.3905 	 36.3339 	 134 	 46 	 78.4 	 40.7713 	 158.415 	 62.2219 	 58.6036 	 0.243998 	 240.18 	 60 	 62 	 360.983 	 1.99538 	 1 	 0 	 0 	 NaN 	 NaN 	 NaN 	 NaN 	 60 	 60 	 60 	 0 	  Tumour 
17 	 292.035 	 1522.19 	 298.503 	 167.314 	 14188 	 166.706 	 110.154 	 0.75059 	 0.959037 	 493.362 	 2518.34 	 842.442 	 0.334523 	 1699.77 	 2409 	 14967 	 0.958686 	 504.434 	 534.406 	 612.698 	 438.667 	 0.798226 	 637.858 	 595.98 	 153.823 	 0.251059 	 470 	 6733 	 294.166 	 45.0435 	 8 	 2105.26 	 0.148383 	 127.134 	 15.2962 	 67.7285 	 32.6735 	 93 	 31 	 58.75 	 21.7371 	 433.45 	 92.6942 	 73.9506 	 0.143533 	 515.215 	 2163 	 7195 	 808.913 	 449.925 	 11 	 6817.28 	 0.480496 	 105.484 	 10.9066 	 50.5589 	 22.446 	 784 	 41 	 196.636 	 236.312 	  Tumour 
18 	 250.814 	 341.616 	 1041.6 	 848.842 	 3763 	 93.5538 	 54.2842 	 0.814441 	 0.900024 	 265.823 	 2075.92 	 617.877 	 0.29764 	 1101.75 	 1966.58 	 5587 	 0.835002 	 371.605 	 735.273 	 832.947 	 658.915 	 0.45768 	 809.329 	 828.524 	 305.846 	 0.367186 	 0 	 0 	 NaN 	 NaN 	 0 	 0 	 0 	 NaN 	 NaN 	 NaN 	 NaN 	 0 	 0 	 NaN 	 NaN 	 226.033 	 4.52829 	 62.6755 	 0.203625 	 307.799 	 0 	 0 	 NaN 	 NaN 	 0 	 0 	 0 	 NaN 	 NaN 	 NaN 	 NaN 	 0 	 0 	 NaN 	 NaN 	  Tumour 
19 	 273.987 	 1884.73 	 89.6772 	 285.568 	 4145 	 83.3244 	 66.9638 	 0.5951 	 0.946996 	 270.735 	 1124.58 	 355.876 	 0.316452 	 747.626 	 1015.25 	 5238 	 0.955142 	 286.108 	 190.142 	 179.484 	 5.45246 	 0 	 0 	 0 	 35.3045 	 0.1967 	 90 	 95 	 232.333 	 -16.7891 	 1 	 0 	 0 	 NaN 	 NaN 	 NaN 	 NaN 	 90 	 90 	 90 	 0 	 21.5107 	 12.9534 	 11.2241 	 0.10868 	 103.276 	 98 	 113 	 313.898 	 -45.09 	 1 	 0 	 0 	 NaN 	 NaN 	 NaN 	 NaN 	 98 	 98 	 98 	 0 	  DCIS 
20 	 276.64 	 77.4378 	 1306.67 	 1014.82 	 4630 	 99.2667 	 63.7351 	 0.766655 	 0.947993 	 292.049 	 1609.76 	 409.467 	 0.254365 	 857.001 	 1500.43 	 8076 	 0.803023 	 514.357 	 525.201 	 625.037 	 451.005 	 0.24424 	 599.443 	 626.388 	 473.372 	 0.757351 	 102 	 257 	 240.206 	 -8.91657 	 2 	 1731.33 	 0.373938 	 24.3863 	 24.3863 	 24.3863 	 0 	 51 	 51 	 51 	 0 	 121.015 	 -10.328 	 23.8209 	 0.117471 	 202.781 	 92 	 130 	 347.38 	 -11.6075 	 2 	 762.693 	 0.164728 	 10.2428 	 10.2428 	 10.2428 	 0 	 62 	 30 	 46 	 22.6274 	  Tumour 
21 	 295.575 	 1429.2 	 264.622 	 254.922 	 10291 	 139.022 	 99.5578 	 0.697967 	 0.935801 	 419.078 	 1950.08 	 752.58 	 0.385923 	 1422.73 	 1840.75 	 11861 	 0.946155 	 445.078 	 443.661 	 496.072 	 322.041 	 0.467662 	 593.085 	 462.631 	 197.709 	 0.398548 	 354 	 2206 	 236.314 	 -12.8089 	 6 	 1336.85 	 0.129905 	 79.9356 	 13.8672 	 38.7639 	 17.0326 	 96 	 32 	 59 	 22.3249 	 417.334 	 122.894 	 93.3586 	 0.187054 	 499.099 	 1681 	 6586 	 583.754 	 224.766 	 11 	 2412.48 	 0.234427 	 96.8941 	 15.4741 	 54.1605 	 22.609 	 574 	 28 	 152.818 	 164.892 	  Tumour 
22 	 285.477 	 1796.36 	 112.929 	 198.134 	 2769 	 82.5031 	 45.1104 	 0.837281 	 0.938962 	 229.137 	 942.983 	 214.982 	 0.227981 	 541.869 	 833.65 	 3613 	 0.959628 	 247.137 	 250.705 	 252.35 	 78.3191 	 0.107477 	 243.261 	 253.02 	 31.341 	 0.124196 	 0 	 0 	 NaN 	 NaN 	 0 	 0 	 0 	 NaN 	 NaN 	 NaN 	 NaN 	 0 	 0 	 NaN 	 NaN 	 7.52363 	 -6.89581 	 8.68635 	 0.0972836 	 89.2889 	 0 	 0 	 NaN 	 NaN 	 0 	 0 	 0 	 NaN 	 NaN 	 NaN 	 NaN 	 0 	 0 	 NaN 	 NaN 	  DCIS 
23 	 289.372 	 2008.41 	 269.386 	 409.332 	 1819 	 82.239 	 29.181 	 0.93493 	 0.933299 	 204.794 	 932.447 	 245.808 	 0.263616 	 512.417 	 823.114 	 2627 	 0.959459 	 218.309 	 179.361 	 176.113 	 2.08149 	 0 	 0 	 0 	 20.9159 	 0.118764 	 56 	 58 	 179.232 	 -69.8903 	 1 	 0 	 0 	 NaN 	 NaN 	 NaN 	 NaN 	 56 	 56 	 56 	 0 	 6.71025 	 8.3203 	 8.78491 	 0.099292 	 88.4755 	 73 	 75 	 218 	 -140.988 	 1 	 0 	 0 	 NaN 	 NaN 	 NaN 	 NaN 	 73 	 73 	 73 	 0 	  Other 
24 	 296.188 	 347.675 	 1045.82 	 809.778 	 3802 	 104.89 	 46.9981 	 0.893999 	 0.919468 	 311.078 	 1896.12 	 705.298 	 0.371969 	 1060.83 	 1786.79 	 5119 	 0.846816 	 359.848 	 844.734 	 883.801 	 709.769 	 0.74183 	 868.767 	 888.413 	 215.048 	 0.243322 	 71 	 72 	 330.606 	 81.4832 	 1 	 0 	 0 	 NaN 	 NaN 	 NaN 	 NaN 	 71 	 71 	 71 	 0 	 256.406 	 16.7253 	 71.3988 	 0.211132 	 338.172 	 0 	 0 	 NaN 	 NaN 	 0 	 0 	 0 	 NaN 	 NaN 	 NaN 	 NaN 	 0 	 0 	 NaN 	 NaN 	  Tumour 
25 	 337.789 	 141.673 	 1255.87 	 925.864 	 6773 	 100.313 	 87.2512 	 0.493419 	 0.970344 	 334.534 	 2061.29 	 769.447 	 0.373283 	 1194.44 	 1951.96 	 8335 	 0.942553 	 370.534 	 636.512 	 637.747 	 463.715 	 0.2375 	 629.105 	 636.252 	 311.797 	 0.488904 	 79 	 80 	 276.101 	 26.9788 	 1 	 0 	 0 	 NaN 	 NaN 	 NaN 	 NaN 	 79 	 79 	 79 	 0 	 197.5 	 35.0635 	 57.0408 	 0.204253 	 279.266 	 168 	 259 	 572.012 	 213.024 	 2 	 784.578 	 0.115839 	 15.7079 	 15.7079 	 15.7079 	 0 	 87 	 81 	 84 	 4.24264 	  Tumour 
26 	 355.446 	 1677.19 	 197.687 	 123.891 	 2669 	 85.3777 	 41.088 	 0.876584 	 0.924489 	 247.622 	 1129.06 	 338.299 	 0.299628 	 682.712 	 1019.73 	 3471 	 0.950959 	 255.38 	 231.041 	 226.471 	 52.4392 	 0.18552 	 262.122 	 222.546 	 54.4871 	 0.240592 	 104 	 416 	 249.125 	 0.00255102 	 2 	 775.458 	 0.290543 	 51.4639 	 51.4639 	 51.4639 	 0 	 65 	 39 	 52 	 18.3848 	 28.8327 	 17.2141 	 10.699 	 0.096738 	 110.598 	 59 	 61 	 277.915 	 -81.0727 	 1 	 0 	 0 	 NaN 	 NaN 	 NaN 	 NaN 	 59 	 59 	 59 	 0 	  Fib 
27 	 363.141 	 371.297 	 1042.31 	 743.648 	 2607 	 74.7957 	 47.771 	 0.769467 	 0.937096 	 220.593 	 1485.91 	 423.514 	 0.28502 	 700.034 	 1376.58 	 6660 	 0.806979 	 391.747 	 557.83 	 610.737 	 436.706 	 0.689552 	 698.429 	 561.167 	 247.803 	 0.405744 	 49 	 53 	 257.531 	 8.40816 	 1 	 0 	 0 	 NaN 	 NaN 	 NaN 	 NaN 	 49 	 49 	 49 	 0 	 99.4046 	 -19.2252 	 28.841 	 0.159193 	 181.17 	 0 	 0 	 NaN 	 NaN 	 0 	 0 	 0 	 NaN 	 NaN 	 NaN 	 NaN 	 0 	 0 	 NaN 	 NaN 	  Tumour 
28 	 381.659 	 229.072 	 1183.49 	 830.957 	 3625 	 86.2725 	 55.1963 	 0.76855 	 0.955204 	 252.108 	 1826.23 	 548.753 	 0.300484 	 1168.24 	 1716.9 	 6524 	 0.836518 	 441.061 	 488.251 	 512.278 	 338.247 	 0.370079 	 537 	 505.87 	 228.309 	 0.445674 	 130 	 317 	 243.738 	 -5.38399 	 2 	 768.123 	 0.211896 	 26.1962 	 26.1962 	 26.1962 	 0 	 66 	 64 	 65 	 1.41421 	 166.132 	 36.8225 	 25.3707 	 0.102343 	 247.898 	 136 	 316 	 426.029 	 67.0415 	 2 	 249.193 	 0.0687429 	 25.0561 	 25.0561 	 25.0561 	 0 	 69 	 67 	 68 	 1.41421 	  Tumour 
29 	 410.254 	 541.597 	 899.611 	 604.219 	 7340 	 111.475 	 84.2655 	 0.654674 	 0.986692 	 330.09 	 1492.3 	 330.134 	 0.221225 	 999.721 	 1382.96 	 24093 	 0.874329 	 744.808 	 750.357 	 1201.2 	 1027.16 	 0.335987 	 1313.23 	 1163.04 	 500.218 	 0.416433 	 228 	 1158 	 247.211 	 -1.91192 	 4 	 1333.77 	 0.181713 	 62.5806 	 16.7584 	 35.5379 	 15.3586 	 73 	 41 	 57 	 16.3299 	 336.782 	 8.95735 	 25.7028 	 0.0614096 	 418.548 	 1243 	 3668 	 636.659 	 277.671 	 7 	 1444.49 	 0.196798 	 76.0042 	 10.4182 	 42.6889 	 20.1034 	 468 	 35 	 177.571 	 186.841 	  Tumour 
30 	 411.843 	 1566.62 	 424.746 	 90.7965 	 2954 	 102.081 	 37.5629 	 0.929837 	 0.929515 	 266.894 	 1492.54 	 425.215 	 0.284893 	 649.434 	 1383.21 	 4082 	 0.919576 	 296.35 	 535.641 	 557.934 	 383.902 	 0.494163 	 640.772 	 530.46 	 192.332 	 0.344722 	 44 	 46 	 255.136 	 6.01391 	 1 	 0 	 0 	 NaN 	 NaN 	 NaN 	 NaN 	 44 	 44 	 44 	 0 	 245.818 	 28.4065 	 44.7214 	 0.136519 	 327.584 	 63 	 66 	 396.825 	 37.8374 	 1 	 0 	 0 	 NaN 	 NaN 	 NaN 	 NaN 	 63 	 63 	 63 	 0 	  Tumour 
31 	 401.699 	 415.443 	 1013.83 	 685.404 	 3910 	 87.9379 	 57.1273 	 0.760249 	 0.958099 	 251.765 	 1578.25 	 395.249 	 0.250434 	 1015.11 	 1468.92 	 12448 	 0.771682 	 605.813 	 756.028 	 964.701 	 790.669 	 0.554054 	 933.669 	 965.256 	 564.003 	 0.58464 	 60 	 62 	 227.317 	 -21.8058 	 1 	 0 	 0 	 NaN 	 NaN 	 NaN 	 NaN 	 60 	 60 	 60 	 0 	 202.499 	 -84.0025 	 59.0573 	 0.207755 	 284.264 	 103 	 201 	 386.155 	 27.1674 	 2 	 1028.57 	 0.263062 	 18.9342 	 18.9342 	 18.9342 	 0 	 56 	 47 	 51.5 	 6.36396 	  Tumour 
32 	 422.45 	 1504.47 	 407.539 	 153.013 	 7035 	 112.444 	 80.5077 	 0.698119 	 0.962117 	 341.706 	 1413.94 	 367.636 	 0.260009 	 806.021 	 1304.6 	 13737 	 0.875024 	 538.149 	 571.772 	 643.635 	 469.603 	 0.425963 	 654.676 	 638.474 	 119.687 	 0.185955 	 149 	 1870 	 243.054 	 -6.06876 	 3 	 668.788 	 0.0950658 	 56.605 	 49.694 	 52.262 	 3.38271 	 59 	 44 	 49.6667 	 8.14453 	 474.053 	 150.346 	 116.606 	 0.209792 	 555.818 	 705 	 1963 	 502.952 	 143.964 	 6 	 1379.34 	 0.196068 	 58.6392 	 15.8899 	 32.9494 	 13.9356 	 222 	 55 	 117.5 	 59.5945 	  Tumour 
33 	 423.593 	 1656.87 	 268.784 	 90.7965 	 2865 	 75.6118 	 49.148 	 0.759931 	 0.941815 	 225.622 	 1390.74 	 579.181 	 0.416457 	 875.891 	 1281.4 	 3698 	 0.917618 	 260.693 	 253.52 	 270.924 	 96.8924 	 0.183857 	 262.122 	 270.828 	 81.6096 	 0.301227 	 341 	 801 	 1008.09 	 758.968 	 3 	 1063.66 	 0.37126 	 28.9096 	 16.446 	 24.7128 	 6.40368 	 159 	 43 	 113.667 	 62.0108 	 41.2703 	 8.88725 	 11.2365 	 0.0913276 	 123.036 	 68 	 69 	 334.412 	 -24.5762 	 1 	 0 	 0 	 NaN 	 NaN 	 NaN 	 NaN 	 68 	 68 	 68 	 0 	  Fib 
34 	 427.314 	 185.637 	 1238.04 	 836.414 	 3966 	 96.1859 	 55.3592 	 0.817771 	 0.837946 	 301.279 	 1534.1 	 377.054 	 0.245782 	 343.952 	 1424.76 	 5503 	 0.876832 	 344.434 	 556.349 	 640.512 	 466.481 	 0.532646 	 614.019 	 644.144 	 347.127 	 0.541953 	 101 	 249 	 221.673 	 -27.4492 	 2 	 827.173 	 0.208566 	 25.4936 	 25.4936 	 25.4936 	 0 	 62 	 39 	 50.5 	 16.2635 	 212.183 	 -15.5963 	 41.1968 	 0.14015 	 293.948 	 114 	 411 	 310.491 	 -48.4967 	 2 	 394.245 	 0.0994062 	 38.077 	 38.077 	 38.077 	 0 	 61 	 53 	 57 	 5.65685 	  Tumour 
35 	 447.728 	 257.194 	 1177.92 	 767.287 	 5011 	 93.744 	 68.6648 	 0.680798 	 0.969996 	 284.291 	 1375.12 	 229.031 	 0.166553 	 651.933 	 1265.79 	 6919 	 0.894274 	 367.546 	 638.935 	 911.777 	 737.746 	 0.47541 	 860.655 	 931.259 	 643.419 	 0.705676 	 57 	 57 	 224.772 	 -24.3505 	 1 	 0 	 0 	 NaN 	 NaN 	 NaN 	 NaN 	 57 	 57 	 57 	 0 	 255.94 	 -47.9829 	 43.4119 	 0.12855 	 337.705 	 102 	 110 	 340.049 	 -18.9389 	 1 	 0 	 0 	 NaN 	 NaN 	 NaN 	 NaN 	 102 	 102 	 102 	 0 	  Tumour 
36 	 485.024 	 342.068 	 1112.85 	 678.127 	 3120 	 77.4334 	 51.7057 	 0.744391 	 0.97775 	 220.995 	 1100.19 	 190.201 	 0.172881 	 596.576 	 990.852 	 8534 	 0.897183 	 440.174 	 914.62 	 1382.24 	 1208.21 	 0.436658 	 1495.92 	 1328.23 	 664.708 	 0.480892 	 84 	 86 	 238.488 	 -10.6344 	 1 	 0 	 0 	 NaN 	 NaN 	 NaN 	 NaN 	 84 	 84 	 84 	 0 	 233.01 	 -64.1318 	 35.3269 	 0.112229 	 314.776 	 103 	 127 	 330.34 	 -28.6481 	 1 	 0 	 0 	 NaN 	 NaN 	 NaN 	 NaN 	 103 	 103 	 103 	 0 	  Tumour 
37 	 521.3 	 1635.88 	 366.695 	 129.004 	 2077 	 79.4448 	 34.1091 	 0.903142 	 0.942805 	 218.409 	 1213.14 	 428.35 	 0.353092 	 599.832 	 1103.81 	 2870 	 0.967307 	 225.681 	 368.374 	 338.34 	 164.309 	 0 	 0 	 0 	 87.5306 	 0.258706 	 116 	 288 	 261.112 	 11.9896 	 2 	 309.578 	 0.149051 	 26.3131 	 26.3131 	 26.3131 	 0 	 58 	 58 	 58 	 0 	 45.4817 	 11.4703 	 10.6872 	 0.0839877 	 127.247 	 57 	 59 	 295.018 	 -63.9704 	 1 	 0 	 0 	 NaN 	 NaN 	 NaN 	 NaN 	 57 	 57 	 57 	 0 	  Fib 
38 	 532.794 	 479.469 	 1011.31 	 545.257 	 8358 	 107.909 	 98.9801 	 0.398294 	 0.988878 	 342.676 	 1433.22 	 264.829 	 0.184779 	 960.416 	 1323.89 	 19860 	 0.920638 	 623.169 	 762.342 	 1268.74 	 1094.71 	 0.394286 	 1414.23 	 1225.7 	 461.161 	 0.363479 	 295 	 1776 	 239.617 	 -9.5055 	 5 	 818.515 	 0.097932 	 66.1011 	 14.5083 	 36.921 	 14.5651 	 69 	 49 	 59 	 7.17635 	 496.309 	 153.472 	 101.207 	 0.175076 	 578.074 	 1295 	 3312 	 634.022 	 275.034 	 6 	 955.637 	 0.114338 	 59.3507 	 14.5114 	 31.2102 	 13.263 	 682 	 45 	 215.833 	 239.582 	  Tumour 
39 	 530.318 	 1893.39 	 376.177 	 346.699 	 3355 	 76.9986 	 55.7228 	 0.690129 	 0.975291 	 227.38 	 1383.07 	 510.703 	 0.369253 	 959.562 	 1273.74 	 4203 	 0.977897 	 245.48 	 280.282 	 217.808 	 43.777 	 0 	 0 	 0 	 50.2644 	 0.230774 	 28 	 28 	 187.179 	 -61.9439 	 1 	 0 	 0 	 NaN 	 NaN 	 NaN 	 NaN 	 28 	 28 	 28 	 0 	 61.1527 	 30.918 	 25.2301 	 0.176535 	 142.918 	 52 	 54 	 336.481 	 -22.5072 	 1 	 0 	 0 	 NaN 	 NaN 	 NaN 	 NaN 	 52 	 52 	 52 	 0 	  DCIS 
40 	 580.248 	 277.336 	 1211.95 	 675.711 	 4859 	 85.5204 	 73.3672 	 0.513831 	 0.951626 	 325.706 	 1025.67 	 119.874 	 0.116874 	 418.768 	 916.337 	 8228 	 0.862926 	 467.387 	 1020.73 	 1157.86 	 983.826 	 0.232143 	 1361.9 	 1117.67 	 558.241 	 0.482133 	 70 	 305 	 245.814 	 -3.30816 	 2 	 2225.98 	 0.458115 	 46.4071 	 46.4071 	 46.4071 	 0 	 67 	 3 	 35 	 45.2548 	 360.216 	 -8.1395 	 34.9703 	 0.0791216 	 441.981 	 396 	 1120 	 436.712 	 77.7242 	 4 	 1477.1 	 0.303992 	 41.2304 	 12.0669 	 28.6111 	 11.1476 	 149 	 49 	 99 	 48.9149 	  Tumour 
41 	 590.457 	 1524.66 	 476.669 	 91.0659 	 2624 	 99.4804 	 33.919 	 0.940077 	 0.958714 	 243.664 	 1054.5 	 343.121 	 0.325387 	 543.895 	 945.167 	 3613 	 0.855756 	 301.421 	 472.193 	 484.181 	 310.149 	 0.311538 	 654.728 	 453.114 	 159.311 	 0.329032 	 196 	 501 	 277.954 	 28.8316 	 2 	 1703.43 	 0.649175 	 36.0216 	 36.0216 	 36.0216 	 0 	 143 	 53 	 98 	 63.6396 	 202.359 	 27.4001 	 66.3185 	 0.233414 	 284.124 	 56 	 56 	 300.5 	 -58.488 	 1 	 0 	 0 	 NaN 	 NaN 	 NaN 	 NaN 	 56 	 56 	 56 	 0 	  Fib 
42 	 617.587 	 1759.86 	 441.01 	 282.285 	 3845 	 149.156 	 33.5615 	 0.974357 	 0.920517 	 341.262 	 1160.01 	 407.998 	 0.351719 	 643.928 	 1050.68 	 5234 	 0.933643 	 353.706 	 208.839 	 206.224 	 32.1923 	 0 	 0 	 206.604 	 24.9843 	 0.121151 	 63 	 67 	 216.095 	 -33.0272 	 1 	 0 	 0 	 NaN 	 NaN 	 NaN 	 NaN 	 63 	 63 	 63 	 0 	 16.6664 	 12.001 	 10.0119 	 0.101714 	 98.4317 	 0 	 0 	 NaN 	 NaN 	 0 	 0 	 0 	 NaN 	 NaN 	 NaN 	 NaN 	 0 	 0 	 NaN 	 NaN 	  Fib 
43 	 632.91 	 48.585 	 1440.7 	 860.084 	 5472 	 115.429 	 61.4602 	 0.846461 	 0.969525 	 308.978 	 1617.41 	 434.225 	 0.26847 	 946.685 	 1508.08 	 12059 	 0.833092 	 559.872 	 595.747 	 602.276 	 428.245 	 0.139004 	 720.239 	 587.709 	 128.764 	 0.213795 	 0 	 0 	 NaN 	 NaN 	 0 	 0 	 0 	 NaN 	 NaN 	 NaN 	 NaN 	 0 	 0 	 NaN 	 NaN 	 232.128 	 -7.8749 	 61.0774 	 0.19458 	 313.893 	 0 	 0 	 NaN 	 NaN 	 0 	 0 	 0 	 NaN 	 NaN 	 NaN 	 NaN 	 0 	 0 	 NaN 	 NaN 	  Tumour 
44 	 637.118 	 1446.86 	 603.021 	 91.0659 	 8074 	 123.896 	 83.3361 	 0.739978 	 0.968222 	 367.546 	 1212.26 	 314.397 	 0.259348 	 746.541 	 1102.92 	 12956 	 0.888005 	 525.73 	 478.559 	 587.049 	 413.017 	 0.179204 	 657.531 	 578.079 	 94.0727 	 0.160247 	 161 	 2291 	 215.031 	 -34.0914 	 3 	 660.528 	 0.0818092 	 95.1065 	 38.6294 	 69.3347 	 25.5448 	 62 	 45 	 53.6667 	 8.5049 	 421.051 	 106.634 	 83.487 	 0.166039 	 502.816 	 1327 	 4206 	 487.656 	 128.668 	 8 	 1806.33 	 0.223722 	 93.215 	 16.5888 	 47.8225 	 22.6484 	 664 	 34 	 165.875 	 214.55 	  Tumour 
45 	 622.054 	 2006.97 	 507.505 	 487.545 	 2354 	 72.3268 	 42.7807 	 0.806311 	 0.947284 	 205.338 	 1911.12 	 413.482 	 0.216356 	 985.667 	 1801.78 	 2917 	 0.936136 	 224.309 	 298.012 	 287.021 	 112.989 	 0.192708 	 296.892 	 286.487 	 57.8314 	 0.201489 	 68 	 68 	 269.824 	 20.7011 	 1 	 0 	 0 	 NaN 	 NaN 	 NaN 	 NaN 	 68 	 68 	 68 	 0 	 149.293 	 45.6893 	 35.0398 	 0.151649 	 231.058 	 84 	 86 	 468.321 	 109.333 	 1 	 0 	 0 	 NaN 	 NaN 	 NaN 	 NaN 	 84 	 84 	 84 	 0 	  DCIS 
46 	 633.855 	 1841.19 	 463.609 	 352.647 	 2805 	 106.266 	 34.4912 	 0.94586 	 0.965909 	 247.321 	 1029.75 	 247.076 	 0.239939 	 667.884 	 920.411 	 3718 	 0.966467 	 268.392 	 167.966 	 158.505 	 -15.5269 	 0.202703 	 165.511 	 157.153 	 18.5298 	 0.116904 	 59 	 59 	 181.441 	 -67.6818 	 1 	 0 	 0 	 NaN 	 NaN 	 NaN 	 NaN 	 59 	 59 	 59 	 0 	 29.3099 	 16.7204 	 17.5823 	 0.158292 	 111.075 	 72 	 72 	 313.778 	 -45.2102 	 1 	 0 	 0 	 NaN 	 NaN 	 NaN 	 NaN 	 72 	 72 	 72 	 0 	  Fib 
47 	 634.701 	 1890.33 	 475.282 	 392.502 	 2535 	 91.2064 	 36.5321 	 0.916278 	 0.929934 	 224.936 	 986.213 	 206.871 	 0.209763 	 581.493 	 876.879 	 3533 	 0.924143 	 253.907 	 163.19 	 154.69 	 -19.3409 	 0.219048 	 167.739 	 153.949 	 25.6965 	 0.166116 	 56 	 57 	 172.929 	 -76.1939 	 1 	 0 	 0 	 NaN 	 NaN 	 NaN 	 NaN 	 56 	 56 	 56 	 0 	 18.0146 	 3.71627 	 17.8822 	 0.179217 	 99.7799 	 122 	 308 	 258.852 	 -100.135 	 2 	 155.583 	 0.0613738 	 29.8002 	 29.8002 	 29.8002 	 0 	 76 	 46 	 61 	 21.2132 	  Fib 
48 	 666.649 	 386.762 	 1159.2 	 537.034 	 8962 	 130.323 	 88.3096 	 0.735412 	 0.984186 	 373.404 	 1204.15 	 229.663 	 0.190725 	 726.283 	 1094.82 	 40245 	 0.982256 	 787.311 	 650.074 	 882.557 	 708.526 	 0.235808 	 1322.19 	 824.035 	 459.209 	 0.520316 	 169 	 1262 	 251.284 	 2.16157 	 3 	 3775.29 	 0.421255 	 48.5049 	 29.439 	 40.9358 	 9.05305 	 74 	 30 	 56.3333 	 23.2451 	 409.733 	 44.4861 	 58.5806 	 0.119188 	 491.499 	 894 	 3264 	 583.521 	 224.533 	 5 	 1638.14 	 0.182787 	 61.4413 	 22.7366 	 37.8437 	 13.6546 	 413 	 50 	 178.8 	 151.097 	  Tumour 
49 	 645.446 	 1588.7 	 499.3 	 142.225 	 1510 	 73.6582 	 26.6033 	 0.932499 	 0.941397 	 180.024 	 911.29 	 217.658 	 0.238846 	 508.546 	 801.956 	 2523 	 0.907881 	 224.267 	 295.924 	 299.256 	 125.225 	 0 	 0 	 0 	 70.5151 	 0.235635 	 0 	 0 	 NaN 	 NaN 	 0 	 0 	 0 	 NaN 	 NaN 	 NaN 	 NaN 	 0 	 0 	 NaN 	 NaN 	 62.1632 	 10.2842 	 16.8052 	 0.116761 	 143.928 	 0 	 0 	 NaN 	 NaN 	 0 	 0 	 0 	 NaN 	 NaN 	 NaN 	 NaN 	 0 	 0 	 NaN 	 NaN 	  Fib 
50 	 683.167 	 991.315 	 742.354 	 276.139 	 5258 	 88.6292 	 75.6728 	 0.520579 	 0.979691 	 279.321 	 1492.96 	 427.622 	 0.286425 	 859.662 	 1383.63 	 7341 	 0.916479 	 395.99 	 478.262 	 515.311 	 341.279 	 0.0857988 	 670.793 	 505.989 	 96.1298 	 0.186547 	 0 	 0 	 NaN 	 NaN 	 0 	 0 	 0 	 NaN 	 NaN 	 NaN 	 NaN 	 0 	 0 	 NaN 	 NaN 	 252.189 	 51.8212 	 32.6221 	 0.0976842 	 333.955 	 683 	 745 	 760.363 	 401.375 	 1 	 0 	 0 	 NaN 	 NaN 	 NaN 	 NaN 	 683 	 683 	 683 	 0 	  Tumour 
51 	 681.448 	 1980.4 	 548.73 	 438.719 	 2837 	 67.213 	 54.029 	 0.594836 	 0.978276 	 203.238 	 1479.1 	 449.612 	 0.303978 	 786.242 	 1369.76 	 3681 	 0.977949 	 227.966 	 222.505 	 209 	 34.9686 	 0.190722 	 293.865 	 198.863 	 49.4597 	 0.236649 	 56 	 56 	 225.589 	 -23.5332 	 1 	 0 	 0 	 NaN 	 NaN 	 NaN 	 NaN 	 56 	 56 	 56 	 0 	 55.2284 	 21.2503 	 28.5066 	 0.208087 	 136.994 	 104 	 264 	 342.173 	 -16.8149 	 2 	 795.228 	 0.280306 	 26.3243 	 26.3243 	 26.3243 	 0 	 67 	 37 	 52 	 21.2132 	  DCIS 
52 	 743.988 	 209.775 	 1350.08 	 672.804 	 5007 	 100.461 	 64.7802 	 0.764327 	 0.976594 	 288.108 	 1648.84 	 425.205 	 0.257881 	 958.033 	 1539.51 	 7354 	 0.936338 	 355.563 	 540.993 	 609.839 	 435.807 	 0.470968 	 622.178 	 613.356 	 77.3922 	 0.126906 	 140 	 350 	 285.271 	 36.149 	 2 	 1661.79 	 0.331894 	 28.3007 	 28.3007 	 28.3007 	 0 	 71 	 69 	 70 	 1.41421 	 522.587 	 196.792 	 126.597 	 0.209475 	 604.352 	 998 	 1933 	 627.579 	 268.591 	 3 	 1329.82 	 0.265593 	 35.7866 	 10.2719 	 26.0847 	 12.3533 	 926 	 36 	 332.667 	 513.842 	  Tumour 
53 	 728.595 	 141.438 	 1401.99 	 743.307 	 3230 	 71.0057 	 61.9957 	 0.487527 	 0.886875 	 253.38 	 1241.57 	 230.585 	 0.18572 	 581.343 	 1132.24 	 6064 	 0.850491 	 357.907 	 581.925 	 693.666 	 519.634 	 0.745223 	 794.368 	 635.614 	 270.193 	 0.389514 	 0 	 0 	 NaN 	 NaN 	 0 	 0 	 0 	 NaN 	 NaN 	 NaN 	 NaN 	 0 	 0 	 NaN 	 NaN 	 347.936 	 54.1076 	 47.9481 	 0.111585 	 429.701 	 0 	 0 	 NaN 	 NaN 	 0 	 0 	 0 	 NaN 	 NaN 	 NaN 	 NaN 	 0 	 0 	 NaN 	 NaN 	  Tumour 
54 	 736.727 	 873.277 	 851.428 	 188.597 	 4837 	 94.6499 	 67.3457 	 0.702661 	 0.934505 	 300.877 	 1722.17 	 430.944 	 0.250233 	 1030.43 	 1612.84 	 6107 	 0.869448 	 353.889 	 600.363 	 598.352 	 424.32 	 0.573379 	 635.393 	 583.236 	 76.8297 	 0.128402 	 90 	 109 	 262.822 	 13.6998 	 2 	 1401.81 	 0.289811 	 8.24621 	 8.24621 	 8.24621 	 0 	 45 	 45 	 45 	 0 	 269.352 	 32.5683 	 39.6843 	 0.113023 	 351.117 	 584 	 1754 	 581.584 	 222.596 	 4 	 793.251 	 0.163996 	 62.1477 	 13.0223 	 39.2296 	 17.5336 	 294 	 72 	 146 	 100.25 	  Tumour 
55 	 771.84 	 76.6492 	 1478.87 	 795.845 	 4358 	 86.8777 	 64.1088 	 0.674888 	 0.977568 	 259.279 	 1815.41 	 554.863 	 0.305641 	 1165.25 	 1706.07 	 5464 	 0.928147 	 305.907 	 765.339 	 743.298 	 569.266 	 0.60687 	 893.245 	 679.354 	 370.526 	 0.49849 	 53 	 54 	 269.415 	 20.2926 	 1 	 0 	 0 	 NaN 	 NaN 	 NaN 	 NaN 	 53 	 53 	 53 	 0 	 254.368 	 -5.05134 	 79.0751 	 0.235249 	 336.133 	 116 	 209 	 396.017 	 37.0293 	 2 	 131.939 	 0.0302752 	 16.2425 	 16.2425 	 16.2425 	 0 	 58 	 58 	 58 	 0 	  Tumour 
56 	 776.473 	 902.792 	 867.397 	 155.647 	 2191 	 87.9724 	 32.8764 	 0.927545 	 0.903505 	 228.936 	 1337.13 	 300.945 	 0.225068 	 610.134 	 1227.8 	 3200 	 0.902935 	 273.421 	 500.874 	 536.259 	 362.227 	 0.49569 	 598.278 	 513.659 	 113.788 	 0.212189 	 0 	 0 	 NaN 	 NaN 	 0 	 0 	 0 	 NaN 	 NaN 	 NaN 	 NaN 	 0 	 0 	 NaN 	 NaN 	 169.979 	 26.5237 	 31.4317 	 0.124856 	 251.744 	 0 	 0 	 NaN 	 NaN 	 0 	 0 	 0 	 NaN 	 NaN 	 NaN 	 NaN 	 0 	 0 	 NaN 	 NaN 	  Tumour 
57 	 801.502 	 821.782 	 933.94 	 128.16 	 5181 	 99.8283 	 67.5683 	 0.736125 	 0.977178 	 284.149 	 1427.94 	 321.238 	 0.224966 	 870.846 	 1318.6 	 7608 	 0.931554 	 372.475 	 682.624 	 706.673 	 532.642 	 0.262821 	 644.732 	 716.192 	 90.0306 	 0.127401 	 0 	 0 	 NaN 	 NaN 	 0 	 0 	 0 	 NaN 	 NaN 	 NaN 	 NaN 	 0 	 0 	 NaN 	 NaN 	 380.461 	 94.888 	 51.7023 	 0.111855 	 462.226 	 1072 	 1585 	 718.446 	 359.458 	 1 	 0 	 0 	 NaN 	 NaN 	 NaN 	 NaN 	 1072 	 1072 	 1072 	 0 	  Tumour 
58 	 805.078 	 946.173 	 870.793 	 148.809 	 3673 	 122.923 	 39.4066 	 0.947222 	 0.898923 	 291.948 	 1359.54 	 338.45 	 0.248945 	 761.796 	 1250.2 	 4758 	 0.921736 	 313.948 	 326.115 	 349.989 	 175.957 	 0.197719 	 252.923 	 361.871 	 103.432 	 0.295529 	 74 	 101 	 197.486 	 -51.636 	 2 	 754.423 	 0.205397 	 10.0208 	 10.0208 	 10.0208 	 0 	 42 	 32 	 37 	 7.07107 	 115.724 	 -17.4072 	 36.1071 	 0.182831 	 197.489 	 91 	 92 	 381.813 	 22.8252 	 1 	 0 	 0 	 NaN 	 NaN 	 NaN 	 NaN 	 91 	 91 	 91 	 0 	  Tumour 
59 	 795.387 	 1376.88 	 755.149 	 217.665 	 3352 	 76.7583 	 57.8287 	 0.657578 	 0.956348 	 239.037 	 1076.06 	 219.821 	 0.204283 	 598.846 	 966.724 	 6375 	 0.852957 	 371.872 	 516.882 	 593.221 	 419.19 	 0.459184 	 669.696 	 568.102 	 144.951 	 0.244347 	 89 	 297 	 211.652 	 -37.4708 	 2 	 286.46 	 0.0854596 	 32.0584 	 32.0584 	 32.0584 	 0 	 53 	 36 	 44.5 	 12.0208 	 358.167 	 82.8207 	 50.9041 	 0.115709 	 439.932 	 416 	 1303 	 522.377 	 163.389 	 3 	 604.38 	 0.180304 	 33.1374 	 30.4025 	 32.1409 	 1.35139 	 199 	 46 	 138.667 	 81.4637 	  Tumour 
60 	 835.11 	 1295.16 	 797.818 	 152.555 	 9994 	 140.276 	 91.2942 	 0.759231 	 0.983565 	 392.818 	 1346.3 	 392.862 	 0.291808 	 875.856 	 1236.97 	 14823 	 0.978739 	 495.973 	 481.503 	 646.829 	 472.798 	 0.674584 	 604.581 	 664.177 	 187.496 	 0.289869 	 261 	 3241 	 197.912 	 -51.2106 	 5 	 1580.8 	 0.158175 	 91.2651 	 12.1822 	 58.8952 	 27.548 	 67 	 34 	 52.2 	 14.6867 	 253.155 	 -76.5567 	 81.4288 	 0.243129 	 334.92 	 1242 	 5677 	 438.406 	 79.4178 	 10 	 999.749 	 0.100035 	 89.8039 	 13.0622 	 50.3009 	 19.8553 	 263 	 31 	 124.2 	 83.9177 	  Tumour 
61 	 813.593 	 258.178 	 1348.29 	 610.181 	 3226 	 86.8809 	 49.0203 	 0.825621 	 0.919612 	 252.007 	 1824.24 	 482.906 	 0.264716 	 1144.29 	 1714.91 	 3073 	 0.945248 	 234.25 	 440.85 	 540.641 	 366.609 	 0.692708 	 499.594 	 561.502 	 146.616 	 0.271189 	 93 	 403 	 256.333 	 7.21088 	 2 	 498.33 	 0.154473 	 43.6854 	 43.6854 	 43.6854 	 0 	 50 	 43 	 46.5 	 4.94975 	 228.345 	 -60.5207 	 52.724 	 0.170017 	 310.11 	 107 	 156 	 373.692 	 14.7036 	 2 	 511.201 	 0.158463 	 12.102 	 12.102 	 12.102 	 0 	 56 	 51 	 53.5 	 3.53553 	  Tumour 
62 	 844.869 	 1126.49 	 838.881 	 190.966 	 11908 	 157.702 	 97.7828 	 0.784565 	 0.963508 	 445.688 	 2073.61 	 739.044 	 0.356405 	 1493.41 	 1964.27 	 16541 	 0.913464 	 591.169 	 533.17 	 650.937 	 476.906 	 0.314402 	 768.142 	 629.749 	 113.182 	 0.173876 	 311 	 1664 	 266.695 	 17.5721 	 5 	 1342.12 	 0.112707 	 78.5866 	 12.6781 	 42.4542 	 21.3393 	 90 	 37 	 62.2 	 20.8255 	 417.382 	 59.383 	 56.6363 	 0.113466 	 499.147 	 1505 	 4243 	 723.282 	 364.294 	 10 	 5196.58 	 0.436394 	 82.6753 	 10.4197 	 41.0952 	 17.7296 	 886 	 35 	 150.5 	 260.399 	  Tumour 
63 	 825.824 	 145.975 	 1447.91 	 718.85 	 4318 	 87.0199 	 65.785 	 0.6546 	 0.915412 	 283.421 	 1516.02 	 372.384 	 0.245633 	 827.539 	 1406.68 	 5480 	 0.877221 	 327.421 	 599.219 	 733.087 	 559.056 	 0.730769 	 861.89 	 663.044 	 502.714 	 0.685748 	 0 	 0 	 NaN 	 NaN 	 0 	 0 	 0 	 NaN 	 NaN 	 NaN 	 NaN 	 0 	 0 	 NaN 	 NaN 	 217.767 	 -8.44745 	 88.8281 	 0.296556 	 299.532 	 66 	 69 	 349.591 	 -9.39704 	 1 	 0 	 0 	 NaN 	 NaN 	 NaN 	 NaN 	 66 	 66 	 66 	 0 	  Tumour 
64 	 837.777 	 1419.04 	 800.033 	 175.787 	 4173 	 115.212 	 46.863 	 0.913538 	 0.967316 	 284.191 	 1274.44 	 471.36 	 0.369857 	 729.52 	 1165.11 	 5673 	 0.94377 	 358.902 	 494.552 	 489.925 	 315.894 	 0.360544 	 617.736 	 457.317 	 195.933 	 0.399925 	 0 	 0 	 NaN 	 NaN 	 0 	 0 	 0 	 NaN 	 NaN 	 NaN 	 NaN 	 0 	 0 	 NaN 	 NaN 	 211.848 	 9.39381 	 79.6182 	 0.271167 	 293.613 	 0 	 0 	 NaN 	 NaN 	 0 	 0 	 0 	 NaN 	 NaN 	 NaN 	 NaN 	 0 	 0 	 NaN 	 NaN 	  Tumour 
65 	 845.867 	 222.327 	 1396.15 	 640.888 	 5140 	 118.119 	 58.2798 	 0.869802 	 0.897503 	 328.777 	 2002.71 	 550.703 	 0.274978 	 1281.62 	 1893.38 	 6306 	 0.908776 	 345.019 	 384.263 	 431.784 	 257.753 	 0.688356 	 472.234 	 410.934 	 155.602 	 0.36037 	 112 	 337 	 262.92 	 13.7972 	 2 	 981.788 	 0.191009 	 29.8061 	 29.8061 	 29.8061 	 0 	 67 	 45 	 56 	 15.5563 	 177.409 	 30.5095 	 50.1263 	 0.193408 	 259.174 	 121 	 206 	 386.207 	 27.2187 	 2 	 888.075 	 0.172777 	 15.7949 	 15.7949 	 15.7949 	 0 	 63 	 58 	 60.5 	 3.53553 	  Tumour 
66 	 866.013 	 372.604 	 1288.56 	 488.575 	 4826 	 114.791 	 55.2015 	 0.876782 	 0.937634 	 299.563 	 1518.56 	 379.062 	 0.249619 	 937.718 	 1409.23 	 6071 	 0.87592 	 350.007 	 700.235 	 870.262 	 696.231 	 0.36246 	 1256.29 	 773.599 	 707.316 	 0.812762 	 122 	 570 	 250.516 	 1.39394 	 2 	 827.425 	 0.171452 	 61.453 	 61.453 	 61.453 	 0 	 63 	 59 	 61 	 2.82843 	 188.341 	 -8.31519 	 115.558 	 0.427823 	 270.106 	 116 	 579 	 341.293 	 -17.6948 	 2 	 146.153 	 0.0302844 	 59.9794 	 59.9794 	 59.9794 	 0 	 63 	 53 	 58 	 7.07107 	  Tumour 
67 	 856.155 	 315.324 	 1327.43 	 547.366 	 3715 	 76.1073 	 63.3648 	 0.553919 	 0.9597 	 245.279 	 1882.32 	 753.974 	 0.400555 	 1166.31 	 1772.99 	 4787 	 0.962985 	 272.551 	 537.683 	 665.255 	 491.224 	 0.518828 	 732.774 	 636.723 	 507.357 	 0.76265 	 126 	 321 	 267.183 	 18.0601 	 2 	 886.135 	 0.238529 	 26.9325 	 26.9325 	 26.9325 	 0 	 68 	 58 	 63 	 7.07107 	 199.314 	 -3.46057 	 83.5569 	 0.297271 	 281.08 	 88 	 89 	 482.364 	 123.376 	 1 	 0 	 0 	 NaN 	 NaN 	 NaN 	 NaN 	 88 	 88 	 88 	 0 	  Tumour 
68 	 870.342 	 547.442 	 1163.24 	 315.826 	 6464 	 96.2894 	 86.4627 	 0.440105 	 0.98088 	 309.362 	 1651.21 	 414.825 	 0.251224 	 1068.99 	 1541.88 	 13318 	 0.940802 	 485.973 	 532.804 	 873.049 	 699.017 	 0.36253 	 874.591 	 870.712 	 322.549 	 0.369452 	 145 	 431 	 222.028 	 -27.0949 	 3 	 2830.89 	 0.437947 	 30.2143 	 14.5833 	 21.4844 	 7.13247 	 57 	 33 	 48.3333 	 13.3167 	 310.741 	 50.4305 	 62.5957 	 0.159477 	 392.506 	 759 	 1077 	 846.369 	 487.381 	 2 	 1384.44 	 0.214177 	 25.1161 	 25.1161 	 25.1161 	 0 	 704 	 55 	 379.5 	 458.912 	  Tumour 
69 	 867.166 	 667.899 	 1079.61 	 198.655 	 7168 	 130.198 	 70.2661 	 0.841867 	 0.981246 	 346.291 	 1585.41 	 413.379 	 0.260739 	 1009.55 	 1476.08 	 13069 	 0.910795 	 516.902 	 555.071 	 726.586 	 552.554 	 0.427928 	 799.489 	 707.151 	 205.773 	 0.283205 	 55 	 57 	 244.273 	 -4.84972 	 1 	 0 	 0 	 NaN 	 NaN 	 NaN 	 NaN 	 55 	 55 	 55 	 0 	 344.18 	 49.8174 	 46.2948 	 0.108687 	 425.945 	 782 	 1343 	 658.682 	 299.694 	 4 	 2633.1 	 0.367341 	 59.567 	 10.2061 	 35.1416 	 17.5655 	 573 	 30 	 195.5 	 253.399 	  Tumour 
70 	 880.28 	 924.882 	 946.873 	 80.7094 	 5008 	 101.967 	 63.5323 	 0.782166 	 0.954996 	 292.492 	 1470.65 	 308.985 	 0.210101 	 826.088 	 1361.31 	 5868 	 0.925844 	 324.676 	 363.592 	 468.648 	 294.617 	 0.737037 	 515.085 	 438.768 	 232.279 	 0.495636 	 123 	 268 	 221.797 	 -27.3257 	 2 	 1027.51 	 0.205173 	 21.6685 	 21.6685 	 21.6685 	 0 	 63 	 60 	 61.5 	 2.12132 	 191.75 	 -13.5099 	 58.4191 	 0.213587 	 273.515 	 152 	 1373 	 356.757 	 -2.23137 	 3 	 982.919 	 0.19627 	 50.1718 	 34.6423 	 43.4743 	 7.13911 	 63 	 40 	 50.6667 	 11.5902 	  Tumour 
71 	 909.823 	 1194.7 	 885.883 	 96.4261 	 11086 	 133.342 	 111.288 	 0.550854 	 0.926536 	 455.588 	 1636.44 	 450.698 	 0.275413 	 949.723 	 1527.11 	 12859 	 0.862441 	 543.487 	 555.109 	 718.248 	 544.217 	 0.842887 	 719.806 	 716.099 	 152.393 	 0.212174 	 402 	 3725 	 248.204 	 -0.918469 	 7 	 1462.29 	 0.131905 	 91.4949 	 9.74338 	 52.1905 	 26.3735 	 81 	 34 	 57.4286 	 15.7782 	 451.429 	 95.4408 	 67.6927 	 0.126957 	 533.195 	 1454 	 6594 	 551.561 	 192.573 	 10 	 1558.17 	 0.140553 	 94.8823 	 11.2468 	 53.3312 	 22.2336 	 339 	 34 	 132.182 	 102.939 	  Tumour 
72 	 903.066 	 81.7285 	 1543.75 	 776.312 	 5826 	 97.2735 	 77.1295 	 0.609334 	 0.96091 	 309.22 	 1705.75 	 467.421 	 0.274027 	 868.967 	 1596.42 	 7406 	 0.888329 	 399.362 	 519.707 	 600.899 	 426.868 	 0.109195 	 1258.58 	 554.085 	 406.916 	 0.677179 	 54 	 54 	 294.778 	 45.6553 	 1 	 0 	 0 	 NaN 	 NaN 	 NaN 	 NaN 	 54 	 54 	 54 	 0 	 199.798 	 6.29998 	 41.2323 	 0.146441 	 281.563 	 52 	 52 	 388.827 	 29.839 	 1 	 0 	 0 	 NaN 	 NaN 	 NaN 	 NaN 	 52 	 52 	 52 	 0 	  Tumour 
73 	 907.086 	 982.011 	 946.62 	 125.3 	 4631 	 93.3077 	 67.2394 	 0.693331 	 0.92583 	 321.362 	 1161.11 	 197.446 	 0.170049 	 509.667 	 1051.78 	 5663 	 0.928208 	 322.007 	 508.059 	 500.135 	 326.104 	 0.58363 	 499.848 	 501.709 	 104.882 	 0.209708 	 102 	 509 	 202.833 	 -46.2891 	 2 	 689.382 	 0.148862 	 52.9924 	 52.9924 	 52.9924 	 0 	 54 	 48 	 51 	 4.24264 	 427.505 	 106.593 	 66.9394 	 0.131442 	 509.27 	 696 	 1771 	 488.665 	 129.677 	 6 	 1747.88 	 0.37743 	 52.1961 	 10.9324 	 27.3226 	 12.596 	 241 	 31 	 116 	 95.9562 	  Tumour 
74 	 904.492 	 1773.33 	 727.069 	 259.7 	 1783 	 98.7143 	 23.8181 	 0.970455 	 0.940897 	 234.309 	 1346.06 	 301.559 	 0.224031 	 479.093 	 1236.73 	 4606 	 0.929754 	 302.25 	 443.554 	 421.558 	 247.526 	 0 	 0 	 0 	 143.39 	 0.340144 	 54 	 55 	 253.111 	 3.98866 	 1 	 0 	 0 	 NaN 	 NaN 	 NaN 	 NaN 	 54 	 54 	 54 	 0 	 80.7642 	 14.582 	 16.3675 	 0.100705 	 162.529 	 50 	 51 	 356.6 	 -2.38795 	 1 	 0 	 0 	 NaN 	 NaN 	 NaN 	 NaN 	 50 	 50 	 50 	 0 	  Fib 
75 	 908.39 	 1298.6 	 870.283 	 85.4751 	 4457 	 130.493 	 48.8664 	 0.927237 	 0.796035 	 334.877 	 1315.84 	 297.456 	 0.226058 	 410.105 	 1206.5 	 10140 	 0.75587 	 542.701 	 496.357 	 522.037 	 348.005 	 0.730603 	 567.947 	 496.883 	 134.886 	 0.258384 	 0 	 0 	 NaN 	 NaN 	 0 	 0 	 0 	 NaN 	 NaN 	 NaN 	 NaN 	 0 	 0 	 NaN 	 NaN 	 351.43 	 41.2744 	 61.2022 	 0.141281 	 433.196 	 157 	 298 	 564.478 	 205.49 	 2 	 384.467 	 0.0862613 	 15.5446 	 15.5446 	 15.5446 	 0 	 111 	 46 	 78.5 	 45.9619 	  Tumour 
76 	 929.789 	 1893.29 	 764.139 	 188.404 	 2517 	 69.9012 	 48.1006 	 0.725594 	 0.97069 	 202.61 	 1927.9 	 502.797 	 0.2608 	 888.643 	 1818.56 	 3348 	 0.97524 	 224.853 	 312.53 	 306.05 	 132.019 	 0 	 0 	 0 	 21.5366 	 0.0703697 	 43 	 43 	 268.791 	 19.6682 	 1 	 0 	 0 	 NaN 	 NaN 	 NaN 	 NaN 	 43 	 43 	 43 	 0 	 71.6614 	 13.1481 	 14.0515 	 0.0915845 	 153.427 	 67 	 67 	 334.075 	 -24.9133 	 1 	 0 	 0 	 NaN 	 NaN 	 NaN 	 NaN 	 67 	 67 	 67 	 0 	  DCIS 
77 	 924.804 	 857.629 	 1174.11 	 67.9559 	 1664 	 57.6638 	 37.7961 	 0.755233 	 0.936937 	 168.995 	 1042.62 	 145.439 	 0.139495 	 374.355 	 933.284 	 3197 	 0.804074 	 294.25 	 433.696 	 466.313 	 292.282 	 0.361111 	 602.934 	 437.339 	 141.619 	 0.303699 	 59 	 60 	 226.559 	 -22.5631 	 1 	 0 	 0 	 NaN 	 NaN 	 NaN 	 NaN 	 59 	 59 	 59 	 0 	 191.402 	 17.7458 	 49.4036 	 0.180854 	 273.168 	 65 	 66 	 312.246 	 -46.7418 	 1 	 0 	 0 	 NaN 	 NaN 	 NaN 	 NaN 	 65 	 65 	 65 	 0 	  Other 
78 	 976.799 	 167.911 	 1517.76 	 691.957 	 7742 	 159.146 	 65.2263 	 0.912152 	 0.919368 	 433.973 	 1366.76 	 280.965 	 0.20557 	 623.429 	 1257.43 	 9375 	 0.931538 	 441.931 	 396.486 	 396.869 	 222.838 	 0 	 0 	 396.309 	 150.409 	 0.37899 	 134 	 2730 	 269.604 	 20.482 	 3 	 1759.09 	 0.227214 	 95.3901 	 50.0059 	 73.5171 	 20.3361 	 68 	 12 	 44.6667 	 29.1433 	 144.001 	 17.5689 	 29.9646 	 0.132724 	 225.767 	 175 	 962 	 338.749 	 -20.2394 	 3 	 2483.14 	 0.320736 	 62.2584 	 27.4303 	 42.6721 	 15.935 	 68 	 52 	 58.3333 	 8.5049 	  Tumour 
79 	 957.371 	 302.686 	 1400.85 	 555.922 	 3901 	 100.138 	 50.4123 	 0.864036 	 0.953091 	 262.936 	 1967.8 	 773.542 	 0.3931 	 1022.57 	 1858.47 	 4983 	 0.970399 	 281.622 	 321.745 	 321.756 	 147.725 	 0 	 0 	 0 	 39.2806 	 0.122082 	 0 	 0 	 NaN 	 NaN 	 0 	 0 	 0 	 NaN 	 NaN 	 NaN 	 NaN 	 0 	 0 	 NaN 	 NaN 	 72.9004 	 -4.51468 	 30.1559 	 0.194974 	 154.666 	 0 	 0 	 NaN 	 NaN 	 0 	 0 	 0 	 NaN 	 NaN 	 NaN 	 NaN 	 0 	 0 	 NaN 	 NaN 	  Tumour 
80 	 943.696 	 699.414 	 1121.06 	 160.131 	 3262 	 84.0109 	 53.7699 	 0.768346 	 0.904603 	 270.108 	 1380.77 	 349.252 	 0.252941 	 781.367 	 1271.43 	 5208 	 0.680073 	 435.203 	 665.154 	 756.539 	 582.508 	 0.3531 	 1103.49 	 680.154 	 433.653 	 0.573206 	 101 	 397 	 215.634 	 -33.4888 	 2 	 378.537 	 0.116045 	 40.2431 	 40.2431 	 40.2431 	 0 	 53 	 48 	 50.5 	 3.53553 	 239.464 	 -2.86057 	 117.88 	 0.366966 	 321.23 	 102 	 114 	 402.206 	 43.2179 	 1 	 0 	 0 	 NaN 	 NaN 	 NaN 	 NaN 	 102 	 102 	 102 	 0 	  Tumour 
81 	 964.291 	 556.978 	 1225.48 	 303.516 	 5941 	 120.956 	 62.7179 	 0.855068 	 0.97234 	 319.848 	 2020.51 	 615.731 	 0.30474 	 1083.41 	 1911.18 	 8461 	 0.857592 	 434.617 	 671.556 	 721.884 	 547.852 	 0.475676 	 806.795 	 698.913 	 443.775 	 0.614745 	 161 	 516 	 233.739 	 -15.3833 	 3 	 537.856 	 0.0905329 	 32.5575 	 11.6375 	 23.4078 	 9.57336 	 73 	 31 	 53.6667 	 21.1975 	 229.903 	 -45.6775 	 82.2822 	 0.264006 	 311.669 	 158 	 349 	 396.715 	 37.7272 	 3 	 1219.82 	 0.205323 	 28.3732 	 10.2827 	 19.1562 	 8.09467 	 61 	 48 	 52.6667 	 7.23418 	  Tumour 
82 	 961.744 	 915.372 	 1024.64 	 67.9559 	 2383 	 69.2091 	 44.5024 	 0.765855 	 0.95934 	 196.652 	 1317.37 	 271.81 	 0.206328 	 650.642 	 1208.03 	 4583 	 0.88646 	 314.777 	 549.367 	 612.437 	 438.406 	 0.718631 	 629.503 	 603.092 	 121.949 	 0.199121 	 0 	 0 	 NaN 	 NaN 	 0 	 0 	 0 	 NaN 	 NaN 	 NaN 	 NaN 	 0 	 0 	 NaN 	 NaN 	 243.865 	 -22.5112 	 34.1664 	 0.104924 	 325.63 	 0 	 0 	 NaN 	 NaN 	 0 	 0 	 0 	 NaN 	 NaN 	 NaN 	 NaN 	 0 	 0 	 NaN 	 NaN 	  Tumour 
83 	 985.353 	 979.034 	 1019.66 	 135.059 	 5361 	 89.079 	 78.8797 	 0.464635 	 0.921292 	 303.38 	 1321.63 	 258.06 	 0.195259 	 701.175 	 1212.29 	 7572 	 0.788504 	 437.446 	 504.107 	 630.075 	 456.044 	 0.540323 	 586.323 	 641.869 	 247.935 	 0.3935 	 116 	 547 	 220.664 	 -28.4587 	 2 	 1135.03 	 0.211719 	 57.6066 	 57.6066 	 57.6066 	 0 	 83 	 33 	 58 	 35.3553 	 403.684 	 111.235 	 60.5917 	 0.124816 	 485.45 	 662 	 1618 	 501.299 	 142.311 	 4 	 1021.65 	 0.190571 	 71.7998 	 18.2325 	 40.5847 	 19.9031 	 413 	 5 	 165.5 	 177.645 	  Tumour 
84 	 1016.3 	 1432.3 	 901.932 	 171.327 	 5435 	 174.542 	 40.4414 	 0.972787 	 0.923378 	 411.428 	 1216.32 	 404.994 	 0.332966 	 689.579 	 1106.99 	 6825 	 0.937114 	 424.215 	 241.133 	 246.23 	 72.1985 	 0.344828 	 247.783 	 244.397 	 29.5931 	 0.120185 	 0 	 0 	 NaN 	 NaN 	 0 	 0 	 0 	 NaN 	 NaN 	 NaN 	 NaN 	 0 	 0 	 NaN 	 NaN 	 34.5074 	 2.7384 	 14.6835 	 0.126285 	 116.273 	 0 	 0 	 NaN 	 NaN 	 0 	 0 	 0 	 NaN 	 NaN 	 NaN 	 NaN 	 0 	 0 	 NaN 	 NaN 	  Fib 
85 	 1005.37 	 1082.85 	 1004.52 	 140.071 	 6059 	 114.454 	 69.3819 	 0.795315 	 0.947755 	 341.605 	 1685.43 	 578.252 	 0.343088 	 933.212 	 1576.1 	 7414 	 0.882094 	 397.647 	 498.454 	 494.607 	 320.575 	 0.215976 	 423.658 	 514.534 	 284.908 	 0.57603 	 126 	 409 	 245 	 -4.12245 	 2 	 374.525 	 0.061813 	 36.9273 	 36.9273 	 36.9273 	 0 	 64 	 62 	 63 	 1.41421 	 188.173 	 -10.3157 	 80.3687 	 0.29773 	 269.939 	 122 	 169 	 366.393 	 7.40549 	 2 	 808.874 	 0.1335 	 11.6489 	 11.6489 	 11.6489 	 0 	 63 	 59 	 61 	 2.82843 	  Tumour 
86 	 992.666 	 1170.08 	 972.149 	 88.5664 	 3857 	 79.157 	 63.4141 	 0.598506 	 0.950468 	 253.966 	 1589.3 	 603.291 	 0.379595 	 987.806 	 1479.97 	 5330 	 0.913767 	 318.25 	 533.699 	 476.069 	 302.037 	 0.42029 	 680.276 	 422.182 	 218.423 	 0.458806 	 52 	 53 	 248.423 	 -0.699372 	 1 	 0 	 0 	 NaN 	 NaN 	 NaN 	 NaN 	 52 	 52 	 52 	 0 	 186.98 	 54.7067 	 80.3945 	 0.299147 	 268.746 	 54 	 55 	 384.389 	 25.4009 	 1 	 0 	 0 	 NaN 	 NaN 	 NaN 	 NaN 	 54 	 54 	 54 	 0 	  Tumour 
87 	 983.451 	 1258.11 	 951.137 	 85.4751 	 2277 	 71.7366 	 40.9041 	 0.821507 	 0.970175 	 193.681 	 1860.17 	 484.58 	 0.260503 	 851.225 	 1750.84 	 3448 	 0.951435 	 246.108 	 615.814 	 589.803 	 415.771 	 0.552885 	 731.626 	 536.412 	 277.389 	 0.470307 	 0 	 0 	 NaN 	 NaN 	 0 	 0 	 0 	 NaN 	 NaN 	 NaN 	 NaN 	 0 	 0 	 NaN 	 NaN 	 242.931 	 -4.70594 	 65.5745 	 0.201957 	 324.696 	 0 	 0 	 NaN 	 NaN 	 0 	 0 	 0 	 NaN 	 NaN 	 NaN 	 NaN 	 0 	 0 	 NaN 	 NaN 	  DCIS 
88 	 1012.44 	 1393.51 	 912.9 	 140.858 	 3665 	 144.875 	 34.3357 	 0.971509 	 0.873243 	 333.889 	 1077.98 	 234.957 	 0.21796 	 500.101 	 968.647 	 5075 	 0.764653 	 402.659 	 273.653 	 280.634 	 106.603 	 0.362538 	 249.658 	 287.649 	 65.7044 	 0.234128 	 0 	 0 	 NaN 	 NaN 	 0 	 0 	 0 	 NaN 	 NaN 	 NaN 	 NaN 	 0 	 0 	 NaN 	 NaN 	 46.7275 	 -8.1491 	 15.1611 	 0.117992 	 128.493 	 30 	 30 	 235.967 	 -123.021 	 1 	 0 	 0 	 NaN 	 NaN 	 NaN 	 NaN 	 30 	 30 	 30 	 0 	  Fib 
89 	 1002.23 	 816.407 	 1106.15 	 87.7097 	 7248 	 113.361 	 81.7721 	 0.692581 	 0.980785 	 333.605 	 1672.93 	 462.411 	 0.276408 	 1082.58 	 1563.59 	 10728 	 0.913566 	 462.274 	 535.563 	 655.737 	 481.706 	 0.212121 	 848.75 	 629.846 	 306.828 	 0.467913 	 183 	 724 	 265.459 	 16.3366 	 3 	 2595.05 	 0.358037 	 35.8486 	 14.4483 	 28.2347 	 10.6984 	 84 	 38 	 61 	 23 	 260.434 	 28.7588 	 36.6863 	 0.107207 	 342.2 	 1010 	 2960 	 611.85 	 252.863 	 6 	 1735.52 	 0.239449 	 71.3769 	 9.95467 	 37.9606 	 16.9679 	 455 	 41 	 168.333 	 175.104 	  Tumour 
90 	 1017.15 	 630.694 	 1220.2 	 244.935 	 5739 	 110.269 	 66.8273 	 0.795433 	 0.969917 	 302.492 	 1095.67 	 298.394 	 0.27234 	 589.029 	 986.336 	 7931 	 0.912868 	 392.132 	 516.462 	 651.673 	 477.641 	 0.20303 	 602.328 	 651.771 	 367.359 	 0.563717 	 83 	 87 	 247.386 	 -1.73691 	 1 	 0 	 0 	 NaN 	 NaN 	 NaN 	 NaN 	 83 	 83 	 83 	 0 	 178.396 	 -26.1464 	 59.0372 	 0.226925 	 260.161 	 99 	 422 	 321.364 	 -37.6243 	 2 	 1500.69 	 0.26149 	 42.6899 	 42.6899 	 42.6899 	 0 	 52 	 47 	 49.5 	 3.53553 	  Tumour 
91 	 1041.88 	 438.45 	 1363 	 435.992 	 5533 	 92.1465 	 79.8879 	 0.498366 	 0.930542 	 304.593 	 2297.21 	 793.17 	 0.345275 	 1293.99 	 2187.88 	 7587 	 0.821904 	 409.505 	 589.505 	 600.661 	 426.63 	 0.29661 	 687.924 	 584.171 	 269.745 	 0.44908 	 46 	 48 	 272.326 	 23.2036 	 1 	 0 	 0 	 NaN 	 NaN 	 NaN 	 NaN 	 46 	 46 	 46 	 0 	 211.265 	 11.5059 	 69.3765 	 0.236756 	 293.03 	 51 	 51 	 430.549 	 71.5611 	 1 	 0 	 0 	 NaN 	 NaN 	 NaN 	 NaN 	 51 	 51 	 51 	 0 	  Tumour 
92 	 1034.01 	 368.331 	 1405.73 	 501.977 	 3033 	 80.4069 	 51.7535 	 0.765324 	 0.908628 	 239.581 	 2069.81 	 651.284 	 0.314658 	 979.631 	 1960.48 	 3776 	 0.911857 	 257.238 	 483.954 	 562.427 	 388.396 	 0.528634 	 700.55 	 510.27 	 332.315 	 0.590858 	 46 	 50 	 288.957 	 39.8341 	 1 	 0 	 0 	 NaN 	 NaN 	 NaN 	 NaN 	 46 	 46 	 46 	 0 	 187.932 	 24.1939 	 71.7511 	 0.266043 	 269.698 	 0 	 0 	 NaN 	 NaN 	 0 	 0 	 0 	 NaN 	 NaN 	 NaN 	 NaN 	 0 	 0 	 NaN 	 NaN 	  Tumour 
93 	 1039.05 	 2032.11 	 902.998 	 133.454 	 2019 	 69.4203 	 39.3069 	 0.824257 	 0.90457 	 194.468 	 1806.61 	 496.802 	 0.274991 	 679.032 	 1697.28 	 3859 	 0.803456 	 307.563 	 619.225 	 614.027 	 439.995 	 0 	 0 	 613.634 	 283.726 	 0.462074 	 94 	 298 	 226.915 	 -22.2076 	 2 	 125.03 	 0.0619267 	 32.6662 	 32.6662 	 32.6662 	 0 	 47 	 47 	 47 	 0 	 200.939 	 -4.8071 	 85.1849 	 0.301321 	 282.704 	 107 	 149 	 387.178 	 28.1896 	 2 	 129.622 	 0.064201 	 11.1527 	 11.1527 	 11.1527 	 0 	 54 	 53 	 53.5 	 0.707107 	  Other 
94 	 1074.98 	 287.644 	 1491.54 	 589.406 	 4788 	 105.66 	 58.7894 	 0.830913 	 0.939008 	 301.765 	 2035.85 	 573.435 	 0.281669 	 1002.3 	 1926.51 	 6163 	 0.934921 	 350.576 	 440.24 	 517.078 	 343.047 	 0.351536 	 699.874 	 465.058 	 338.265 	 0.654185 	 53 	 53 	 274.151 	 25.0285 	 1 	 0 	 0 	 NaN 	 NaN 	 NaN 	 NaN 	 53 	 53 	 53 	 0 	 171.148 	 38.895 	 53.7976 	 0.212712 	 252.913 	 100 	 228 	 410.46 	 51.472 	 2 	 520.43 	 0.108695 	 21.192 	 21.192 	 21.192 	 0 	 66 	 34 	 50 	 22.6274 	  Tumour 
95 	 1087.15 	 1080.12 	 1084.31 	 101 	 4705 	 100.065 	 62.6859 	 0.779459 	 0.945159 	 296.735 	 1654.01 	 479.405 	 0.289844 	 729.418 	 1544.68 	 5917 	 0.9407 	 319.806 	 443.055 	 471.081 	 297.049 	 0.358974 	 457.99 	 472.295 	 189.749 	 0.402795 	 46 	 46 	 228.543 	 -20.579 	 1 	 0 	 0 	 NaN 	 NaN 	 NaN 	 NaN 	 46 	 46 	 46 	 0 	 161.756 	 -24.8001 	 51.887 	 0.21307 	 243.521 	 71 	 73 	 374.324 	 15.336 	 1 	 0 	 0 	 NaN 	 NaN 	 NaN 	 NaN 	 71 	 71 	 71 	 0 	  Tumour 
96 	 1098.14 	 981.49 	 1124.51 	 181.11 	 9709 	 134.795 	 92.5934 	 0.726731 	 0.977055 	 392.576 	 1898.92 	 574.59 	 0.302588 	 1100.9 	 1789.59 	 11289 	 0.935372 	 450.333 	 409.823 	 523.048 	 349.017 	 0.309645 	 556.992 	 521.371 	 125.988 	 0.240873 	 190 	 901 	 247.495 	 -1.62771 	 3 	 291.553 	 0.0300291 	 70.3309 	 23.5023 	 47.061 	 20.9436 	 74 	 51 	 63.3333 	 11.5902 	 345.886 	 85.6343 	 71.0353 	 0.166105 	 427.652 	 886 	 2298 	 832.04 	 473.052 	 5 	 2544.12 	 0.262037 	 47.2322 	 9.80406 	 30.0881 	 10.1595 	 357 	 38 	 147.667 	 124.779 	  Tumour 
97 	 1116.29 	 1923.04 	 1213.46 	 133.454 	 7258 	 149.156 	 63.2673 	 0.905583 	 0.947272 	 372.676 	 2218.58 	 535.927 	 0.241563 	 834.786 	 2109.24 	 13804 	 0.889032 	 540.943 	 572.944 	 612.076 	 438.045 	 0.21692 	 573.22 	 616.384 	 203.523 	 0.332513 	 193 	 2458 	 290.43 	 41.3076 	 4 	 1123.87 	 0.154846 	 100.484 	 31.3018 	 57.8445 	 24.4402 	 55 	 44 	 48.25 	 4.78714 	 244.554 	 -3.34105 	 55.6866 	 0.170651 	 326.32 	 205 	 1869 	 411.659 	 52.6706 	 4 	 1472.73 	 0.202911 	 119.244 	 34.6265 	 66.5133 	 30.8841 	 68 	 38 	 51.25 	 12.4197 	  Tumour 
98 	 1113.64 	 1271.45 	 1058.32 	 157.613 	 4199 	 112.919 	 48.2274 	 0.904205 	 0.951723 	 286.149 	 1071.05 	 246.85 	 0.230475 	 578.932 	 961.713 	 5099 	 0.949181 	 304.291 	 257.021 	 272.847 	 98.8157 	 0.223529 	 270.456 	 273.489 	 48.4043 	 0.177405 	 0 	 0 	 NaN 	 NaN 	 0 	 0 	 0 	 NaN 	 NaN 	 NaN 	 NaN 	 0 	 0 	 NaN 	 NaN 	 58.058 	 8.43316 	 15.0177 	 0.107405 	 139.823 	 0 	 0 	 NaN 	 NaN 	 0 	 0 	 0 	 NaN 	 NaN 	 NaN 	 NaN 	 0 	 0 	 NaN 	 NaN 	  DCIS 
99 	 1101.27 	 79.6989 	 1664.1 	 797.659 	 5547 	 104.598 	 68.1627 	 0.758509 	 0.965871 	 300.492 	 2046.97 	 590.757 	 0.288601 	 979.324 	 1937.64 	 8401 	 0.880054 	 418.191 	 573.83 	 572.309 	 398.277 	 0.243169 	 794.865 	 540.201 	 209.003 	 0.365193 	 66 	 69 	 291.561 	 42.4382 	 1 	 0 	 0 	 NaN 	 NaN 	 NaN 	 NaN 	 66 	 66 	 66 	 0 	 201.994 	 -15.2781 	 62.3173 	 0.219613 	 283.759 	 123 	 341 	 372.618 	 13.6299 	 2 	 148.171 	 0.0267118 	 30.4831 	 30.4831 	 30.4831 	 0 	 63 	 60 	 61.5 	 2.12132 	  Tumour 
100 	 1123.37 	 336.416 	 1491.83 	 558.29 	 6933 	 106.637 	 84.0047 	 0.615982 	 0.958523 	 352.676 	 1743.03 	 408.145 	 0.234158 	 873.761 	 1633.7 	 9827 	 0.890692 	 434.759 	 778.031 	 787.26 	 613.228 	 0.710383 	 673.538 	 847.856 	 283.267 	 0.359814 	 112 	 368 	 263.232 	 14.1097 	 2 	 2186.71 	 0.315406 	 34.9553 	 34.9553 	 34.9553 	 0 	 62 	 50 	 56 	 8.48528 	 386.749 	 101.866 	 75.0854 	 0.160263 	 468.514 	 1104 	 2767 	 592.697 	 233.71 	 7 	 1493.92 	 0.215479 	 55.6463 	 10.2957 	 31.1739 	 13.631 	 438 	 34 	 157.714 	 177.247 	  Tumour 
101 	 1106.73 	 1178.94 	 1098.16 	 101 	 2491 	 59.4863 	 53.6578 	 0.431693 	 0.979167 	 188.752 	 2203.8 	 633.371 	 0.287399 	 1413.14 	 2094.47 	 3325 	 0.982565 	 213.338 	 237.784 	 237.21 	 63.1783 	 0 	 0 	 0 	 25.5919 	 0.107887 	 136 	 250 	 250.169 	 1.04667 	 2 	 177.706 	 0.0713391 	 18.9756 	 18.9756 	 18.9756 	 0 	 70 	 66 	 68 	 2.82843 	 34.808 	 -0.46648 	 13.1673 	 0.112953 	 116.573 	 59 	 62 	 376.712 	 17.7239 	 1 	 0 	 0 	 NaN 	 NaN 	 NaN 	 NaN 	 59 	 59 	 59 	 0 	  DCIS 
102 	 1170.59 	 538.38 	 1399.33 	 403.629 	 7306 	 118.618 	 86.2613 	 0.686408 	 0.87518 	 397.304 	 1423.67 	 328.155 	 0.2305 	 776.393 	 1314.33 	 9141 	 0.825074 	 442.274 	 1095.1 	 960.045 	 786.014 	 0.31383 	 1574.79 	 844.466 	 557.278 	 0.58047 	 119 	 164 	 230.076 	 -19.0468 	 2 	 2318.34 	 0.31732 	 11.3307 	 11.3307 	 11.3307 	 0 	 60 	 59 	 59.5 	 0.707107 	 299.959 	 19.9583 	 116.167 	 0.304321 	 381.724 	 167 	 912 	 364.635 	 5.64678 	 3 	 2235.36 	 0.305962 	 50.867 	 28.6578 	 36.1462 	 11.4033 	 63 	 52 	 55.6667 	 6.35085 	  Tumour 
103 	 1163.53 	 1532.11 	 1013.67 	 128.472 	 3529 	 93.5621 	 48.4166 	 0.855695 	 0.942575 	 264.492 	 1097.89 	 224.434 	 0.204423 	 293.567 	 988.558 	 4594 	 0.970837 	 268.451 	 285.305 	 279.612 	 105.581 	 0 	 0 	 0 	 23.3007 	 0.0833322 	 0 	 0 	 NaN 	 NaN 	 0 	 0 	 0 	 NaN 	 NaN 	 NaN 	 NaN 	 0 	 0 	 NaN 	 NaN 	 46.6637 	 5.72912 	 12.6217 	 0.0982773 	 128.429 	 33 	 35 	 261.03 	 -97.9576 	 1 	 0 	 0 	 NaN 	 NaN 	 NaN 	 NaN 	 33 	 33 	 33 	 0 	  DCIS 
104 	 1170.19 	 642.492 	 1339.89 	 326.621 	 6174 	 93.7917 	 84.3273 	 0.437762 	 0.974893 	 332.576 	 1347.11 	 266.147 	 0.197569 	 707.969 	 1237.78 	 8937 	 0.929099 	 395.304 	 763.707 	 980.018 	 805.987 	 0.467066 	 1291.05 	 885.197 	 494.161 	 0.504236 	 165 	 478 	 232.479 	 -16.6437 	 2 	 198.521 	 0.0321544 	 35.6726 	 35.6726 	 35.6726 	 0 	 101 	 64 	 82.5 	 26.163 	 383.636 	 12.1741 	 34.3905 	 0.0738942 	 465.402 	 1614 	 3434 	 597.043 	 238.055 	 8 	 878.099 	 0.142225 	 61.4945 	 10.198 	 31.3252 	 13.8679 	 794 	 31 	 201.75 	 269.684 	  Tumour 
105 	 1164.4 	 424.236 	 1463.97 	 495.456 	 5630 	 102.891 	 72.0387 	 0.714 	 0.921893 	 337.304 	 1661.77 	 564.351 	 0.339608 	 770.622 	 1552.44 	 10706 	 0.833866 	 502.659 	 545.582 	 566.687 	 392.655 	 0.341067 	 616.626 	 555.738 	 191.028 	 0.337096 	 0 	 0 	 NaN 	 NaN 	 0 	 0 	 0 	 NaN 	 NaN 	 NaN 	 NaN 	 0 	 0 	 NaN 	 NaN 	 232.544 	 17.7567 	 55.1038 	 0.175317 	 314.309 	 0 	 0 	 NaN 	 NaN 	 0 	 0 	 0 	 NaN 	 NaN 	 NaN 	 NaN 	 0 	 0 	 NaN 	 NaN 	  Tumour 
106 	 1188.52 	 1228.56 	 1144.25 	 158.146 	 4285 	 90.6882 	 64.8739 	 0.698765 	 0.875741 	 295.907 	 1243.9 	 483.857 	 0.388983 	 717.006 	 1134.57 	 5779 	 0.862023 	 361.647 	 288.676 	 297.162 	 123.131 	 0.334437 	 332.188 	 289.549 	 56.2376 	 0.189249 	 100 	 440 	 234.33 	 -14.7924 	 2 	 515.868 	 0.120389 	 44.6401 	 44.6401 	 44.6401 	 0 	 55 	 45 	 50 	 7.07107 	 43.6891 	 9.54045 	 13.0738 	 0.104212 	 125.454 	 69 	 70 	 286.522 	 -72.4662 	 1 	 0 	 0 	 NaN 	 NaN 	 NaN 	 NaN 	 69 	 69 	 69 	 0 	  DCIS 
107 	 1196.43 	 981.6 	 1216.85 	 150.013 	 8559 	 106.215 	 103.297 	 0.232799 	 0.975496 	 365.747 	 1896.39 	 605.807 	 0.319452 	 1190.27 	 1787.06 	 9977 	 0.973176 	 382.978 	 429.026 	 476.596 	 302.565 	 0.252226 	 472.553 	 477.507 	 35.0834 	 0.0736123 	 80 	 81 	 292.7 	 43.5776 	 1 	 0 	 0 	 NaN 	 NaN 	 NaN 	 NaN 	 80 	 80 	 80 	 0 	 412.286 	 186.431 	 126.318 	 0.255678 	 494.051 	 0 	 0 	 NaN 	 NaN 	 0 	 0 	 0 	 NaN 	 NaN 	 NaN 	 NaN 	 0 	 0 	 NaN 	 NaN 	  Tumour 
108 	 1188.65 	 1754.38 	 1012.04 	 150.27 	 2254 	 81.813 	 36.1851 	 0.896872 	 0.971552 	 206.752 	 2264.82 	 383.308 	 0.169244 	 530.351 	 2155.49 	 4257 	 0.881366 	 300.735 	 408.947 	 396.625 	 222.594 	 0.121094 	 331.387 	 400.391 	 79.5948 	 0.20068 	 36 	 38 	 340.056 	 90.9331 	 1 	 0 	 0 	 NaN 	 NaN 	 NaN 	 NaN 	 36 	 36 	 36 	 0 	 120.173 	 17.7741 	 24.8304 	 0.12296 	 201.938 	 86 	 130 	 424.593 	 65.6051 	 2 	 433.072 	 0.192135 	 11.9189 	 11.9189 	 11.9189 	 0 	 44 	 42 	 43 	 1.41421 	  DCIS 
109 	 1201.09 	 1697.92 	 1026.06 	 198.487 	 4257 	 102.65 	 53.1932 	 0.855261 	 0.984961 	 265.865 	 2488.29 	 408.91 	 0.164334 	 842.108 	 2378.95 	 5665 	 0.936828 	 321.321 	 411.687 	 381.155 	 207.124 	 0.111913 	 332.194 	 384.384 	 43.1871 	 0.113306 	 0 	 0 	 NaN 	 NaN 	 0 	 0 	 0 	 NaN 	 NaN 	 NaN 	 NaN 	 0 	 0 	 NaN 	 NaN 	 145.148 	 24.7962 	 21.2817 	 0.093788 	 226.913 	 134 	 235 	 422.56 	 63.5717 	 2 	 642.957 	 0.151035 	 18.9677 	 18.9677 	 18.9677 	 0 	 72 	 62 	 67 	 7.07107 	  DCIS 
110 	 1219.58 	 124.698 	 1709.55 	 790.135 	 8499 	 141.065 	 79.3594 	 0.826747 	 0.913282 	 407.304 	 1980.87 	 596.613 	 0.301188 	 1110.6 	 1871.54 	 11643 	 0.85353 	 525.571 	 547.736 	 637.362 	 463.331 	 0.574032 	 827.56 	 562.377 	 252.209 	 0.395708 	 131 	 1431 	 237.458 	 -11.6644 	 3 	 1072.88 	 0.126236 	 84.4654 	 38.7987 	 57.9544 	 21.2026 	 60 	 18 	 43.6667 	 22.5019 	 238.98 	 -0.818668 	 98.2125 	 0.306201 	 320.745 	 112 	 218 	 348.446 	 -10.5415 	 2 	 1018.31 	 0.119816 	 21.7714 	 21.7714 	 21.7714 	 0 	 56 	 56 	 56 	 0 	  Tumour 
111 	 1207.7 	 1072.25 	 1203.46 	 60.8276 	 3325 	 114.859 	 37.6391 	 0.944782 	 0.946754 	 273.581 	 1511.41 	 417.194 	 0.27603 	 716.535 	 1402.07 	 5864 	 0.909147 	 393.664 	 419.096 	 405.986 	 231.954 	 0.176638 	 459.823 	 403.948 	 109.221 	 0.269028 	 66 	 67 	 268.197 	 19.0745 	 1 	 0 	 0 	 NaN 	 NaN 	 NaN 	 NaN 	 66 	 66 	 66 	 0 	 143.725 	 11.3842 	 47.7282 	 0.211664 	 225.49 	 91 	 162 	 301.165 	 -57.8231 	 2 	 503.621 	 0.151465 	 17.2017 	 17.2017 	 17.2017 	 0 	 48 	 43 	 45.5 	 3.53553 	  Tumour 
112 	 1210.05 	 1946.16 	 1307.65 	 93.6216 	 7188 	 109.955 	 84.5304 	 0.639522 	 0.957251 	 341.463 	 1376.23 	 304.973 	 0.2216 	 898.685 	 1266.9 	 8905 	 0.902412 	 398.375 	 666.378 	 646.078 	 472.046 	 0.408955 	 762.883 	 612.927 	 225.648 	 0.349258 	 216 	 1887 	 225.606 	 -23.516 	 4 	 1166.75 	 0.162319 	 60.5062 	 23.7185 	 42.0139 	 13.6361 	 77 	 33 	 54 	 18.1659 	 405.079 	 87.9222 	 63.7455 	 0.130936 	 486.844 	 609 	 1780 	 624.586 	 265.598 	 5 	 2161.33 	 0.300686 	 45.6935 	 11.4519 	 28.4682 	 11.0286 	 266 	 30 	 121.8 	 90.6708 	  Tumour 
113 	 1198.16 	 1131.93 	 1200.25 	 60.8276 	 2851 	 74.8345 	 49.156 	 0.75401 	 0.970718 	 214.551 	 1286.56 	 463.174 	 0.360011 	 682.94 	 1177.22 	 5200 	 0.881356 	 363.362 	 335.077 	 347.292 	 173.26 	 0.141026 	 408.364 	 341.759 	 70.246 	 0.202268 	 76 	 78 	 324.395 	 75.2723 	 1 	 0 	 0 	 NaN 	 NaN 	 NaN 	 NaN 	 76 	 76 	 76 	 0 	 57.2617 	 6.91721 	 13.7888 	 0.0991811 	 139.027 	 30 	 30 	 214.9 	 -144.088 	 1 	 0 	 0 	 NaN 	 NaN 	 NaN 	 NaN 	 30 	 30 	 30 	 0 	  DCIS 
114 	 1255.07 	 1888.99 	 1324.37 	 41.0488 	 3334 	 106.767 	 47.8637 	 0.893882 	 0.76838 	 289.078 	 1601.29 	 529.413 	 0.330618 	 1104.09 	 1491.95 	 4031 	 0.76258 	 318.434 	 558.502 	 644.396 	 470.365 	 0.637736 	 606.651 	 656.568 	 305.744 	 0.474465 	 100 	 343 	 230.31 	 -18.8124 	 2 	 575.387 	 0.172582 	 33.8158 	 33.8158 	 33.8158 	 0 	 52 	 48 	 50 	 2.82843 	 210.496 	 -70.3276 	 68.1408 	 0.23315 	 292.261 	 56 	 58 	 372.304 	 13.3156 	 1 	 0 	 0 	 NaN 	 NaN 	 NaN 	 NaN 	 56 	 56 	 56 	 0 	  Tumour 
115 	 1232.2 	 1855.07 	 1059 	 41.0488 	 2757 	 68.7481 	 51.577 	 0.661174 	 0.966351 	 205.48 	 1353.96 	 397.967 	 0.293929 	 781.348 	 1244.62 	 4039 	 0.891415 	 294.492 	 312.98 	 323.263 	 149.232 	 0.462151 	 390.526 	 304.199 	 86.3167 	 0.267017 	 54 	 54 	 230.981 	 -18.141 	 1 	 0 	 0 	 NaN 	 NaN 	 NaN 	 NaN 	 54 	 54 	 54 	 0 	 95.0211 	 46.6139 	 45.4661 	 0.257181 	 176.786 	 55 	 57 	 323.2 	 -35.788 	 1 	 0 	 0 	 NaN 	 NaN 	 NaN 	 NaN 	 55 	 55 	 55 	 0 	  DCIS 
116 	 1272.5 	 1463.53 	 1237.21 	 128.472 	 7551 	 137.361 	 71.0093 	 0.856013 	 0.97169 	 369.99 	 1772.51 	 428.645 	 0.24183 	 637.499 	 1663.17 	 9745 	 0.931288 	 426.759 	 416.623 	 392.944 	 218.913 	 0 	 0 	 0 	 68.1264 	 0.173374 	 0 	 0 	 NaN 	 NaN 	 0 	 0 	 0 	 NaN 	 NaN 	 NaN 	 NaN 	 0 	 0 	 NaN 	 NaN 	 119.756 	 23.2069 	 23.4582 	 0.116406 	 201.521 	 0 	 0 	 NaN 	 NaN 	 0 	 0 	 0 	 NaN 	 NaN 	 NaN 	 NaN 	 0 	 0 	 NaN 	 NaN 	  Tumour 
117 	 1267.46 	 632.33 	 1427.74 	 409.927 	 5891 	 102.442 	 73.8557 	 0.692987 	 0.969393 	 305.463 	 1734.63 	 429.494 	 0.2476 	 774.265 	 1625.3 	 13082 	 0.857049 	 539.872 	 709.28 	 811.139 	 637.107 	 0.34632 	 1094.19 	 746.812 	 362.292 	 0.446646 	 229 	 1000 	 264.437 	 15.3142 	 4 	 2121.63 	 0.360147 	 35.7632 	 13.4175 	 26.9212 	 7.81821 	 88 	 42 	 57.25 	 20.8066 	 391.192 	 31.271 	 59.3105 	 0.125403 	 472.958 	 597 	 1873 	 526.665 	 167.677 	 4 	 1971.72 	 0.3347 	 60.1582 	 23.0639 	 37.3232 	 13.9531 	 271 	 60 	 149.25 	 101.257 	  Tumour 
118 	 1289.68 	 362.994 	 1600.16 	 615.02 	 6546 	 113.992 	 74.5561 	 0.756452 	 0.933676 	 332.392 	 1897.46 	 411.156 	 0.216687 	 624.05 	 1788.13 	 10650 	 0.848673 	 516.801 	 477.15 	 504.673 	 330.642 	 0 	 0 	 505.234 	 143.539 	 0.284419 	 65 	 68 	 316.4 	 67.2776 	 1 	 0 	 0 	 NaN 	 NaN 	 NaN 	 NaN 	 65 	 65 	 65 	 0 	 175.129 	 -39.4005 	 59.8469 	 0.232963 	 256.894 	 111 	 373 	 444.784 	 85.7958 	 2 	 2746.37 	 0.419549 	 34.5202 	 34.5202 	 34.5202 	 0 	 64 	 47 	 55.5 	 12.0208 	  Tumour 
119 	 1304.33 	 101.179 	 1785.45 	 846.575 	 5444 	 101.183 	 70.0222 	 0.721865 	 0.966963 	 300.877 	 1973.83 	 547.486 	 0.277372 	 1291.33 	 1864.5 	 12200 	 0.708602 	 748.264 	 629.753 	 664.162 	 490.13 	 0.261218 	 822.239 	 639.373 	 229.335 	 0.345301 	 249 	 1080 	 223.446 	 -25.6767 	 4 	 617.031 	 0.113341 	 35.7074 	 16.4542 	 27.5512 	 7.81252 	 80 	 54 	 62.25 	 12.1209 	 578.761 	 257.253 	 114.994 	 0.174094 	 660.526 	 815 	 2242 	 533.85 	 174.862 	 7 	 835.832 	 0.153533 	 49.7724 	 12.1604 	 29.9394 	 11.899 	 235 	 52 	 116.429 	 73.7312 	  Tumour 
120 	 1321.76 	 1007.5 	 1329.98 	 175.362 	 5055 	 117.622 	 55.4221 	 0.882032 	 0.952157 	 327.605 	 1525.96 	 441.315 	 0.289204 	 602.923 	 1416.63 	 6902 	 0.747698 	 445.588 	 427.161 	 493.125 	 319.094 	 0.364362 	 574.628 	 468.376 	 90.1586 	 0.182831 	 76 	 93 	 292.908 	 43.7854 	 1 	 0 	 0 	 NaN 	 NaN 	 NaN 	 NaN 	 76 	 76 	 76 	 0 	 142.47 	 11.438 	 58.8167 	 0.262299 	 224.235 	 51 	 51 	 379.824 	 20.8356 	 1 	 0 	 0 	 NaN 	 NaN 	 NaN 	 NaN 	 51 	 51 	 51 	 0 	  Tumour 
121 	 1318.2 	 513.852 	 1533.75 	 522.288 	 5665 	 107.697 	 67.3125 	 0.780613 	 0.97858 	 298.836 	 2285.71 	 766.903 	 0.33552 	 1303.54 	 2176.38 	 11248 	 0.879162 	 530.801 	 596.606 	 693.943 	 519.911 	 0.224176 	 1049.87 	 650.9 	 255.888 	 0.368746 	 182 	 788 	 294.797 	 45.6743 	 4 	 1812.57 	 0.31996 	 49.8203 	 16.8592 	 29.7949 	 12.5459 	 51 	 40 	 45.5 	 4.50925 	 493.698 	 184.941 	 106.107 	 0.184386 	 575.463 	 1102 	 1524 	 718.425 	 359.437 	 3 	 1706.6 	 0.301253 	 60.1003 	 27.3032 	 40.0682 	 15.7104 	 994 	 41 	 367.333 	 542.865 	  Tumour 
122 	 1326.76 	 1619.14 	 1158.98 	 164.137 	 3578 	 92.7693 	 49.5204 	 0.84561 	 0.974666 	 244.936 	 2088.28 	 538.324 	 0.257783 	 908.344 	 1978.95 	 4641 	 0.980355 	 268.25 	 295.568 	 277.283 	 103.252 	 0 	 0 	 0 	 35.9199 	 0.129542 	 29 	 29 	 247.483 	 -1.63969 	 1 	 0 	 0 	 NaN 	 NaN 	 NaN 	 NaN 	 29 	 29 	 29 	 0 	 69.1185 	 18.9199 	 12.1275 	 0.0803768 	 150.884 	 117 	 364 	 317.248 	 -41.7401 	 2 	 687.537 	 0.192157 	 34.7523 	 34.7523 	 34.7523 	 0 	 64 	 53 	 58.5 	 7.77817 	  DCIS 
123 	 1333.5 	 917.147 	 1367.43 	 253.87 	 8054 	 110.275 	 93.3287 	 0.53267 	 0.977664 	 364.375 	 1637.03 	 468.829 	 0.28639 	 777.953 	 1527.7 	 12911 	 0.91998 	 489.931 	 595.206 	 624.948 	 450.916 	 0.236967 	 605.61 	 638.71 	 66.9681 	 0.107158 	 119 	 487 	 299.134 	 50.012 	 2 	 1867.87 	 0.231919 	 46.8524 	 46.8524 	 46.8524 	 0 	 62 	 57 	 59.5 	 3.53553 	 308.521 	 37.5356 	 28.5099 	 0.0730488 	 390.286 	 85 	 246 	 710.306 	 351.318 	 2 	 3548.47 	 0.440585 	 25.9279 	 25.9279 	 25.9279 	 0 	 45 	 40 	 42.5 	 3.53553 	  Tumour 
124 	 1461.77 	 436.413 	 1696.93 	 682.974 	 4684 	 105.198 	 59.0784 	 0.827413 	 0.978688 	 280.593 	 2547.54 	 529.609 	 0.207891 	 1262.83 	 2438.2 	 6959 	 0.816592 	 404.108 	 473.441 	 572.011 	 397.98 	 0.357923 	 716.244 	 517.289 	 161.198 	 0.281809 	 0 	 0 	 NaN 	 NaN 	 0 	 0 	 0 	 NaN 	 NaN 	 NaN 	 NaN 	 0 	 0 	 NaN 	 NaN 	 245.545 	 35.9437 	 78.8997 	 0.241055 	 327.31 	 0 	 0 	 NaN 	 NaN 	 0 	 0 	 0 	 NaN 	 NaN 	 NaN 	 NaN 	 0 	 0 	 NaN 	 NaN 	  Tumour 
125 	 1456.31 	 901.937 	 1488.84 	 345.636 	 7096 	 122.226 	 75.5583 	 0.786033 	 0.976603 	 336.877 	 1702.42 	 580.023 	 0.340706 	 811.724 	 1593.08 	 12717 	 0.880557 	 531.144 	 405.377 	 459.783 	 285.752 	 0.291028 	 509.173 	 451.462 	 127.208 	 0.276669 	 49 	 49 	 243.694 	 -5.42857 	 1 	 0 	 0 	 NaN 	 NaN 	 NaN 	 NaN 	 49 	 49 	 49 	 0 	 95.5918 	 -11.967 	 45.8747 	 0.258657 	 177.357 	 138 	 598 	 326.464 	 -32.5242 	 2 	 275.842 	 0.0388729 	 47.3009 	 47.3009 	 47.3009 	 0 	 71 	 67 	 69 	 2.82843 	  Tumour 
126 	 1463.08 	 499.782 	 1663.72 	 646.226 	 5562 	 99.5688 	 73.8938 	 0.670247 	 0.984076 	 294.066 	 2953.13 	 503.647 	 0.170547 	 1433.72 	 2843.8 	 7536 	 0.939534 	 365.019 	 495.619 	 606.372 	 432.34 	 0.371795 	 694.379 	 582.949 	 90.1669 	 0.148699 	 147 	 533 	 280.857 	 31.7347 	 2 	 955.582 	 0.171805 	 37.585 	 37.585 	 37.585 	 0 	 78 	 69 	 73.5 	 6.36396 	 502.184 	 123.662 	 57.5941 	 0.0986285 	 583.949 	 930 	 2583 	 699.416 	 340.428 	 5 	 939.638 	 0.168939 	 52.5054 	 15.614 	 36.1516 	 11.7066 	 268 	 34 	 186 	 94.5384 	  Tumour 
127 	 1474.58 	 805.679 	 1538.95 	 427.791 	 5578 	 121.921 	 59.8623 	 0.871165 	 0.956119 	 325.806 	 2117.88 	 494.19 	 0.233342 	 902.925 	 2008.54 	 10528 	 0.874419 	 479.889 	 532.106 	 545.251 	 371.219 	 0.446301 	 592.578 	 531.861 	 191.402 	 0.351035 	 91 	 173 	 253.747 	 4.6248 	 2 	 1212.77 	 0.21742 	 15.927 	 15.927 	 15.927 	 0 	 47 	 44 	 45.5 	 2.12132 	 176.223 	 -47.1862 	 69.8921 	 0.270912 	 257.988 	 217 	 1016 	 355.175 	 -3.81284 	 3 	 600.02 	 0.107569 	 57.111 	 21.6095 	 39.8376 	 15.8939 	 86 	 62 	 72.3333 	 12.3423 	  Tumour 
128 	 1498.14 	 251.625 	 1832.45 	 748.011 	 5621 	 113.986 	 67.0742 	 0.808538 	 0.877322 	 338.049 	 1310.46 	 355.652 	 0.271395 	 663.173 	 1201.12 	 8993 	 0.812449 	 476.558 	 389.369 	 405.587 	 231.556 	 0.803483 	 382.613 	 420.134 	 98.2923 	 0.242346 	 116 	 806 	 294.457 	 45.3344 	 2 	 1065.52 	 0.189561 	 77.1395 	 77.1395 	 77.1395 	 0 	 64 	 52 	 58 	 8.48528 	 90.2986 	 -9.81613 	 32.6856 	 0.189962 	 172.064 	 728 	 1519 	 434.747 	 75.7593 	 4 	 535.289 	 0.0952302 	 37.4442 	 9.04031 	 22.0307 	 9.88269 	 400 	 22 	 182 	 185.837 	  Tumour 
129 	 1495.83 	 688.175 	 1604.44 	 534.734 	 5822 	 108.295 	 68.9602 	 0.771044 	 0.975209 	 301.563 	 2233.84 	 480.037 	 0.214893 	 936.364 	 2124.51 	 8868 	 0.888577 	 441.103 	 499.681 	 581.393 	 407.362 	 0.23262 	 743.31 	 561.19 	 119.036 	 0.204743 	 131 	 292 	 305.336 	 56.2134 	 2 	 807.843 	 0.138757 	 23.7923 	 23.7923 	 23.7923 	 0 	 73 	 58 	 65.5 	 10.6066 	 799.821 	 421.036 	 274.681 	 0.311575 	 881.587 	 307 	 392 	 881.235 	 522.247 	 2 	 1025.54 	 0.176149 	 14.3801 	 14.3801 	 14.3801 	 0 	 282 	 25 	 153.5 	 181.726 	  Tumour 
130 	 1496.03 	 1834.64 	 1320.96 	 64.5136 	 3813 	 100.141 	 55.5762 	 0.831866 	 0.811968 	 294.392 	 1745.48 	 643.112 	 0.368445 	 688.505 	 1636.15 	 5371 	 0.848767 	 345.563 	 421.326 	 500.273 	 326.242 	 0.343333 	 502.621 	 496.034 	 189.992 	 0.379776 	 75 	 309 	 227.347 	 -21.7758 	 2 	 590.147 	 0.154772 	 37.5423 	 37.5423 	 37.5423 	 0 	 54 	 21 	 37.5 	 23.3345 	 213.265 	 -11.1047 	 55.3229 	 0.187516 	 295.03 	 62 	 63 	 347.306 	 -11.6815 	 1 	 0 	 0 	 NaN 	 NaN 	 NaN 	 NaN 	 62 	 62 	 62 	 0 	  DCIS 
131 	 1499.22 	 337.825 	 1782.49 	 773.179 	 4251 	 80.817 	 67.827 	 0.543719 	 0.955925 	 261.765 	 1061.56 	 250.693 	 0.236156 	 431.387 	 952.223 	 10065 	 0.807979 	 558.742 	 351.215 	 366.564 	 192.533 	 0.331924 	 424.255 	 355.053 	 116.679 	 0.318303 	 0 	 0 	 NaN 	 NaN 	 0 	 0 	 0 	 NaN 	 NaN 	 NaN 	 NaN 	 0 	 0 	 NaN 	 NaN 	 89.7433 	 -0.20639 	 20.1071 	 0.117237 	 171.509 	 50 	 51 	 228.96 	 -130.028 	 1 	 0 	 0 	 NaN 	 NaN 	 NaN 	 NaN 	 50 	 50 	 50 	 0 	  Tumour 
132 	 1512.12 	 183.102 	 1885.95 	 719.903 	 5287 	 83.3895 	 82.5366 	 0.142661 	 0.935752 	 302.794 	 1372.09 	 358.607 	 0.261359 	 691.875 	 1262.75 	 6809 	 0.883139 	 375.907 	 337.659 	 351.756 	 177.725 	 0.768072 	 354.596 	 349.098 	 54.5557 	 0.155095 	 64 	 70 	 244.641 	 -4.48182 	 1 	 0 	 0 	 NaN 	 NaN 	 NaN 	 NaN 	 64 	 64 	 64 	 0 	 80.4889 	 -22.8823 	 28.2294 	 0.173983 	 162.254 	 132 	 156 	 279.705 	 -79.2834 	 1 	 0 	 0 	 NaN 	 NaN 	 NaN 	 NaN 	 132 	 132 	 132 	 0 	  Tumour 
133 	 1527 	 113.893 	 1941.31 	 696.796 	 4829 	 113.578 	 54.8443 	 0.875688 	 0.95567 	 297.966 	 1462.18 	 331.492 	 0.226711 	 633.147 	 1352.85 	 8821 	 0.885554 	 421.789 	 383.058 	 457.377 	 283.346 	 0.340782 	 354.148 	 480.666 	 156.277 	 0.341682 	 67 	 69 	 256.343 	 7.22083 	 1 	 0 	 0 	 NaN 	 NaN 	 NaN 	 NaN 	 67 	 67 	 67 	 0 	 145.634 	 25.1854 	 25.55 	 0.112358 	 227.399 	 79 	 81 	 318.873 	 -40.1145 	 1 	 0 	 0 	 NaN 	 NaN 	 NaN 	 NaN 	 79 	 79 	 79 	 0 	  Tumour 
134 	 1557.06 	 1856.11 	 1595.41 	 64.5136 	 5885 	 117.64 	 65.6087 	 0.830039 	 0.925897 	 326.735 	 1324 	 378.602 	 0.285953 	 757.16 	 1214.67 	 6195 	 0.872167 	 357.262 	 504.743 	 571.505 	 397.474 	 0.679868 	 498.699 	 605.445 	 158.557 	 0.277438 	 122 	 408 	 244.443 	 -4.67983 	 2 	 1905.21 	 0.32374 	 35.8966 	 35.8966 	 35.8966 	 0 	 62 	 60 	 61 	 1.41421 	 368.67 	 55.6704 	 72.0046 	 0.159855 	 450.435 	 760 	 2514 	 447.001 	 88.0134 	 5 	 633.797 	 0.107697 	 64.4962 	 19.0385 	 38.032 	 16.6517 	 444 	 30 	 152 	 167.665 	  Tumour 
135 	 1572.27 	 1507.1 	 1418.3 	 165.56 	 4642 	 151.503 	 42.9869 	 0.958902 	 0.850339 	 373.588 	 1041.67 	 408.493 	 0.392152 	 637.172 	 932.337 	 6251 	 0.889442 	 384.132 	 168.09 	 151.45 	 -22.5811 	 0 	 0 	 0 	 31.93 	 0.210828 	 0 	 0 	 NaN 	 NaN 	 0 	 0 	 0 	 NaN 	 NaN 	 NaN 	 NaN 	 0 	 0 	 NaN 	 NaN 	 19.5626 	 20.0574 	 15.1311 	 0.149328 	 101.328 	 139 	 152 	 288.64 	 -70.3477 	 1 	 0 	 0 	 NaN 	 NaN 	 NaN 	 NaN 	 139 	 139 	 139 	 0 	  Fib 
136 	 1553.42 	 497.052 	 1742.81 	 724.365 	 3116 	 94.3551 	 43.8818 	 0.885273 	 0.942529 	 240.368 	 2279.66 	 434.341 	 0.190529 	 854.759 	 2170.33 	 4002 	 0.922758 	 275.078 	 430.122 	 469.871 	 295.839 	 0.0689655 	 509 	 467.446 	 90.467 	 0.192536 	 52 	 56 	 278.519 	 29.3968 	 1 	 0 	 0 	 NaN 	 NaN 	 NaN 	 NaN 	 52 	 52 	 52 	 0 	 201.424 	 -18.0592 	 35.1727 	 0.124202 	 283.19 	 78 	 82 	 398.487 	 39.4992 	 1 	 0 	 0 	 NaN 	 NaN 	 NaN 	 NaN 	 78 	 78 	 78 	 0 	  Tumour 
137 	 1565.03 	 595.533 	 1706.57 	 649.604 	 4020 	 101.837 	 50.5889 	 0.867886 	 0.974073 	 260.752 	 2286.25 	 342.367 	 0.14975 	 669.174 	 2176.92 	 7320 	 0.88997 	 385.304 	 466.438 	 514.593 	 340.561 	 0.157407 	 547.804 	 511.022 	 68.164 	 0.132462 	 61 	 64 	 308.525 	 59.4021 	 1 	 0 	 0 	 NaN 	 NaN 	 NaN 	 NaN 	 61 	 61 	 61 	 0 	 190.267 	 -25.6493 	 34.9831 	 0.128599 	 272.033 	 145 	 828 	 370.041 	 11.0534 	 3 	 2122.37 	 0.527952 	 54.134 	 10.0256 	 37.3696 	 21.3604 	 108 	 8 	 48.3333 	 52.7289 	  Tumour 
138 	 1609.08 	 1896.2 	 1657.38 	 128.413 	 6224 	 135.228 	 60.5714 	 0.894073 	 0.901115 	 370.333 	 1062.25 	 241.775 	 0.227606 	 622.19 	 952.918 	 8906 	 0.820754 	 494.985 	 421.914 	 547.353 	 373.322 	 0.460784 	 498.787 	 559.145 	 128.378 	 0.234543 	 159 	 876 	 196.516 	 -52.6067 	 3 	 1152.19 	 0.185121 	 55.7719 	 26.0342 	 38.4391 	 13.8361 	 60 	 47 	 53 	 6.55744 	 232.912 	 -30.3793 	 32.5747 	 0.103518 	 314.677 	 126 	 242 	 294.698 	 -64.2895 	 2 	 1668.07 	 0.268005 	 18.1733 	 18.1733 	 18.1733 	 0 	 65 	 61 	 63 	 2.82843 	  Tumour 
139 	 1587.04 	 164.154 	 1956.63 	 642.826 	 5040 	 101.389 	 63.7973 	 0.777219 	 0.977123 	 296.25 	 1663.72 	 241.309 	 0.145041 	 668.217 	 1554.39 	 7512 	 0.890998 	 406.132 	 315.57 	 340.163 	 166.131 	 0.811047 	 344.201 	 338.948 	 55.6428 	 0.163577 	 58 	 61 	 257.81 	 8.6879 	 1 	 0 	 0 	 NaN 	 NaN 	 NaN 	 NaN 	 58 	 58 	 58 	 0 	 44.5641 	 -29.6466 	 19.2733 	 0.152564 	 126.329 	 62 	 67 	 269.984 	 -89.0041 	 1 	 0 	 0 	 NaN 	 NaN 	 NaN 	 NaN 	 62 	 62 	 62 	 0 	  Tumour 
140 	 1600.87 	 1670.37 	 1591.1 	 66.9104 	 4741 	 104.09 	 58.8075 	 0.825115 	 0.983202 	 278.149 	 1390.57 	 517.272 	 0.371987 	 440.048 	 1281.23 	 7477 	 0.892456 	 392.475 	 288.373 	 306.922 	 132.89 	 0.183735 	 346.049 	 302.864 	 114.023 	 0.371507 	 123 	 437 	 224.35 	 -24.7729 	 2 	 941.38 	 0.198561 	 43.3448 	 43.3448 	 43.3448 	 0 	 65 	 58 	 61.5 	 4.94975 	 70.5741 	 -19.0877 	 56.5021 	 0.370897 	 152.339 	 137 	 370 	 251.613 	 -107.375 	 2 	 2546.04 	 0.537026 	 30.6746 	 30.6746 	 30.6746 	 0 	 85 	 52 	 68.5 	 23.3345 	  Tumour 
141 	 1621.02 	 1998.75 	 1704.5 	 206.206 	 7709 	 109.675 	 89.6799 	 0.575661 	 0.975329 	 344.676 	 1280.99 	 418.449 	 0.326661 	 810.696 	 1171.65 	 9838 	 0.93322 	 412.759 	 473.264 	 587.27 	 413.239 	 0.238372 	 606.11 	 583.685 	 61.715 	 0.105088 	 120 	 456 	 219.117 	 -30.0058 	 2 	 2236.67 	 0.290138 	 46.5851 	 46.5851 	 46.5851 	 0 	 63 	 57 	 60 	 4.24264 	 421.721 	 115.534 	 70.5928 	 0.140208 	 503.486 	 817 	 2448 	 598.427 	 239.439 	 4 	 1831 	 0.237515 	 55.5261 	 27.7094 	 39.0245 	 8.7929 	 385 	 84 	 204.25 	 129.78 	  Tumour 
142 	 1628.86 	 339.443 	 1889.83 	 653.662 	 5032 	 144.349 	 47.8615 	 0.943432 	 0.884669 	 365.463 	 1463.4 	 289.021 	 0.1975 	 527.189 	 1354.06 	 10064 	 0.806733 	 540.215 	 370.792 	 383.832 	 209.8 	 0.118534 	 346.655 	 386.559 	 108.06 	 0.28153 	 124 	 470 	 264.976 	 15.8534 	 2 	 339.533 	 0.0674749 	 45.4705 	 45.4705 	 45.4705 	 0 	 63 	 61 	 62 	 1.41421 	 113.753 	 15.909 	 14.6413 	 0.0748847 	 195.518 	 156 	 463 	 269.397 	 -89.5905 	 2 	 772.217 	 0.153461 	 39.0516 	 39.0516 	 39.0516 	 0 	 100 	 56 	 78 	 31.1127 	  Tumour 
143 	 1638.48 	 201.271 	 1975.23 	 599.854 	 5500 	 109.157 	 66.3427 	 0.79411 	 0.920502 	 319.362 	 1387.58 	 362.815 	 0.261473 	 549.358 	 1278.25 	 12021 	 0.78878 	 560.299 	 356.85 	 406.866 	 232.835 	 0.646809 	 375.809 	 421.217 	 115.904 	 0.284871 	 0 	 0 	 NaN 	 NaN 	 0 	 0 	 0 	 NaN 	 NaN 	 NaN 	 NaN 	 0 	 0 	 NaN 	 NaN 	 43.3311 	 -22.2438 	 13.2603 	 0.106001 	 125.096 	 101 	 302 	 236.248 	 -122.74 	 2 	 740.947 	 0.134718 	 26.1281 	 26.1281 	 26.1281 	 0 	 59 	 42 	 50.5 	 12.0208 	  Tumour 
144 	 1667.06 	 1659.27 	 1493.63 	 66.9104 	 1843 	 76.2266 	 31.4923 	 0.910667 	 0.924737 	 193.966 	 811.127 	 153.754 	 0.189556 	 256.36 	 701.793 	 5649 	 0.906742 	 346.919 	 299.935 	 332.467 	 158.436 	 0.309278 	 463.778 	 309.623 	 166.358 	 0.500374 	 0 	 0 	 NaN 	 NaN 	 0 	 0 	 0 	 NaN 	 NaN 	 NaN 	 NaN 	 0 	 0 	 NaN 	 NaN 	 31.2901 	 -7.35914 	 23.7025 	 0.209654 	 113.055 	 0 	 0 	 NaN 	 NaN 	 0 	 0 	 0 	 NaN 	 NaN 	 NaN 	 NaN 	 0 	 0 	 NaN 	 NaN 	  Other 
145 	 1688.5 	 1799.34 	 1705.92 	 141.718 	 6526 	 97.7467 	 85.6605 	 0.481671 	 0.956471 	 330.877 	 1029.08 	 263.781 	 0.256327 	 443.847 	 919.746 	 8202 	 0.922091 	 377.647 	 443.138 	 444.783 	 270.752 	 0.584906 	 451.554 	 441.744 	 54.6113 	 0.122782 	 94 	 368 	 228.223 	 -20.899 	 2 	 1847.36 	 0.283077 	 40.6204 	 40.6204 	 40.6204 	 0 	 63 	 31 	 47 	 22.6274 	 244.995 	 24.6895 	 30.1735 	 0.0923414 	 326.761 	 359 	 1277 	 314.214 	 -44.7735 	 6 	 763.725 	 0.117028 	 44.7908 	 10.2309 	 25.8485 	 10.3586 	 91 	 49 	 59.8333 	 15.6002 	  Tumour 
146 	 1695.55 	 1964.12 	 1762.03 	 237.994 	 4324 	 80.5309 	 69.1303 	 0.512928 	 0.96561 	 260.35 	 1367.72 	 493.421 	 0.360763 	 912.686 	 1258.38 	 6313 	 0.911625 	 339.404 	 528.745 	 600.683 	 426.652 	 0.480427 	 571.363 	 606.6 	 103.266 	 0.171914 	 64 	 66 	 231.172 	 -17.9506 	 1 	 0 	 0 	 NaN 	 NaN 	 NaN 	 NaN 	 64 	 64 	 64 	 0 	 225.519 	 -31.8624 	 34.7939 	 0.11323 	 307.284 	 54 	 57 	 302.574 	 -56.4139 	 1 	 0 	 0 	 NaN 	 NaN 	 NaN 	 NaN 	 54 	 54 	 54 	 0 	  Tumour 
147 	 1692.77 	 77.2379 	 2093.71 	 529.16 	 4918 	 166.036 	 39.6186 	 0.971114 	 0.881362 	 361.095 	 1416.7 	 301.632 	 0.212911 	 467.483 	 1307.37 	 9174 	 0.833091 	 511.647 	 472.011 	 490.265 	 316.234 	 0.146018 	 534.955 	 485.97 	 117.928 	 0.240539 	 129 	 603 	 302.775 	 53.6527 	 2 	 593.044 	 0.120586 	 58.0502 	 58.0502 	 58.0502 	 0 	 68 	 61 	 64.5 	 4.94975 	 72.9883 	 1.94811 	 12.538 	 0.0810189 	 154.754 	 89 	 96 	 251.461 	 -107.527 	 1 	 0 	 0 	 NaN 	 NaN 	 NaN 	 NaN 	 89 	 89 	 89 	 0 	  Tumour 
148 	 1729.97 	 317.93 	 1986.46 	 553.697 	 5488 	 154.855 	 46.3572 	 0.954141 	 0.96756 	 375.806 	 1873.89 	 315.27 	 0.168243 	 533.298 	 1764.56 	 9381 	 0.836469 	 522.357 	 487.642 	 519.604 	 345.573 	 0 	 0 	 521.129 	 85.5813 	 0.164705 	 77 	 80 	 360.948 	 111.826 	 1 	 0 	 0 	 NaN 	 NaN 	 NaN 	 NaN 	 77 	 77 	 77 	 0 	 115.171 	 6.25216 	 14.6329 	 0.0743024 	 196.936 	 0 	 0 	 NaN 	 NaN 	 0 	 0 	 0 	 NaN 	 NaN 	 NaN 	 NaN 	 0 	 0 	 NaN 	 NaN 	  Tumour 
149 	 1762.5 	 1860.34 	 1792.56 	 167.61 	 5526 	 122.005 	 65.4672 	 0.843841 	 0.821466 	 347.12 	 1391.93 	 557.378 	 0.400435 	 898.115 	 1282.6 	 9546 	 0.634623 	 591.855 	 370.21 	 410.262 	 236.23 	 0.89336 	 397.64 	 421.973 	 92.7298 	 0.226026 	 0 	 0 	 NaN 	 NaN 	 0 	 0 	 0 	 NaN 	 NaN 	 NaN 	 NaN 	 0 	 0 	 NaN 	 NaN 	 134.76 	 -15.9847 	 41.2491 	 0.190505 	 216.526 	 0 	 0 	 NaN 	 NaN 	 0 	 0 	 0 	 NaN 	 NaN 	 NaN 	 NaN 	 0 	 0 	 NaN 	 NaN 	  Tumour 
150 	 1754.05 	 1920.8 	 1802.85 	 228.758 	 6125 	 98.3611 	 79.9927 	 0.581907 	 0.972068 	 313.12 	 1720.41 	 585.699 	 0.340442 	 1295.23 	 1611.07 	 8041 	 0.937289 	 369.789 	 442.042 	 560.333 	 386.302 	 0.640523 	 424.602 	 618.954 	 246.419 	 0.439771 	 75 	 93 	 236.987 	 -12.1358 	 1 	 0 	 0 	 NaN 	 NaN 	 NaN 	 NaN 	 75 	 75 	 75 	 0 	 166.829 	 -37.7423 	 45.5199 	 0.183109 	 248.595 	 99 	 135 	 366.505 	 7.5171 	 2 	 1692.38 	 0.276308 	 10.8166 	 10.8166 	 10.8166 	 0 	 52 	 47 	 49.5 	 3.53553 	  Tumour 
151 	 1791.93 	 1771.76 	 1799.33 	 75.1332 	 5935 	 93.0523 	 81.9848 	 0.473001 	 0.96457 	 311.706 	 1271.33 	 386.332 	 0.303879 	 701.764 	 1162 	 10078 	 0.892648 	 471.931 	 347.347 	 390.993 	 216.961 	 0.957921 	 378.336 	 402.981 	 137.713 	 0.352215 	 59 	 61 	 253.22 	 4.09789 	 1 	 0 	 0 	 NaN 	 NaN 	 NaN 	 NaN 	 59 	 59 	 59 	 0 	 92.844 	 -9.59626 	 25.9025 	 0.148346 	 174.609 	 117 	 269 	 284.145 	 -74.8427 	 2 	 1727.69 	 0.291102 	 23.6999 	 23.6999 	 23.6999 	 0 	 60 	 57 	 58.5 	 2.12132 	  Tumour 
152 	 1796.19 	 1487.77 	 1642.19 	 127.945 	 3646 	 102.259 	 47.4606 	 0.885771 	 0.920475 	 280.149 	 1727.94 	 608.369 	 0.352077 	 831.197 	 1618.61 	 13670 	 0.937136 	 507.103 	 284.724 	 309.734 	 135.703 	 0 	 0 	 308.989 	 97.2653 	 0.314028 	 160 	 640 	 211.581 	 -37.5412 	 3 	 1344.81 	 0.368845 	 60.3579 	 29.6577 	 40.3701 	 15.4958 	 70 	 30 	 53.3333 	 20.8167 	 109.057 	 11.1463 	 59.9863 	 0.314356 	 190.823 	 207 	 553 	 317.768 	 -41.2198 	 3 	 668.145 	 0.183254 	 47.9684 	 13.7245 	 32.0074 	 15.4196 	 81 	 57 	 69 	 12 	  Other 
153 	 1805.28 	 1698.02 	 1629.3 	 75.1332 	 1329 	 43.1258 	 39.53 	 0.399754 	 0.97434 	 136.811 	 1337.88 	 361.508 	 0.270208 	 614.167 	 1228.55 	 4514 	 0.843423 	 308.049 	 266.956 	 269.485 	 95.4532 	 0.419231 	 328.615 	 252.922 	 85.558 	 0.317487 	 0 	 0 	 NaN 	 NaN 	 0 	 0 	 0 	 NaN 	 NaN 	 NaN 	 NaN 	 0 	 0 	 NaN 	 NaN 	 51.6132 	 18.183 	 16.9245 	 0.126891 	 133.378 	 0 	 0 	 NaN 	 NaN 	 0 	 0 	 0 	 NaN 	 NaN 	 NaN 	 NaN 	 0 	 0 	 NaN 	 NaN 	  Other 
154 	 1861.34 	 1252.2 	 1824.32 	 244.788 	 4256 	 124.343 	 48.1531 	 0.921971 	 0.895623 	 312.149 	 2149.31 	 677.203 	 0.31508 	 1267.07 	 2039.97 	 5300 	 0.822726 	 376.718 	 744.826 	 673.692 	 499.661 	 0.387302 	 871.508 	 627.368 	 272.119 	 0.403922 	 96 	 102 	 275.417 	 26.2942 	 1 	 0 	 0 	 NaN 	 NaN 	 NaN 	 NaN 	 96 	 96 	 96 	 0 	 332.447 	 103.394 	 124.404 	 0.300339 	 414.212 	 0 	 0 	 NaN 	 NaN 	 0 	 0 	 0 	 NaN 	 NaN 	 NaN 	 NaN 	 0 	 0 	 NaN 	 NaN 	  Tumour 
155 	 1862.67 	 1597.42 	 1838.08 	 86.3771 	 3054 	 89.0862 	 46.2186 	 0.854891 	 0.962496 	 230.894 	 1776.74 	 504.169 	 0.283761 	 1100.83 	 1667.4 	 5524 	 0.794591 	 373.304 	 367.26 	 415.54 	 241.508 	 0.121951 	 472.4 	 405.992 	 198.484 	 0.477653 	 127 	 374 	 244.622 	 -4.5004 	 2 	 452.726 	 0.14824 	 32.5729 	 32.5729 	 32.5729 	 0 	 71 	 56 	 63.5 	 10.6066 	 163.571 	 22.1177 	 37.3205 	 0.15212 	 245.336 	 45 	 45 	 402.533 	 43.5454 	 1 	 0 	 0 	 NaN 	 NaN 	 NaN 	 NaN 	 45 	 45 	 45 	 0 	  Tumour 
156 	 1885.86 	 1784.33 	 1893.62 	 118.14 	 4611 	 106.244 	 57.713 	 0.839597 	 0.940828 	 296.108 	 1093.8 	 356.019 	 0.325487 	 673.565 	 984.47 	 5759 	 0.877094 	 354.794 	 266.186 	 257.772 	 83.7405 	 0.571875 	 298.814 	 241.53 	 55.8003 	 0.216471 	 58 	 58 	 215.431 	 -33.6914 	 1 	 0 	 0 	 NaN 	 NaN 	 NaN 	 NaN 	 58 	 58 	 58 	 0 	 42.2054 	 25.8846 	 28.461 	 0.229578 	 123.971 	 142 	 550 	 259.993 	 -98.995 	 2 	 659.207 	 0.142964 	 51.5101 	 51.5101 	 51.5101 	 0 	 75 	 67 	 71 	 5.65685 	  Tumour 
157 	 1894.02 	 1845.74 	 1916.13 	 172.699 	 6350 	 107.582 	 80.0117 	 0.668483 	 0.939766 	 338.492 	 1135.5 	 390.896 	 0.344249 	 763.194 	 1026.17 	 8759 	 0.928549 	 424.534 	 284.241 	 282.463 	 108.431 	 0.529412 	 304.732 	 273.707 	 70.9088 	 0.251038 	 144 	 382 	 222.521 	 -26.6016 	 3 	 2665.81 	 0.419812 	 32.7491 	 10.198 	 22.0589 	 10.1258 	 54 	 45 	 48 	 5.19615 	 36.1135 	 6.66908 	 19.6561 	 0.166748 	 117.879 	 130 	 146 	 301.577 	 -57.411 	 1 	 0 	 0 	 NaN 	 NaN 	 NaN 	 NaN 	 130 	 130 	 130 	 0 	  Tumour 
158 	 1908.36 	 1291.3 	 1869.35 	 196.655 	 7761 	 112.674 	 87.9635 	 0.624915 	 0.976718 	 355.848 	 1673.7 	 328.554 	 0.196304 	 583.091 	 1564.36 	 25818 	 0.965123 	 673.855 	 561.603 	 763.031 	 589 	 0.545769 	 746.671 	 758.467 	 244.551 	 0.320499 	 211 	 1123 	 235.469 	 -13.6533 	 4 	 923.32 	 0.118969 	 62.9781 	 19.5801 	 37.6384 	 16.5044 	 65 	 38 	 52.75 	 13.326 	 415.935 	 26.0016 	 77.6824 	 0.156082 	 497.701 	 1569 	 4775 	 513.713 	 154.725 	 16 	 1765.73 	 0.227513 	 89.4103 	 6.401 	 41.5013 	 18.8065 	 272 	 23 	 98.0625 	 76.831 	  Tumour 
159 	 1938.26 	 1457.05 	 1900.38 	 145.344 	 6924 	 158.859 	 66.3179 	 0.908693 	 0.767372 	 409.061 	 1492.66 	 456.834 	 0.306054 	 802.187 	 1383.32 	 8865 	 0.760944 	 474.902 	 423.886 	 467.54 	 293.508 	 0.584577 	 490.638 	 459.944 	 76.7339 	 0.164123 	 0 	 0 	 NaN 	 NaN 	 0 	 0 	 0 	 NaN 	 NaN 	 NaN 	 NaN 	 0 	 0 	 NaN 	 NaN 	 396.425 	 167.918 	 114.612 	 0.239678 	 478.191 	 844 	 2779 	 557.312 	 198.324 	 3 	 1533.31 	 0.221449 	 92.7801 	 34.9621 	 61.9115 	 26.0346 	 400 	 153 	 281.333 	 123.783 	  Tumour 
160 	 1975.6 	 1510.4 	 1941.65 	 121.297 	 9760 	 136.222 	 91.7077 	 0.739441 	 0.980313 	 393.99 	 1469.22 	 522.44 	 0.355589 	 966.847 	 1359.89 	 16178 	 0.877522 	 615.37 	 459.422 	 570.101 	 396.07 	 0.718929 	 532.699 	 584.821 	 145.213 	 0.254715 	 126 	 296 	 283.683 	 34.5601 	 2 	 2648.58 	 0.271371 	 23.532 	 23.532 	 23.532 	 0 	 65 	 61 	 63 	 2.82843 	 313.798 	 100.114 	 96.6037 	 0.244218 	 395.563 	 1187 	 5292 	 531.9 	 172.912 	 9 	 3260.55 	 0.334073 	 109.149 	 13.4095 	 54.4403 	 27.2157 	 287 	 3 	 131.889 	 113.233 	  Tumour 
161 	 1944.29 	 1626.92 	 1772.23 	 50.6063 	 2475 	 88.1411 	 40.9904 	 0.885282 	 0.809882 	 235.137 	 988.49 	 337.48 	 0.34141 	 589.528 	 879.156 	 3844 	 0.868701 	 274.735 	 366.479 	 439.47 	 265.438 	 0.278261 	 605.703 	 407.952 	 184.709 	 0.420301 	 101 	 452 	 236.881 	 -12.2413 	 2 	 838.765 	 0.338895 	 43.8221 	 43.8221 	 43.8221 	 0 	 59 	 42 	 50.5 	 12.0208 	 87.9111 	 30.8912 	 42.0033 	 0.24755 	 169.676 	 130 	 148 	 320.162 	 -38.8264 	 1 	 0 	 0 	 NaN 	 NaN 	 NaN 	 NaN 	 130 	 130 	 130 	 0 	  Other 
162 	 1984.04 	 1595.61 	 1958.03 	 50.6063 	 3393 	 91.2171 	 48.3841 	 0.84773 	 0.97781 	 236.652 	 1333.12 	 361.119 	 0.270882 	 810.417 	 1223.79 	 4604 	 0.888975 	 308.191 	 615.518 	 664.652 	 490.621 	 0.679688 	 591.155 	 695.444 	 162.66 	 0.244729 	 0 	 0 	 NaN 	 NaN 	 0 	 0 	 0 	 NaN 	 NaN 	 NaN 	 NaN 	 0 	 0 	 NaN 	 NaN 	 205.408 	 43.8383 	 36.8312 	 0.128254 	 287.174 	 0 	 0 	 NaN 	 NaN 	 0 	 0 	 0 	 NaN 	 NaN 	 NaN 	 NaN 	 0 	 0 	 NaN 	 NaN 	  Tumour 
163 	 2033.69 	 1350.34 	 1994.04 	 58.4637 	 5318 	 108.986 	 64.8788 	 0.803507 	 0.952193 	 303.179 	 963.901 	 230.562 	 0.239197 	 522.731 	 854.568 	 7747 	 0.868108 	 434.818 	 424.362 	 555.237 	 381.205 	 0.819149 	 606.224 	 521.908 	 139.04 	 0.250416 	 111 	 433 	 235.631 	 -13.4918 	 2 	 1052.23 	 0.197862 	 43.5751 	 43.5751 	 43.5751 	 0 	 62 	 49 	 55.5 	 9.19239 	 160.326 	 -35.2384 	 24.6953 	 0.102008 	 242.091 	 161 	 550 	 267.845 	 -91.1432 	 3 	 1645.58 	 0.309435 	 48.2809 	 22.6346 	 32.2202 	 12.5181 	 74 	 36 	 53.6667 	 19.1398 	  Tumour 
164 	 2090.23 	 1216.1 	 2055.19 	 147.003 	 9775 	 119.461 	 104.968 	 0.477402 	 0.965623 	 401.002 	 1280.64 	 485.776 	 0.379324 	 690.267 	 1171.3 	 19780 	 0.874138 	 661.897 	 556.248 	 774.034 	 600.003 	 0.55 	 660.834 	 807.594 	 338.669 	 0.437537 	 0 	 0 	 NaN 	 NaN 	 0 	 0 	 0 	 NaN 	 NaN 	 NaN 	 NaN 	 0 	 0 	 NaN 	 NaN 	 299.154 	 116.433 	 110.092 	 0.289015 	 380.92 	 998 	 2766 	 509.255 	 150.267 	 5 	 1593.62 	 0.16303 	 61.9243 	 19.8174 	 38.4126 	 14.8181 	 299 	 44 	 199.6 	 100.893 	  Tumour 
165 	 2110.36 	 1418.6 	 2070.78 	 59.1354 	 6284 	 116.159 	 69.8097 	 0.799262 	 0.969304 	 320.777 	 1118.67 	 342.299 	 0.305986 	 757.335 	 1009.34 	 8156 	 0.874544 	 410.617 	 461.305 	 518.367 	 344.336 	 0.50578 	 550.034 	 505.938 	 215.486 	 0.415702 	 120 	 393 	 232.525 	 -16.5974 	 2 	 795.075 	 0.126524 	 37.182 	 37.182 	 37.182 	 0 	 60 	 60 	 60 	 0 	 136.394 	 10.7318 	 55.7414 	 0.255509 	 218.159 	 123 	 183 	 287.724 	 -71.2644 	 2 	 1376.65 	 0.219072 	 12.9533 	 12.9533 	 12.9533 	 0 	 64 	 59 	 61.5 	 3.53553 	  Tumour 
166 	 2091.42 	 1362.8 	 1955.35 	 58.4637 	 1688 	 59.1266 	 38.0922 	 0.764816 	 0.915401 	 176.468 	 1127.54 	 402.981 	 0.357397 	 637.543 	 1018.21 	 2322 	 0.895833 	 219.137 	 469.801 	 475.151 	 301.119 	 0.876344 	 473.663 	 475.976 	 55.7558 	 0.117344 	 0 	 0 	 NaN 	 NaN 	 0 	 0 	 0 	 NaN 	 NaN 	 NaN 	 NaN 	 0 	 0 	 NaN 	 NaN 	 200.319 	 19.2238 	 29.5438 	 0.104734 	 282.085 	 106 	 117 	 252.16 	 -106.828 	 1 	 0 	 0 	 NaN 	 NaN 	 NaN 	 NaN 	 106 	 106 	 106 	 0 	  Other 
167 	 2114.68 	 1306.32 	 2075.76 	 61.8466 	 3601 	 110.156 	 47.9411 	 0.900329 	 0.877009 	 290.392 	 1413.04 	 545.658 	 0.386159 	 728.521 	 1303.71 	 7559 	 0.899453 	 392.676 	 650.415 	 757.089 	 583.057 	 0.573964 	 577.866 	 815.083 	 342.934 	 0.452964 	 0 	 0 	 NaN 	 NaN 	 0 	 0 	 0 	 NaN 	 NaN 	 NaN 	 NaN 	 0 	 0 	 NaN 	 NaN 	 210.562 	 4.00467 	 24.372 	 0.0833724 	 292.327 	 0 	 0 	 NaN 	 NaN 	 0 	 0 	 0 	 NaN 	 NaN 	 NaN 	 NaN 	 0 	 0 	 NaN 	 NaN 	  Tumour 
168 	 2135.32 	 1103.54 	 2110.83 	 262.711 	 4885 	 113.897 	 57.0158 	 0.865684 	 0.952427 	 297.563 	 1517.87 	 584.497 	 0.385077 	 680.137 	 1408.54 	 8007 	 0.779725 	 458.073 	 458.84 	 501.751 	 327.72 	 0.378238 	 671.767 	 462.537 	 312.657 	 0.623131 	 68 	 69 	 267.456 	 18.3334 	 1 	 0 	 0 	 NaN 	 NaN 	 NaN 	 NaN 	 68 	 68 	 68 	 0 	 108.009 	 4.9487 	 72.1701 	 0.380295 	 189.774 	 133 	 317 	 274.835 	 -84.1534 	 2 	 329.321 	 0.0674148 	 25.9103 	 25.9103 	 25.9103 	 0 	 75 	 58 	 66.5 	 12.0208 	  Tumour 
169 	 2222.42 	 63.5197 	 2658.69 	 529.16 	 3816 	 74.884 	 65.4257 	 0.486475 	 0.972973 	 243.179 	 1527.49 	 726.956 	 0.475917 	 1243.72 	 1418.15 	 4712 	 0.984127 	 255.48 	 141.503 	 90.2545 	 -83.7769 	 0 	 0 	 0 	 28.4706 	 0.315448 	 137 	 344 	 171.248 	 -77.8743 	 2 	 837.744 	 0.219535 	 25.003 	 25.003 	 25.003 	 0 	 73 	 64 	 68.5 	 6.36396 	 -3.71995 	 24.9096 	 14.7437 	 0.188912 	 78.0453 	 130 	 184 	 261.131 	 -97.8572 	 2 	 499.841 	 0.130986 	 12.8366 	 12.8366 	 12.8366 	 0 	 68 	 62 	 65 	 4.24264 	  Other 
170 	 2416 	 599.758 	 2523.03 	 577.042 	 1515 	 52.0319 	 37.4748 	 0.693738 	 0.959468 	 158.125 	 1263.66 	 524.068 	 0.414723 	 649.755 	 1154.32 	 1905 	 0.922518 	 177.681 	 280.068 	 265.079 	 91.0475 	 0.230263 	 286 	 263.09 	 36.7907 	 0.138792 	 38 	 41 	 256.816 	 7.69334 	 1 	 0 	 0 	 NaN 	 NaN 	 NaN 	 NaN 	 38 	 38 	 38 	 0 	 61.4136 	 21.2817 	 17.4398 	 0.121804 	 143.179 	 0 	 0 	 NaN 	 NaN 	 0 	 0 	 0 	 NaN 	 NaN 	 NaN 	 NaN 	 0 	 0 	 NaN 	 NaN 	  Other 
171 	 2439.48 	 544.784 	 2569.08 	 636.315 	 2392 	 68.6337 	 49.0712 	 0.699153 	 0.911933 	 205.238 	 2061.13 	 584.612 	 0.283636 	 1228.26 	 1951.8 	 3410 	 0.914945 	 239.765 	 239.097 	 214.215 	 40.1836 	 0.18 	 285.833 	 207.456 	 56.8772 	 0.265514 	 108 	 316 	 213.269 	 -35.8539 	 2 	 533.057 	 0.22285 	 29.4531 	 29.4531 	 29.4531 	 0 	 68 	 40 	 54 	 19.799 	 47.5558 	 36.7973 	 16.9279 	 0.130898 	 129.321 	 75 	 75 	 317.747 	 -41.2413 	 1 	 0 	 0 	 NaN 	 NaN 	 NaN 	 NaN 	 75 	 75 	 75 	 0 	  Other 
172 	 2439.67 	 957.558 	 2401.91 	 338.143 	 2177 	 79.5182 	 36.5177 	 0.888314 	 0.974049 	 203.48 	 797.607 	 224.866 	 0.281926 	 598.441 	 688.274 	 3054 	 0.971065 	 228.309 	 106.039 	 92.5204 	 -81.511 	 0 	 0 	 0 	 32.7355 	 0.35382 	 0 	 0 	 NaN 	 NaN 	 0 	 0 	 0 	 NaN 	 NaN 	 NaN 	 NaN 	 0 	 0 	 NaN 	 NaN 	 -8.98623 	 15.8329 	 12.4828 	 0.171516 	 72.7791 	 179 	 393 	 171.927 	 -187.061 	 2 	 317.7 	 0.145935 	 22.8075 	 22.8075 	 22.8075 	 0 	 102 	 77 	 89.5 	 17.6777 	  Other 
173 	 2722.64 	 750.009 	 2740.12 	 686.338 	 3633 	 103.559 	 47.915 	 0.886524 	 0.905308 	 266.492 	 1347.72 	 610.006 	 0.452619 	 852.832 	 1238.39 	 4757 	 0.925486 	 286.451 	 199.518 	 166.5 	 -7.53141 	 0 	 0 	 0 	 56.3413 	 0.338386 	 123 	 398 	 180.293 	 -68.8298 	 2 	 190.571 	 0.0524556 	 34.6777 	 34.6777 	 34.6777 	 0 	 78 	 45 	 61.5 	 23.3345 	 49.6462 	 51.0191 	 40.4836 	 0.308068 	 131.412 	 199 	 279 	 273.673 	 -85.3146 	 2 	 270.975 	 0.074587 	 12.9188 	 12.9188 	 12.9188 	 0 	 118 	 81 	 99.5 	 26.163 	  Fib 
