rownames 	XLoc 	YLoc 	NNDistSame 	NNDistOpp 	dapi_Area 	dapi_MajorAxisLength 	dapi_MinorAxisLength 	dapi_Eccentricity 	dapi_Solidity 	dapi_Perimeter 	dapi_MeanIntensity 	dapi_PixelSD 	dapi_PixelCV 	dapi_NucAdjustedInt 	dapi_BackAdjustedInt 	memb_Area 	memb_Solidity 	memb_Perimeter 	memb_MeanIntensity 	memb_MembraneIntensity 	memb_temp 	memb_pcTouch 	memb_OverLapIntensity 	memb_nonLapIntensity 	memb_PixelSD 	memb_PixelCV 	cent_Area 	cent_ConvexArea 	cent_MeanIntensity 	cent_BackAdjustedInt 	cent_CN 	cent_AreaSD 	cent_CoeffVar 	cent_MaxSpotDist 	cent_MinSpotDist 	cent_MeanSpotDist 	cent_SDSpotDist 	cent_SpotAreaMax 	cent_SpotAreaMin 	cent_SpotAreaMean 	cent_SpotAreaSD 	nucl_BackgroundAdjust 	nucl_NuclearAdjustedInt 	nucl_PixelSD 	nucl_PixelCV 	nucl_MeanIntensity 	Her2_Area 	Her2_ConvexArea 	Her2_MeanIntensity 	Her2_BackAdjustedInt 	Her2_CN 	Her2_AreaSD 	Her2_CoeffVar 	Her2_MaxSpotDist 	Her2_MinSpotDist 	Her2_MeanSpotDist 	Her2_SDSpotDist 	Her2_SpotAreaMax 	Her2_SpotAreaMin 	Her2_SpotAreaMean 	Her2_SpotAreaSD 	CellLabels 	
1 	 58.5565 	 296.746 	 61.0082 	 NaN 	 6302 	 147.444 	 58.645 	 0.917497 	 0.864235 	 379.262 	 1342.73 	 459.418 	 0.342151 	 755.34 	 1229.35 	 7981 	 0.829712 	 438.617 	 932.417 	 1113.13 	 1009.15 	 0.262032 	 1122.83 	 1138.87 	 826.735 	 0.742709 	 78 	 79 	 255.744 	 32.8388 	 1 	 0 	 0 	 NaN 	 NaN 	 NaN 	 NaN 	 78 	 78 	 78 	 0 	 297.494 	 77.9877 	 93.6582 	 0.261449 	 358.227 	 834 	 2496 	 1088.71 	 801.564 	 5 	 2418.15 	 0.383711 	 76.5364 	 19.7802 	 39.951 	 17.1763 	 361 	 55 	 166.8 	 123.457 	  Tumour 
2 	 55.1424 	 48.7969 	 119.218 	 NaN 	 5653 	 122.389 	 59.4529 	 0.874087 	 0.966821 	 323.12 	 1516.29 	 570.02 	 0.37593 	 630.923 	 1402.9 	 7429 	 0.964429 	 351.019 	 1088.03 	 1359.46 	 1255.48 	 0 	 0 	 0 	 382.384 	 0.281276 	 212 	 1238 	 284.807 	 61.9018 	 4 	 1130.49 	 0.19998 	 62.7898 	 9.35014 	 41.0885 	 21.0783 	 62 	 40 	 53 	 10.4881 	 298.306 	 18.7083 	 78.2658 	 0.217987 	 359.039 	 582 	 1793 	 1040.29 	 753.141 	 3 	 1515.18 	 0.268031 	 79.906 	 22.2431 	 53.3507 	 26.0276 	 436 	 31 	 194 	 213.745 	  Tumour 
3 	 58.0319 	 955.374 	 658.001 	 NaN 	 6084 	 106.865 	 73.0358 	 0.730004 	 0.983988 	 307.99 	 1105.68 	 359.98 	 0.325575 	 404.798 	 992.286 	 8744 	 0.917331 	 398.132 	 1202.28 	 1334.4 	 1230.42 	 0 	 0 	 0 	 554.352 	 0.415431 	 122 	 296 	 316.992 	 94.087 	 2 	 2089.03 	 0.343365 	 26.628 	 26.628 	 26.628 	 0 	 64 	 58 	 61 	 4.24264 	 371.563 	 127.39 	 119.795 	 0.277114 	 432.296 	 777 	 1214 	 1137.38 	 850.238 	 2 	 881.812 	 0.144939 	 20.7751 	 20.7751 	 20.7751 	 0 	 740 	 37 	 388.5 	 497.096 	  Tumour 
4 	 57.5562 	 358.183 	 61.0082 	 NaN 	 5031 	 108.554 	 60.9619 	 0.827421 	 0.941254 	 322.291 	 895.035 	 217.244 	 0.242721 	 373.285 	 781.645 	 7437 	 0.794297 	 413.789 	 1101.55 	 1449.8 	 1345.82 	 0.28 	 1107.99 	 1497.93 	 623.869 	 0.430313 	 241 	 611 	 345.245 	 122.34 	 4 	 1972.34 	 0.392038 	 36.6451 	 12.4704 	 21.8331 	 8.85104 	 75 	 31 	 60.25 	 19.9228 	 275.201 	 46.9731 	 58.412 	 0.173879 	 335.935 	 191 	 1111 	 407.759 	 120.613 	 4 	 463.989 	 0.0922259 	 45.83 	 10.9772 	 31.4231 	 12.6801 	 68 	 33 	 47.75 	 14.6373 	  Tumour 
5 	 147.52 	 677.182 	 390.283 	 NaN 	 5743 	 99.9443 	 74.442 	 0.667249 	 0.951458 	 313.362 	 1046.97 	 235.467 	 0.224903 	 442.032 	 933.584 	 10458 	 0.951939 	 410.517 	 675.52 	 775.499 	 671.518 	 0.405248 	 946.504 	 731.733 	 206.822 	 0.266696 	 93 	 180 	 253.344 	 30.4393 	 2 	 1385.11 	 0.241182 	 16.1096 	 16.1096 	 16.1096 	 0 	 60 	 33 	 46.5 	 19.0919 	 312.937 	 94.3019 	 95.1862 	 0.254733 	 373.67 	 245 	 1918 	 564.996 	 277.85 	 4 	 510.086 	 0.0888187 	 70.4092 	 21.9001 	 43.1977 	 17.9395 	 98 	 41 	 61.25 	 25.1976 	  Tumour 
6 	 160.774 	 511.868 	 237.968 	 NaN 	 5598 	 112.142 	 64.9403 	 0.815265 	 0.965172 	 306.049 	 1023.14 	 293.717 	 0.287075 	 473.152 	 909.746 	 9527 	 0.90492 	 436.96 	 875.906 	 1134.64 	 1030.66 	 0.312834 	 1225.26 	 1107.31 	 280.05 	 0.246819 	 104 	 326 	 272.644 	 49.7395 	 2 	 1298.18 	 0.2319 	 31.2406 	 31.2406 	 31.2406 	 0 	 53 	 51 	 52 	 1.41421 	 171.239 	 -7.69464 	 30.7537 	 0.132575 	 231.972 	 366 	 520 	 1077.37 	 790.22 	 3 	 3292.06 	 0.588078 	 27.0532 	 8.63508 	 18.0435 	 8.24262 	 282 	 33 	 122 	 138.856 	  Tumour 
7 	 172.776 	 65.6105 	 257.599 	 NaN 	 5143 	 88.6709 	 74.3343 	 0.545182 	 0.970194 	 282.635 	 1163.77 	 442.453 	 0.38019 	 785.64 	 1050.38 	 6484 	 0.940119 	 326.392 	 598.222 	 452.525 	 348.545 	 0 	 0 	 0 	 319.045 	 0.705033 	 148 	 250 	 290.622 	 67.7169 	 3 	 1837.34 	 0.357251 	 22.2825 	 8.79092 	 14.8893 	 6.11644 	 58 	 40 	 49.3333 	 9.0185 	 172.709 	 104.483 	 81.3761 	 0.348592 	 233.442 	 311 	 780 	 845.199 	 558.054 	 4 	 2149.58 	 0.417962 	 34.7821 	 14.0971 	 21.4426 	 7.77562 	 211 	 25 	 77.75 	 89.1417 	  Tumour 
8 	 180.61 	 755.329 	 473.97 	 NaN 	 6335 	 97.7936 	 83.0745 	 0.527608 	 0.976418 	 310.291 	 1303.06 	 375.514 	 0.288179 	 800.116 	 1189.67 	 9075 	 0.90605 	 422.759 	 901.295 	 1181.1 	 1077.12 	 0.285311 	 1078.04 	 1194.3 	 263.769 	 0.223325 	 144 	 650 	 266.146 	 43.2411 	 3 	 1968.12 	 0.310674 	 35.0788 	 23.2431 	 27.2826 	 6.0402 	 55 	 35 	 48 	 11.2694 	 381.355 	 165.15 	 114.275 	 0.258489 	 442.088 	 656 	 1782 	 1211.26 	 924.112 	 3 	 592.171 	 0.093476 	 39.5321 	 30.2349 	 34.9336 	 4.15857 	 304 	 174 	 218.667 	 73.9279 	  Tumour 
9 	 213.706 	 395.742 	 183.918 	 NaN 	 8288 	 132.542 	 80.3658 	 0.795203 	 0.981991 	 362.86 	 1030.85 	 219.383 	 0.212818 	 671.42 	 917.456 	 12427 	 0.942868 	 476.659 	 1035.18 	 1527.1 	 1423.12 	 0.293827 	 1403.28 	 1536.02 	 486.283 	 0.318435 	 211 	 1352 	 256.507 	 33.6023 	 4 	 1262.6 	 0.152341 	 61.5855 	 9 	 37.2909 	 19.9846 	 62 	 45 	 52.75 	 9.03235 	 253.356 	 59.7205 	 58.0963 	 0.184967 	 314.089 	 888 	 3239 	 720.948 	 433.802 	 9 	 704.948 	 0.0850564 	 75.1064 	 13.8708 	 37.5079 	 16.8633 	 166 	 32 	 98.6667 	 50.5643 	  Tumour 
10 	 217.434 	 625.344 	 364.071 	 NaN 	 7366 	 132.291 	 72.4586 	 0.836661 	 0.961493 	 362.434 	 1288.24 	 348.881 	 0.270821 	 867.891 	 1174.85 	 11137 	 0.88621 	 503.872 	 983.186 	 1256.64 	 1152.66 	 0.673709 	 1156.62 	 1301.16 	 405.608 	 0.322771 	 247 	 1629 	 269.085 	 46.1803 	 4 	 1303.31 	 0.176936 	 58.2508 	 22.824 	 37.8157 	 12.8417 	 68 	 45 	 61.75 	 11.2064 	 319.333 	 110.556 	 79.8321 	 0.210048 	 380.066 	 779 	 2956 	 957.205 	 670.06 	 5 	 1055.45 	 0.143287 	 79.2383 	 10.8374 	 44.3876 	 20.0427 	 440 	 28 	 155.8 	 173.96 	  Tumour 
11 	 293.317 	 445.204 	 276.875 	 NaN 	 9906 	 156.472 	 82.6804 	 0.848992 	 0.957564 	 424.032 	 880.466 	 191.371 	 0.217352 	 450.531 	 767.076 	 13814 	 0.859775 	 572.5 	 1006.63 	 1333.94 	 1229.96 	 0.243852 	 1241.88 	 1335.23 	 266.548 	 0.199821 	 108 	 344 	 226.093 	 3.18783 	 2 	 2947.25 	 0.297521 	 34.91 	 34.91 	 34.91 	 0 	 57 	 51 	 54 	 4.24264 	 256.982 	 33.4852 	 41.2734 	 0.129907 	 317.715 	 1274 	 4440 	 603.885 	 316.739 	 8 	 2368.81 	 0.239128 	 83.3991 	 9.51315 	 43.222 	 19.9374 	 398 	 36 	 141.556 	 129.27 	  Tumour 
12 	 289.486 	 604.142 	 383.6 	 NaN 	 9040 	 140.05 	 88.6588 	 0.774109 	 0.846363 	 428.818 	 990.717 	 253.175 	 0.255547 	 551.723 	 877.327 	 14296 	 0.847673 	 537.588 	 936.461 	 1392.29 	 1288.31 	 0.267094 	 1303.06 	 1390.26 	 398.461 	 0.286191 	 282 	 1810 	 237.911 	 15.0066 	 5 	 2995.28 	 0.331336 	 74.9083 	 21.0795 	 39.689 	 16.3675 	 66 	 48 	 56.4 	 7.50333 	 241.193 	 47.9432 	 80.5315 	 0.266726 	 301.926 	 679 	 3280 	 674.078 	 386.932 	 9 	 2841.11 	 0.314282 	 95.849 	 12.6662 	 45.778 	 22.3542 	 268 	 23 	 75.4444 	 78.9369 	  Tumour 
13 	 282.71 	 796.223 	 546.971 	 NaN 	 3371 	 75.5934 	 57.1449 	 0.654629 	 0.964797 	 229.723 	 904.129 	 204.734 	 0.226443 	 514.973 	 790.739 	 7005 	 0.918207 	 341.22 	 1148.33 	 1375.97 	 1271.99 	 0 	 0 	 0 	 547.505 	 0.397905 	 58 	 58 	 259.466 	 36.5608 	 1 	 0 	 0 	 NaN 	 NaN 	 NaN 	 NaN 	 58 	 58 	 58 	 0 	 191.209 	 24.6218 	 39.8756 	 0.158273 	 251.942 	 192 	 291 	 805.255 	 518.109 	 2 	 267.376 	 0.0793166 	 13.5516 	 13.5516 	 13.5516 	 0 	 149 	 43 	 96 	 74.9533 	  Tumour 
14 	 345.703 	 212.571 	 299.04 	 NaN 	 9970 	 182.228 	 71.6066 	 0.91956 	 0.949524 	 453.245 	 1062.61 	 253.434 	 0.238502 	 697.658 	 949.219 	 14218 	 0.893652 	 591.127 	 1245.05 	 1715.65 	 1611.67 	 0.186 	 1678.97 	 1708.74 	 705.241 	 0.411063 	 170 	 629 	 273.188 	 50.2835 	 3 	 2155.96 	 0.216245 	 32.3516 	 13.1351 	 25.5372 	 9.62233 	 80 	 29 	 56.6667 	 25.7747 	 295.567 	 67.4534 	 50.5194 	 0.141789 	 356.3 	 1212 	 4488 	 677.064 	 389.919 	 11 	 3382.28 	 0.339245 	 105.713 	 9.88094 	 50.1989 	 25.1171 	 494 	 24 	 110.182 	 139.913 	  Tumour 
15 	 451.81 	 225.305 	 399.541 	 NaN 	 4350 	 104.73 	 54.0229 	 0.85669 	 0.923175 	 289.765 	 997.258 	 188.643 	 0.189162 	 560.819 	 883.869 	 7694 	 0.901465 	 451.789 	 1074.64 	 1418.59 	 1314.61 	 0.56701 	 1320.7 	 1455.96 	 439.295 	 0.309671 	 0 	 0 	 NaN 	 NaN 	 0 	 0 	 0 	 NaN 	 NaN 	 NaN 	 NaN 	 0 	 0 	 NaN 	 NaN 	 349.851 	 107.628 	 78.3098 	 0.190728 	 410.584 	 703 	 1450 	 818.744 	 531.598 	 6 	 1196.01 	 0.274946 	 41.742 	 9.29875 	 25.9619 	 11.2721 	 478 	 31 	 117.167 	 176.978 	  Tumour 
16 	 466.232 	 275.911 	 407.541 	 NaN 	 5329 	 117.023 	 61.0743 	 0.853008 	 0.926944 	 326.25 	 907.02 	 160.803 	 0.177287 	 420.643 	 793.631 	 6782 	 0.858481 	 400.475 	 1088.76 	 1271.04 	 1167.06 	 0.373529 	 1051.99 	 1306.9 	 363.698 	 0.286141 	 67 	 67 	 305.91 	 83.0057 	 1 	 0 	 0 	 NaN 	 NaN 	 NaN 	 NaN 	 67 	 67 	 67 	 0 	 285.014 	 52.7553 	 39.3821 	 0.113904 	 345.747 	 770 	 2116 	 1035.05 	 747.904 	 6 	 3371.41 	 0.632654 	 82.5694 	 19.2224 	 41.333 	 19.9515 	 509 	 28 	 128.333 	 189.198 	  Tumour 
17 	 597.604 	 80.7511 	 580.669 	 NaN 	 6243 	 100.397 	 80.5414 	 0.597015 	 0.970314 	 319.463 	 1221.51 	 385.283 	 0.315415 	 738.458 	 1108.12 	 9962 	 0.929118 	 419.161 	 1063.11 	 1325.37 	 1221.39 	 0.190608 	 1277.46 	 1331.69 	 519.968 	 0.39232 	 146 	 425 	 345.205 	 122.301 	 2 	 913.49 	 0.146322 	 38.5007 	 38.5007 	 38.5007 	 0 	 73 	 73 	 73 	 0 	 282.957 	 101.371 	 78.337 	 0.227929 	 343.69 	 405 	 1357 	 863.56 	 576.415 	 5 	 1202.6 	 0.192632 	 45.7664 	 13.1662 	 29.2405 	 12.6039 	 143 	 22 	 81 	 53.7587 	  Tumour 
18 	 664.571 	 218.844 	 610.999 	 NaN 	 8896 	 124.725 	 92.61 	 0.669829 	 0.972347 	 380.576 	 1427.74 	 514.287 	 0.360212 	 945.413 	 1314.35 	 17910 	 0.970732 	 537.772 	 582.48 	 777.164 	 673.184 	 0 	 0 	 0 	 662.666 	 0.852672 	 207 	 2111 	 337.357 	 114.453 	 3 	 1229.02 	 0.138154 	 87.659 	 36.2839 	 64.1444 	 23.221 	 85 	 52 	 69 	 16.5227 	 165.61 	 73.0393 	 64.8016 	 0.286298 	 226.343 	 1026 	 4189 	 981.287 	 694.141 	 9 	 2198.95 	 0.247184 	 75.9253 	 9.28735 	 38.6 	 16.6608 	 227 	 30 	 114 	 85.2291 	  Tumour 
19 	 666.481 	 633.194 	 693.79 	 NaN 	 7433 	 108.839 	 87.0523 	 0.600231 	 0.984373 	 335.848 	 1604.27 	 550.638 	 0.343234 	 1053.14 	 1490.88 	 8904 	 0.918317 	 402.718 	 921.166 	 939.953 	 835.973 	 0.190616 	 1125.29 	 916.614 	 206.426 	 0.219613 	 280 	 806 	 386.1 	 163.195 	 3 	 904.912 	 0.121743 	 62.6037 	 24.0811 	 41.7767 	 17.3978 	 97 	 87 	 93.3333 	 5.50757 	 226.823 	 61.6927 	 40.5784 	 0.141115 	 287.556 	 1202 	 3119 	 1089.36 	 802.214 	 8 	 1708.09 	 0.229799 	 62.0032 	 11.6466 	 31.2733 	 13.238 	 619 	 25 	 150.25 	 199.356 	  Tumour 
20 	 701.92 	 80.5801 	 678.31 	 NaN 	 6080 	 132.041 	 59.6673 	 0.892077 	 0.936826 	 356.09 	 1112.08 	 290.152 	 0.260909 	 555.864 	 998.691 	 8002 	 0.940969 	 384.049 	 1276.19 	 1695.77 	 1591.79 	 0.208333 	 1272.83 	 1721.54 	 508.178 	 0.299673 	 66 	 69 	 303.273 	 80.368 	 1 	 0 	 0 	 NaN 	 NaN 	 NaN 	 NaN 	 66 	 66 	 66 	 0 	 273.799 	 15.8642 	 39.0938 	 0.116861 	 334.532 	 505 	 1507 	 752.352 	 465.207 	 7 	 1080.99 	 0.177794 	 86.0299 	 10.4567 	 35.817 	 21.567 	 154 	 26 	 63.125 	 40.2579 	  Tumour 
21 	 701.983 	 840.014 	 841.604 	 NaN 	 6200 	 109.424 	 73.8787 	 0.737671 	 0.954287 	 334.434 	 1208.73 	 300.216 	 0.248373 	 733.83 	 1095.34 	 6581 	 0.934403 	 348.777 	 994.556 	 1054.55 	 950.572 	 0.569024 	 1094.37 	 1043.26 	 115.876 	 0.109881 	 227 	 1909 	 324.419 	 101.514 	 4 	 1041.64 	 0.168006 	 74.8887 	 24.7719 	 45.1178 	 16.4263 	 65 	 47 	 56.75 	 8.26136 	 276.242 	 100.135 	 43.9052 	 0.130292 	 336.976 	 471 	 1503 	 941.505 	 654.359 	 4 	 944.171 	 0.152286 	 46.491 	 11.7708 	 34.4064 	 15.1201 	 178 	 63 	 117.75 	 48.6236 	  Tumour 
22 	 708.478 	 937.112 	 911.483 	 NaN 	 8104 	 107.989 	 96.5337 	 0.448223 	 0.97112 	 349.948 	 1334.69 	 407.042 	 0.304971 	 1001.85 	 1221.3 	 9621 	 0.943513 	 397.304 	 788.401 	 736.065 	 632.085 	 0.443452 	 1198.72 	 605.235 	 447.864 	 0.608457 	 242 	 854 	 333.917 	 111.013 	 4 	 2588.65 	 0.319429 	 32.362 	 15.3311 	 24.4427 	 6.98641 	 84 	 32 	 60.5 	 21.4243 	 257.405 	 157.855 	 78.282 	 0.246063 	 318.138 	 849 	 2701 	 1015.88 	 728.733 	 7 	 1100.84 	 0.135839 	 69.0056 	 10.9307 	 35.6045 	 15.9198 	 212 	 23 	 121.286 	 76.8586 	  Tumour 
23 	 725.978 	 400.598 	 675.059 	 NaN 	 7475 	 101.854 	 93.6765 	 0.392586 	 0.982648 	 335.99 	 1824.28 	 813.583 	 0.445975 	 1461.71 	 1710.89 	 7864 	 0.87915 	 399.161 	 993.278 	 874.689 	 770.708 	 0 	 0 	 0 	 440.823 	 0.503977 	 289 	 817 	 351.834 	 128.929 	 4 	 1000.56 	 0.133854 	 29.8095 	 17.2071 	 21.8811 	 4.60582 	 83 	 68 	 72.25 	 7.18215 	 259.516 	 194.836 	 105.708 	 0.330081 	 320.249 	 1142 	 2342 	 1360.31 	 1073.17 	 5 	 2484.12 	 0.332324 	 46.3581 	 10.724 	 30.7263 	 10.2626 	 778 	 45 	 228.4 	 309.08 	  Tumour 
24 	 778.962 	 866.777 	 918.314 	 NaN 	 8048 	 114.174 	 93.5493 	 0.573282 	 0.845822 	 418.576 	 1223.93 	 279.802 	 0.228609 	 783.628 	 1110.54 	 9337 	 0.831656 	 457.831 	 1037.91 	 1229.48 	 1125.49 	 1.01034 	 1243.27 	 1207.49 	 225.528 	 0.183434 	 76 	 78 	 327.368 	 104.464 	 1 	 0 	 0 	 NaN 	 NaN 	 NaN 	 NaN 	 76 	 76 	 76 	 0 	 447.584 	 160.407 	 108.226 	 0.21291 	 508.318 	 647 	 2215 	 994.289 	 707.143 	 7 	 1360.5 	 0.169049 	 66.4364 	 11.0267 	 37.1599 	 17.2472 	 163 	 22 	 92.4286 	 56.1185 	  Tumour 
25 	 793.669 	 603.343 	 796.154 	 NaN 	 12068 	 141.065 	 114.327 	 0.5858 	 0.914312 	 459.588 	 1206.99 	 333.749 	 0.276513 	 827.393 	 1093.6 	 20472 	 0.865477 	 659.955 	 883.769 	 1196.46 	 1092.48 	 0.681338 	 1246.16 	 1180.6 	 245.034 	 0.204798 	 268 	 2447 	 335.261 	 112.356 	 4 	 1831.4 	 0.151757 	 66.0466 	 27.3885 	 47.6217 	 15.5013 	 84 	 39 	 67 	 19.4765 	 451.474 	 259.805 	 128.11 	 0.250114 	 512.207 	 875 	 5021 	 998.049 	 710.903 	 7 	 3415.13 	 0.282991 	 105.546 	 14.3715 	 54.8782 	 22.0529 	 441 	 23 	 125 	 143.128 	  Tumour 
26 	 778.156 	 763.023 	 856.806 	 NaN 	 9563 	 114.251 	 107.166 	 0.346673 	 0.970173 	 397.647 	 1662.76 	 615.706 	 0.370292 	 1138.44 	 1549.37 	 11097 	 0.93166 	 442.09 	 1011.04 	 1202.79 	 1098.81 	 0.813953 	 1234.63 	 1183.19 	 215.497 	 0.179165 	 159 	 367 	 355.717 	 132.812 	 2 	 771.888 	 0.0807161 	 28.5486 	 28.5486 	 28.5486 	 0 	 80 	 79 	 79.5 	 0.707107 	 325.309 	 100.015 	 72.375 	 0.18748 	 386.042 	 1108 	 2245 	 1179.24 	 892.096 	 5 	 3377.79 	 0.353215 	 56.8437 	 16.0477 	 33.1943 	 14.0889 	 772 	 22 	 221.6 	 312.82 	  Tumour 
27 	 808.764 	 514.765 	 781.04 	 NaN 	 7474 	 104.641 	 91.8031 	 0.479912 	 0.961905 	 344.049 	 1150.09 	 297.861 	 0.258988 	 747.033 	 1036.7 	 9344 	 0.924691 	 405.446 	 1044.71 	 1294.58 	 1190.6 	 0.467647 	 1292.77 	 1295.75 	 384.407 	 0.296937 	 185 	 1400 	 269.043 	 46.1385 	 3 	 1540.42 	 0.206104 	 79.6703 	 34.2594 	 54.996 	 20.5361 	 74 	 43 	 61.6667 	 16.4418 	 302.813 	 113.739 	 67.8946 	 0.186757 	 363.546 	 695 	 2973 	 916.183 	 629.037 	 6 	 4244.73 	 0.567933 	 75.4284 	 12.7798 	 44.6538 	 24.9496 	 333 	 22 	 115.833 	 115.12 	  Tumour 
28 	 833.152 	 954.324 	 1015.25 	 NaN 	 9214 	 121.279 	 97.9015 	 0.590219 	 0.980734 	 380.333 	 1136.3 	 326.051 	 0.286942 	 755.66 	 1022.91 	 11748 	 0.948184 	 453.789 	 996.032 	 1216.88 	 1112.9 	 0.384615 	 1388 	 1159.13 	 474.682 	 0.390079 	 210 	 926 	 286.524 	 63.619 	 3 	 1759.05 	 0.19091 	 56.9103 	 21.1673 	 38.9174 	 15.9858 	 87 	 52 	 70 	 17.5214 	 386.477 	 215.697 	 121.008 	 0.270584 	 447.21 	 866 	 3043 	 929.47 	 642.324 	 8 	 1769.62 	 0.192058 	 62.4062 	 10.0934 	 36.6731 	 14.4343 	 370 	 26 	 108.25 	 110.655 	  Tumour 
29 	 831.874 	 85.0197 	 801.544 	 NaN 	 3154 	 81.5267 	 50.2065 	 0.78788 	 0.964231 	 234.894 	 1070.76 	 290.592 	 0.271389 	 659.892 	 957.366 	 4672 	 0.860088 	 327.321 	 1194.17 	 1585.87 	 1481.89 	 0.378092 	 1751.57 	 1530.54 	 505.443 	 0.318717 	 64 	 65 	 299.891 	 76.9859 	 1 	 0 	 0 	 NaN 	 NaN 	 NaN 	 NaN 	 64 	 64 	 64 	 0 	 255.742 	 44.3472 	 48.6151 	 0.153614 	 316.475 	 235 	 369 	 835.226 	 548.08 	 2 	 768.559 	 0.243678 	 16.161 	 16.161 	 16.161 	 0 	 209 	 26 	 117.5 	 129.401 	  Tumour 
30 	 888.722 	 739.796 	 940.824 	 NaN 	 10528 	 150.797 	 89.0436 	 0.807048 	 0.981632 	 414.132 	 1567.84 	 486.278 	 0.310159 	 1007.79 	 1454.45 	 20642 	 0.870493 	 696.867 	 1136.41 	 1415.43 	 1311.45 	 0.733898 	 1446.01 	 1400.17 	 232.361 	 0.164162 	 145 	 459 	 319.152 	 96.247 	 2 	 2124.24 	 0.20177 	 37.3071 	 37.3071 	 37.3071 	 0 	 81 	 64 	 72.5 	 12.0208 	 427.331 	 187.814 	 128.462 	 0.263206 	 488.064 	 610 	 2378 	 867.879 	 580.733 	 3 	 1114.8 	 0.105889 	 58.4199 	 12.8314 	 38.9476 	 21.0273 	 287 	 43 	 203.333 	 138.897 	  Tumour 
31 	 891.043 	 160.763 	 843.042 	 NaN 	 6840 	 99.1354 	 87.9376 	 0.461683 	 0.982759 	 319.505 	 1665.75 	 702.845 	 0.42194 	 1255.56 	 1552.36 	 15534 	 0.946387 	 510.115 	 745.643 	 1162.96 	 1058.98 	 0.320186 	 1939.98 	 998.417 	 867.565 	 0.746 	 249 	 832 	 326.759 	 103.854 	 4 	 724.378 	 0.105903 	 53.6682 	 10.1879 	 29.0825 	 18.9659 	 84 	 45 	 62.25 	 16.8597 	 613.566 	 472.363 	 320.157 	 0.4748 	 674.299 	 813 	 2527 	 1068.17 	 781.028 	 7 	 686.994 	 0.100438 	 57.8411 	 11.1959 	 33.0802 	 12.6369 	 212 	 22 	 116.143 	 58.2965 	  Tumour 
32 	 919.487 	 290.741 	 860.021 	 NaN 	 8335 	 129.729 	 82.2831 	 0.773114 	 0.982322 	 362.191 	 777.547 	 250.179 	 0.321754 	 464.44 	 664.157 	 10232 	 0.93906 	 419.161 	 1284.6 	 1269.68 	 1165.7 	 0.361878 	 1595.44 	 1195.97 	 644.475 	 0.507589 	 248 	 1663 	 266.19 	 43.2848 	 4 	 2357.03 	 0.282787 	 47.6739 	 24.2449 	 36.6814 	 8.5691 	 72 	 44 	 62 	 12.4365 	 418.029 	 249.477 	 185.824 	 0.388133 	 478.762 	 841 	 2830 	 650.082 	 362.936 	 9 	 2783.14 	 0.33391 	 71.2005 	 10.3962 	 36.5966 	 18.4056 	 167 	 34 	 93.4444 	 49.0232 	  Tumour 
33 	 908.112 	 608.617 	 904.514 	 NaN 	 8464 	 113.958 	 95.2492 	 0.548996 	 0.976916 	 357.706 	 1127.07 	 212.935 	 0.188928 	 689.599 	 1013.68 	 10109 	 0.908756 	 445.161 	 1078.41 	 1187.39 	 1083.41 	 0.896907 	 1151.58 	 1184.61 	 311.505 	 0.262345 	 182 	 885 	 285.676 	 62.7711 	 3 	 1343.19 	 0.158694 	 77.9866 	 36.6576 	 52.0126 	 20.2306 	 68 	 47 	 60.6667 	 11.8462 	 404.537 	 158.254 	 91.1508 	 0.195909 	 465.27 	 670 	 1210 	 980.936 	 693.79 	 4 	 1292.29 	 0.15268 	 36.7022 	 13.012 	 21.5476 	 8.20839 	 402 	 45 	 167.5 	 159.722 	  Tumour 
34 	 890.615 	 84.0087 	 858.832 	 NaN 	 1727 	 58.4796 	 38.0936 	 0.758735 	 0.95838 	 174.409 	 751.913 	 105.348 	 0.140107 	 309.725 	 638.523 	 2529 	 0.941198 	 203.924 	 1513.18 	 1776.15 	 1672.17 	 0.502825 	 1642.12 	 1821.83 	 666.939 	 0.375498 	 0 	 0 	 NaN 	 NaN 	 0 	 0 	 0 	 NaN 	 NaN 	 NaN 	 NaN 	 0 	 0 	 NaN 	 NaN 	 250.85 	 -35.831 	 33.9801 	 0.109056 	 311.584 	 34 	 36 	 463.088 	 175.942 	 1 	 0 	 0 	 NaN 	 NaN 	 NaN 	 NaN 	 34 	 34 	 34 	 0 	  Tumour 
35 	 917.52 	 516.856 	 886.725 	 NaN 	 6617 	 104.576 	 81.4632 	 0.627044 	 0.957182 	 330.877 	 1072.77 	 291.997 	 0.272191 	 621.92 	 959.377 	 11073 	 0.851507 	 481.245 	 871.653 	 1296.45 	 1192.47 	 0.526829 	 1247.47 	 1309.55 	 342.95 	 0.264529 	 116 	 438 	 285.328 	 62.4228 	 2 	 1044.12 	 0.157794 	 42.4525 	 42.4525 	 42.4525 	 0 	 64 	 52 	 58 	 8.48528 	 262.651 	 72.4184 	 57.3927 	 0.177475 	 323.384 	 517 	 2020 	 646.787 	 359.641 	 6 	 647.75 	 0.0978918 	 60.4101 	 9.3717 	 32.4335 	 14.4219 	 163 	 46 	 86.1667 	 43.0507 	  Tumour 
36 	 990.73 	 192.985 	 937.785 	 NaN 	 8614 	 115.189 	 96.8567 	 0.541268 	 0.949934 	 382.718 	 878.809 	 175.511 	 0.199715 	 512.898 	 765.42 	 20589 	 0.814052 	 739.495 	 1004.82 	 1378.41 	 1274.43 	 0.236422 	 1445.88 	 1354.26 	 528.566 	 0.38346 	 168 	 636 	 252.47 	 29.5655 	 2 	 1180.67 	 0.137064 	 52.4054 	 52.4054 	 52.4054 	 0 	 100 	 68 	 84 	 22.6274 	 159.043 	 41.6486 	 49.0197 	 0.223044 	 219.776 	 201 	 1315 	 510.682 	 223.536 	 4 	 1461.35 	 0.169649 	 59.4934 	 15.1807 	 36.3179 	 14.7974 	 65 	 34 	 50.25 	 12.9196 	  Tumour 
37 	 993.469 	 717.186 	 1024.09 	 NaN 	 6336 	 117.59 	 69.7165 	 0.805292 	 0.95393 	 335.647 	 1048.77 	 230.298 	 0.219588 	 554.894 	 935.384 	 10118 	 0.78562 	 490.416 	 1107 	 1527.45 	 1423.47 	 0.714286 	 1482.84 	 1563.47 	 383.312 	 0.250949 	 125 	 264 	 294.896 	 71.9912 	 2 	 873.979 	 0.137939 	 21.5905 	 21.5905 	 21.5905 	 0 	 64 	 61 	 62.5 	 2.12132 	 339.975 	 87.1057 	 66.2259 	 0.165272 	 400.708 	 645 	 1946 	 826.829 	 539.684 	 6 	 885.122 	 0.139697 	 50.4094 	 12.2798 	 28.2503 	 9.50502 	 252 	 44 	 107.5 	 91.3033 	  Tumour 
38 	 1002.39 	 636.441 	 1002.08 	 NaN 	 5909 	 99.3222 	 77.1557 	 0.62972 	 0.935709 	 321.806 	 1397.71 	 455.155 	 0.325643 	 940.2 	 1284.32 	 7225 	 0.922969 	 360.049 	 1132.22 	 1158.07 	 1054.09 	 0.907051 	 1169.78 	 1147.5 	 227.257 	 0.196238 	 186 	 947 	 303.806 	 80.9017 	 4 	 687.321 	 0.116318 	 38.8302 	 14.2424 	 26.9198 	 9.42963 	 64 	 31 	 46.5 	 16.4621 	 393.047 	 164.789 	 91.5787 	 0.201813 	 453.78 	 226 	 854 	 727.208 	 440.062 	 4 	 1672.02 	 0.282962 	 32.6084 	 7.31566 	 24.3703 	 8.92961 	 103 	 28 	 56.5 	 32.7669 	  Tumour 
39 	 1030.07 	 370.503 	 973.816 	 NaN 	 10055 	 166.318 	 79.3084 	 0.878986 	 0.933612 	 451.487 	 915.024 	 172.973 	 0.189036 	 495.33 	 801.635 	 14822 	 0.885371 	 585.085 	 1118.97 	 1639.97 	 1535.99 	 0.518962 	 1750.66 	 1597.43 	 315.597 	 0.192441 	 227 	 861 	 286.432 	 63.527 	 4 	 1128.78 	 0.112261 	 77.4701 	 23.6175 	 42.6999 	 19.9481 	 69 	 38 	 56.75 	 13.2256 	 242.253 	 16.2021 	 52.2782 	 0.172543 	 302.986 	 530 	 2888 	 567.319 	 280.173 	 6 	 1422.61 	 0.141483 	 85.3795 	 10.5873 	 45.2383 	 23.5575 	 200 	 28 	 88.3333 	 62.9751 	  Tumour 
40 	 1028.43 	 510.617 	 992.349 	 NaN 	 7396 	 101.215 	 94.7834 	 0.350783 	 0.94991 	 348.534 	 1252.99 	 373.242 	 0.29788 	 783.972 	 1139.6 	 10247 	 0.867728 	 465.831 	 1197.22 	 1551.9 	 1447.92 	 0.470886 	 1417.16 	 1587.1 	 358.905 	 0.231268 	 57 	 58 	 286.088 	 63.183 	 1 	 0 	 0 	 NaN 	 NaN 	 NaN 	 NaN 	 57 	 57 	 57 	 0 	 282.166 	 40.5177 	 70.2078 	 0.204748 	 342.899 	 1367 	 3477 	 960.461 	 673.315 	 7 	 998.957 	 0.135067 	 59.9856 	 8.96746 	 32.2843 	 13.6998 	 625 	 35 	 170.875 	 191.421 	  Tumour 
41 	 1047.79 	 296.81 	 989 	 NaN 	 6522 	 114.621 	 74.6203 	 0.759061 	 0.935188 	 334.434 	 1034.66 	 260.874 	 0.252135 	 666.803 	 921.272 	 8948 	 0.916052 	 420.475 	 1232.69 	 1494.66 	 1390.68 	 0.580556 	 1493.22 	 1480.14 	 477.117 	 0.319214 	 52 	 54 	 254.096 	 31.1914 	 1 	 0 	 0 	 NaN 	 NaN 	 NaN 	 NaN 	 52 	 52 	 52 	 0 	 369.465 	 175.248 	 98.6645 	 0.229347 	 430.198 	 434 	 1910 	 675.198 	 388.052 	 7 	 1604.47 	 0.246009 	 63.0402 	 12.0327 	 35.5732 	 18.1562 	 101 	 24 	 62 	 29.8105 	  Tumour 
42 	 1091.46 	 585.071 	 1071.43 	 NaN 	 6404 	 123.96 	 67.372 	 0.83941 	 0.941211 	 348.877 	 1664.82 	 666.675 	 0.40045 	 1157.96 	 1551.43 	 7528 	 0.903939 	 390.434 	 1163.42 	 1583.12 	 1479.14 	 0.727003 	 1475.29 	 1646.1 	 404.789 	 0.255691 	 168 	 416 	 363.607 	 140.702 	 2 	 1576.23 	 0.246132 	 30.1838 	 30.1838 	 30.1838 	 0 	 86 	 82 	 84 	 2.82843 	 176.028 	 -59.7165 	 54.3585 	 0.229593 	 236.761 	 136 	 297 	 662.75 	 375.604 	 2 	 1802.41 	 0.281451 	 25.3742 	 25.3742 	 25.3742 	 0 	 69 	 67 	 68 	 1.41421 	  Tumour 
43 	 1089.98 	 777.411 	 1137.26 	 NaN 	 8089 	 119.188 	 87.7092 	 0.677104 	 0.97705 	 355.362 	 971.389 	 241.977 	 0.249104 	 598.046 	 858 	 13978 	 0.912283 	 540.541 	 846.492 	 1459.5 	 1355.52 	 0.619154 	 1581.88 	 1405.55 	 329.932 	 0.226059 	 217 	 539 	 256.332 	 33.427 	 4 	 1168.03 	 0.144397 	 33.0217 	 10.2037 	 19.1556 	 7.38059 	 63 	 46 	 54.25 	 6.99405 	 185.415 	 32.4605 	 71.2919 	 0.28963 	 246.149 	 1016 	 3124 	 650.118 	 362.972 	 12 	 1937.1 	 0.239473 	 84.8689 	 8.05978 	 33.0955 	 15.9673 	 286 	 26 	 84.6667 	 77.4131 	  Tumour 
44 	 1095.58 	 654.17 	 1096.73 	 NaN 	 7505 	 120.827 	 80.3217 	 0.74705 	 0.965273 	 360.735 	 1595.15 	 448.1 	 0.280914 	 1094.42 	 1481.76 	 9548 	 0.944131 	 413.019 	 1127.41 	 1327.23 	 1223.25 	 0.819444 	 1289.66 	 1348.94 	 313.115 	 0.235916 	 303 	 1359 	 324.683 	 101.778 	 5 	 1504.07 	 0.200409 	 52.5337 	 13.5334 	 29.8985 	 13.0608 	 68 	 47 	 60.6 	 8.70632 	 582.435 	 323.924 	 164.711 	 0.256093 	 643.169 	 938 	 2670 	 1015.06 	 727.918 	 7 	 2684.25 	 0.357662 	 67.0213 	 9.80763 	 36.637 	 17.7217 	 534 	 30 	 134 	 180.75 	  Tumour 
45 	 1120.64 	 490.445 	 1079.39 	 NaN 	 7847 	 124.061 	 81.8378 	 0.751564 	 0.953927 	 363.647 	 1106.8 	 270.407 	 0.244314 	 647.372 	 993.408 	 9637 	 0.900065 	 438.902 	 1086.27 	 1629.43 	 1525.45 	 0.434426 	 1399.64 	 1684.76 	 507.911 	 0.311712 	 308 	 1925 	 300.679 	 77.7738 	 4 	 1583.53 	 0.2018 	 51.1605 	 13.8981 	 39.1831 	 13.0412 	 119 	 58 	 77 	 28.2253 	 434.191 	 165.602 	 138.693 	 0.280231 	 494.924 	 925 	 3332 	 842.396 	 555.25 	 10 	 1326.31 	 0.169022 	 91.8916 	 9.58525 	 42.0983 	 22.0693 	 226 	 31 	 92.5 	 64.433 	  Tumour 
46 	 1201.53 	 813.164 	 1254.08 	 NaN 	 6656 	 150.189 	 58.0927 	 0.922165 	 0.964638 	 403.144 	 741.313 	 127.813 	 0.172414 	 348.564 	 627.924 	 16387 	 0.749531 	 762.347 	 948.712 	 1438.29 	 1334.31 	 0.293269 	 1428.78 	 1423.54 	 514.523 	 0.357734 	 116 	 831 	 227.948 	 5.04351 	 2 	 1259.29 	 0.189196 	 82.7272 	 82.7272 	 82.7272 	 0 	 70 	 46 	 58 	 16.9706 	 236.1 	 46.0033 	 45.8238 	 0.154376 	 296.833 	 810 	 3645 	 566.802 	 279.657 	 10 	 1070.82 	 0.16088 	 98.5381 	 9.5766 	 46.6771 	 27.4325 	 141 	 38 	 81 	 37.8212 	  Tumour 
47 	 1200.81 	 617.259 	 1185.99 	 NaN 	 7775 	 119.195 	 84.3105 	 0.706882 	 0.973213 	 353.99 	 1270.95 	 336.921 	 0.265093 	 833.403 	 1157.56 	 10952 	 0.957259 	 444.96 	 959.2 	 1433.24 	 1329.26 	 0.484293 	 1267.33 	 1471.31 	 330.033 	 0.230271 	 181 	 994 	 296.823 	 73.9184 	 3 	 950.098 	 0.122199 	 50.672 	 22.0261 	 37.7344 	 12.9894 	 63 	 57 	 60.3333 	 3.05505 	 272.331 	 48.1922 	 58.2069 	 0.174762 	 333.064 	 824 	 1714 	 842.568 	 555.422 	 7 	 1037.38 	 0.133426 	 53.93 	 10.1398 	 24.8248 	 11.4233 	 241 	 45 	 117.714 	 75.7226 	  Tumour 
48 	 1205.57 	 449.925 	 1157.16 	 NaN 	 6052 	 93.4665 	 82.6666 	 0.466632 	 0.976917 	 305.321 	 671.623 	 155.248 	 0.231153 	 288.042 	 558.234 	 9899 	 0.849918 	 454.215 	 1244.88 	 1436.72 	 1332.74 	 0.28836 	 1232.6 	 1457.16 	 838.77 	 0.583809 	 120 	 228 	 303.658 	 80.7536 	 2 	 662.751 	 0.109509 	 17.1916 	 17.1916 	 17.1916 	 0 	 65 	 55 	 60 	 7.07107 	 263.714 	 82.9414 	 49.275 	 0.151874 	 324.448 	 791 	 2060 	 779.643 	 492.498 	 3 	 988.816 	 0.163387 	 54.0292 	 8.12467 	 34.9231 	 15.7318 	 646 	 42 	 197.75 	 298.914 	  Tumour 
49 	 1247.26 	 716.721 	 1260.06 	 NaN 	 6272 	 117.499 	 68.5126 	 0.812405 	 0.969697 	 327.463 	 1121.43 	 299.118 	 0.26673 	 663.491 	 1008.04 	 14665 	 0.880411 	 642.767 	 1149.39 	 1603.04 	 1499.06 	 0.294559 	 1127.78 	 1654.7 	 765.032 	 0.477237 	 238 	 1948 	 273.16 	 50.2549 	 4 	 1355.74 	 0.216157 	 108.228 	 14.0478 	 63.6025 	 33.0234 	 73 	 47 	 59.5 	 12.4766 	 201.005 	 49.853 	 54.2943 	 0.207438 	 261.738 	 575 	 2722 	 671.967 	 384.821 	 6 	 1490.85 	 0.237699 	 72.2886 	 14.566 	 39.4504 	 15.9513 	 190 	 18 	 82.1429 	 57.5657 	  Tumour 
50 	 1310.04 	 971.604 	 1421.49 	 NaN 	 10967 	 146.46 	 95.9558 	 0.755486 	 0.973806 	 430.558 	 1315.88 	 476.814 	 0.362352 	 893.83 	 1202.5 	 13358 	 0.936549 	 499.789 	 1101.95 	 1237.94 	 1133.96 	 0 	 0 	 0 	 384.232 	 0.310379 	 336 	 2100 	 313.295 	 90.3899 	 5 	 1146.94 	 0.104581 	 75.4435 	 12.111 	 42.3837 	 18.659 	 77 	 59 	 67.2 	 8.37854 	 490.045 	 294.531 	 189.55 	 0.344149 	 550.779 	 1024 	 5200 	 843.12 	 555.974 	 15 	 2554.03 	 0.232883 	 94.259 	 8.57171 	 46.1568 	 22.1147 	 184 	 23 	 68.2667 	 51.7666 	  Tumour 
