rownames 	XLoc 	YLoc 	NNDistSame 	NNDistOpp 	dapi_Area 	dapi_MajorAxisLength 	dapi_MinorAxisLength 	dapi_Eccentricity 	dapi_Solidity 	dapi_Perimeter 	dapi_MeanIntensity 	dapi_PixelSD 	dapi_PixelCV 	dapi_NucAdjustedInt 	dapi_BackAdjustedInt 	memb_Area 	memb_Solidity 	memb_Perimeter 	memb_MeanIntensity 	memb_MembraneIntensity 	memb_temp 	memb_pcTouch 	memb_OverLapIntensity 	memb_nonLapIntensity 	memb_PixelSD 	memb_PixelCV 	cent_Area 	cent_ConvexArea 	cent_MeanIntensity 	cent_BackAdjustedInt 	cent_CN 	cent_AreaSD 	cent_CoeffVar 	cent_MaxSpotDist 	cent_MinSpotDist 	cent_MeanSpotDist 	cent_SDSpotDist 	cent_SpotAreaMax 	cent_SpotAreaMin 	cent_SpotAreaMean 	cent_SpotAreaSD 	nucl_BackgroundAdjust 	nucl_NuclearAdjustedInt 	nucl_PixelSD 	nucl_PixelCV 	nucl_MeanIntensity 	Her2_Area 	Her2_ConvexArea 	Her2_MeanIntensity 	Her2_BackAdjustedInt 	Her2_CN 	Her2_AreaSD 	Her2_CoeffVar 	Her2_MaxSpotDist 	Her2_MinSpotDist 	Her2_MeanSpotDist 	Her2_SDSpotDist 	Her2_SpotAreaMax 	Her2_SpotAreaMin 	Her2_SpotAreaMean 	Her2_SpotAreaSD 	CellLabels 	
1 	 82.5441 	 124.159 	 81.8413 	 1051.11 	 3209 	 94.1685 	 43.6902 	 0.885857 	 0.959056 	 255.522 	 1558.06 	 480.321 	 0.308282 	 509.326 	 1310.8 	 9273 	 0.842847 	 513.245 	 627.141 	 741.43 	 579.201 	 0.190045 	 686.524 	 746.299 	 147.551 	 0.199009 	 0 	 0 	 NaN 	 NaN 	 0 	 0 	 0 	 NaN 	 NaN 	 NaN 	 NaN 	 0 	 0 	 NaN 	 NaN 	 30.9204 	 -17.3467 	 9.8481 	 0.10796 	 91.2197 	 0 	 0 	 NaN 	 NaN 	 0 	 0 	 0 	 NaN 	 NaN 	 NaN 	 NaN 	 0 	 0 	 NaN 	 NaN 	  DCIS 
2 	 129.998 	 190.586 	 81.8413 	 982.56 	 2458 	 81.5023 	 38.56 	 0.881001 	 0.962789 	 211.865 	 1296.67 	 340.652 	 0.262713 	 196.428 	 1049.41 	 5712 	 0.910279 	 333.563 	 599.486 	 628.347 	 466.118 	 0.291667 	 677.155 	 617.683 	 173.767 	 0.276547 	 108 	 118 	 292.611 	 167.166 	 1 	 0 	 0 	 NaN 	 NaN 	 NaN 	 NaN 	 108 	 108 	 108 	 0 	 70.2784 	 5.34704 	 12.2249 	 0.0936213 	 130.578 	 0 	 0 	 NaN 	 NaN 	 0 	 0 	 0 	 NaN 	 NaN 	 NaN 	 NaN 	 0 	 0 	 NaN 	 NaN 	  DCIS 
3 	 291.056 	 911.679 	 814.99 	 652.665 	 2737 	 71.1588 	 49.5912 	 0.717159 	 0.966796 	 211.966 	 1410.79 	 368.186 	 0.260979 	 554.68 	 1163.53 	 3562 	 0.976158 	 226.51 	 280.974 	 298.425 	 136.196 	 0 	 0 	 0 	 91.94 	 0.308084 	 45 	 45 	 105.022 	 -20.4232 	 1 	 0 	 0 	 NaN 	 NaN 	 NaN 	 NaN 	 45 	 45 	 45 	 0 	 28.4435 	 -4.76027 	 7.41504 	 0.0835565 	 88.7428 	 130 	 248 	 120.846 	 10.4315 	 2 	 666.372 	 0.243468 	 20.1985 	 20.1985 	 20.1985 	 0 	 70 	 60 	 65 	 7.07107 	  DCIS 
4 	 346.224 	 719.961 	 651.448 	 595.245 	 3190 	 71.4034 	 57.6341 	 0.590331 	 0.973451 	 217.137 	 1506.92 	 460.236 	 0.305415 	 404.26 	 1259.66 	 4685 	 0.947039 	 276.25 	 351.821 	 350.829 	 188.6 	 0.0940171 	 485.636 	 345.354 	 108.41 	 0.30901 	 45 	 45 	 153.689 	 28.2435 	 1 	 0 	 0 	 NaN 	 NaN 	 NaN 	 NaN 	 45 	 45 	 45 	 0 	 37.7769 	 -18.1315 	 11.16 	 0.113789 	 98.0762 	 71 	 74 	 149.648 	 39.2333 	 1 	 0 	 0 	 NaN 	 NaN 	 NaN 	 NaN 	 71 	 71 	 71 	 0 	  DCIS 
5 	 398.31 	 323.987 	 373.129 	 685.6 	 3487 	 78.262 	 57.8678 	 0.673253 	 0.959021 	 253.924 	 1613.59 	 467.06 	 0.289455 	 565.48 	 1366.32 	 4420 	 0.955263 	 259.723 	 355.211 	 373.251 	 211.022 	 0.242291 	 354.018 	 375.634 	 58.8631 	 0.157704 	 0 	 0 	 NaN 	 NaN 	 0 	 0 	 0 	 NaN 	 NaN 	 NaN 	 NaN 	 0 	 0 	 NaN 	 NaN 	 35.8151 	 -0.783424 	 11.7232 	 0.121971 	 96.1144 	 97 	 319 	 133.186 	 22.7709 	 2 	 156.501 	 0.0448814 	 29.5286 	 29.5286 	 29.5286 	 0 	 50 	 47 	 48.5 	 2.12132 	  DCIS 
6 	 433.323 	 734.919 	 704.146 	 506.996 	 4946 	 86.8048 	 73.2054 	 0.53739 	 0.973047 	 276.593 	 1143.23 	 292.413 	 0.255777 	 393.172 	 895.973 	 7420 	 0.856615 	 409.647 	 445.327 	 562.466 	 400.237 	 0.214286 	 913.947 	 520.782 	 378.836 	 0.673528 	 0 	 0 	 NaN 	 NaN 	 0 	 0 	 0 	 NaN 	 NaN 	 NaN 	 NaN 	 0 	 0 	 NaN 	 NaN 	 39.6327 	 -6.13285 	 8.88979 	 0.0889583 	 99.9321 	 82 	 413 	 118.012 	 7.59756 	 2 	 271.901 	 0.0549739 	 50.9094 	 50.9094 	 50.9094 	 0 	 41 	 41 	 41 	 0 	  DCIS 
7 	 419.793 	 394.431 	 431.821 	 645.805 	 2740 	 72.8965 	 48.157 	 0.750719 	 0.983136 	 200.61 	 1997.6 	 274.765 	 0.137547 	 525.11 	 1750.34 	 3323 	 0.952149 	 230.267 	 367.974 	 367.115 	 204.886 	 0.258373 	 372.537 	 367.948 	 49.9167 	 0.13597 	 75 	 287 	 146.307 	 20.8613 	 2 	 461.91 	 0.16858 	 36.886 	 36.886 	 36.886 	 0 	 45 	 30 	 37.5 	 10.6066 	 56.3817 	 -7.90014 	 9.87681 	 0.084648 	 116.681 	 29 	 29 	 129.034 	 18.6198 	 1 	 0 	 0 	 NaN 	 NaN 	 NaN 	 NaN 	 29 	 29 	 29 	 0 	  DCIS 
8 	 417.274 	 627.11 	 603.792 	 548.056 	 2300 	 81.4801 	 36.4164 	 0.894566 	 0.966387 	 202.811 	 2231.62 	 299.018 	 0.133992 	 578.377 	 1984.35 	 4956 	 0.833361 	 336.593 	 575.419 	 610.818 	 448.589 	 0.179054 	 1113.21 	 563.978 	 360.379 	 0.589995 	 0 	 0 	 NaN 	 NaN 	 0 	 0 	 0 	 NaN 	 NaN 	 NaN 	 NaN 	 0 	 0 	 NaN 	 NaN 	 67.4742 	 -10.2458 	 20.3096 	 0.15895 	 127.773 	 0 	 0 	 NaN 	 NaN 	 0 	 0 	 0 	 NaN 	 NaN 	 NaN 	 NaN 	 0 	 0 	 NaN 	 NaN 	  DCIS 
9 	 435.787 	 833.109 	 792.016 	 499.73 	 4528 	 79.2916 	 73.4754 	 0.37593 	 0.986922 	 253.782 	 829.62 	 246.468 	 0.297086 	 452.687 	 582.358 	 5500 	 0.987255 	 279.196 	 382.168 	 396.309 	 234.08 	 0 	 0 	 0 	 53.4016 	 0.134747 	 45 	 45 	 161.667 	 36.2213 	 1 	 0 	 0 	 NaN 	 NaN 	 NaN 	 NaN 	 45 	 45 	 45 	 0 	 82.9156 	 21.1116 	 26.7001 	 0.186434 	 143.215 	 180 	 554 	 132.011 	 21.5965 	 4 	 1124.31 	 0.248301 	 29.4109 	 10.4403 	 19.6074 	 6.60995 	 45 	 45 	 45 	 0 	  DCIS 
10 	 458.005 	 335.641 	 430.777 	 624.871 	 2705 	 68.051 	 51.3501 	 0.656204 	 0.985069 	 197.095 	 2168.28 	 262.378 	 0.121007 	 401.901 	 1921.02 	 3602 	 0.976681 	 226.51 	 366.086 	 376.81 	 214.581 	 0.285 	 394.456 	 373.085 	 30.8791 	 0.0819488 	 45 	 45 	 145.578 	 20.1324 	 1 	 0 	 0 	 NaN 	 NaN 	 NaN 	 NaN 	 45 	 45 	 45 	 0 	 58.2083 	 -3.61564 	 10.0635 	 0.0849188 	 118.508 	 44 	 45 	 139.523 	 29.1081 	 1 	 0 	 0 	 NaN 	 NaN 	 NaN 	 NaN 	 44 	 44 	 44 	 0 	  DCIS 
11 	 483.575 	 138.297 	 401.244 	 691.925 	 2025 	 68.5199 	 37.8628 	 0.833459 	 0.978734 	 178.125 	 1356.48 	 237.004 	 0.17472 	 165.326 	 1109.22 	 2791 	 0.980675 	 204.368 	 387.946 	 399.758 	 237.529 	 0 	 0 	 0 	 32.9165 	 0.0823411 	 0 	 0 	 NaN 	 NaN 	 0 	 0 	 0 	 NaN 	 NaN 	 NaN 	 NaN 	 0 	 0 	 NaN 	 NaN 	 41.9491 	 -4.07105 	 10.256 	 0.100305 	 102.248 	 0 	 0 	 NaN 	 NaN 	 0 	 0 	 0 	 NaN 	 NaN 	 NaN 	 NaN 	 0 	 0 	 NaN 	 NaN 	  DCIS 
12 	 498.605 	 36.3289 	 425.206 	 744.044 	 2864 	 75.7626 	 48.3607 	 0.769772 	 0.983179 	 211.539 	 1957.24 	 219.585 	 0.112191 	 465.327 	 1709.98 	 7504 	 0.906828 	 399.22 	 510.161 	 496.366 	 334.138 	 0 	 0 	 0 	 46.5911 	 0.0938643 	 0 	 0 	 NaN 	 NaN 	 0 	 0 	 0 	 NaN 	 NaN 	 NaN 	 NaN 	 0 	 0 	 NaN 	 NaN 	 53.9699 	 -1.9574 	 7.96796 	 0.0697298 	 114.269 	 0 	 0 	 NaN 	 NaN 	 0 	 0 	 0 	 NaN 	 NaN 	 NaN 	 NaN 	 0 	 0 	 NaN 	 NaN 	  DCIS 
13 	 532.14 	 800.056 	 811.528 	 403.045 	 2784 	 65.4509 	 55.1639 	 0.538181 	 0.916392 	 223.439 	 1526.9 	 286.495 	 0.187632 	 692.334 	 1279.64 	 3432 	 0.923822 	 235.539 	 266.229 	 278.551 	 116.323 	 0.233645 	 288.12 	 277.601 	 29.777 	 0.1069 	 45 	 45 	 113.222 	 -12.2232 	 1 	 0 	 0 	 NaN 	 NaN 	 NaN 	 NaN 	 45 	 45 	 45 	 0 	 46.0495 	 9.08684 	 8.76553 	 0.0824225 	 106.349 	 0 	 0 	 NaN 	 NaN 	 0 	 0 	 0 	 NaN 	 NaN 	 NaN 	 NaN 	 0 	 0 	 NaN 	 NaN 	  DCIS 
14 	 529.116 	 640.818 	 682.792 	 438.248 	 3540 	 111.818 	 41.1468 	 0.929834 	 0.95909 	 260.368 	 1538.28 	 370.393 	 0.240784 	 524.517 	 1291.02 	 4725 	 0.9375 	 297.681 	 384.491 	 373.533 	 211.304 	 0 	 0 	 0 	 75.8029 	 0.202935 	 65 	 401 	 231.538 	 106.093 	 2 	 335.969 	 0.0949066 	 46.9568 	 46.9568 	 46.9568 	 0 	 34 	 31 	 32.5 	 2.12132 	 51.2238 	 -0.850293 	 14.3749 	 0.128896 	 111.523 	 66 	 331 	 158.242 	 47.8278 	 2 	 704.358 	 0.198971 	 42.6253 	 42.6253 	 42.6253 	 0 	 41 	 25 	 33 	 11.3137 	  DCIS 
15 	 539.118 	 859.905 	 865.813 	 399.665 	 3027 	 72.8734 	 53.5955 	 0.677568 	 0.989539 	 207.054 	 1560.72 	 375.202 	 0.240403 	 852.174 	 1313.46 	 3703 	 0.989049 	 230.711 	 298.14 	 303.319 	 141.09 	 0.238095 	 284.96 	 307.543 	 38.026 	 0.125366 	 0 	 0 	 NaN 	 NaN 	 0 	 0 	 0 	 NaN 	 NaN 	 NaN 	 NaN 	 0 	 0 	 NaN 	 NaN 	 47.632 	 13.6256 	 9.45256 	 0.0875794 	 107.931 	 10 	 10 	 125.8 	 15.3854 	 1 	 0 	 0 	 NaN 	 NaN 	 NaN 	 NaN 	 10 	 10 	 10 	 0 	  DCIS 
16 	 541.747 	 456.351 	 566.485 	 514.261 	 2647 	 72.661 	 47.146 	 0.760917 	 0.967471 	 203.924 	 1748.17 	 353.321 	 0.202109 	 514.719 	 1500.91 	 3184 	 0.949881 	 226.752 	 331.876 	 333.739 	 171.51 	 0.39196 	 357.179 	 325.63 	 42.0369 	 0.125958 	 35 	 36 	 154.343 	 28.8975 	 1 	 0 	 0 	 NaN 	 NaN 	 NaN 	 NaN 	 35 	 35 	 35 	 0 	 56.587 	 16.394 	 11.6012 	 0.0992519 	 116.886 	 53 	 53 	 138.849 	 28.4344 	 1 	 0 	 0 	 NaN 	 NaN 	 NaN 	 NaN 	 53 	 53 	 53 	 0 	  DCIS 
17 	 570.009 	 501.976 	 616.484 	 475.017 	 2932 	 74.3284 	 51.5433 	 0.720502 	 0.945197 	 212.167 	 1784.3 	 464.26 	 0.260192 	 360.524 	 1537.04 	 3465 	 0.933711 	 236.167 	 316.849 	 321.712 	 159.483 	 0.302885 	 333.778 	 319.309 	 35.3711 	 0.109947 	 45 	 45 	 139.867 	 14.4213 	 1 	 0 	 0 	 NaN 	 NaN 	 NaN 	 NaN 	 45 	 45 	 45 	 0 	 57.3187 	 5.67054 	 11.5466 	 0.09817 	 117.618 	 53 	 55 	 147.189 	 36.774 	 1 	 0 	 0 	 NaN 	 NaN 	 NaN 	 NaN 	 53 	 53 	 53 	 0 	  DCIS 
18 	 579.505 	 160.474 	 498.302 	 601.894 	 3235 	 74.7756 	 55.4108 	 0.671474 	 0.969143 	 220.167 	 1912.56 	 243.988 	 0.127572 	 359.903 	 1665.3 	 3882 	 0.96232 	 248.652 	 350.221 	 348.339 	 186.111 	 0.220183 	 310.25 	 353.334 	 62.6707 	 0.179913 	 45 	 45 	 129.378 	 3.9324 	 1 	 0 	 0 	 NaN 	 NaN 	 NaN 	 NaN 	 45 	 45 	 45 	 0 	 70.8209 	 -3.10068 	 17.2532 	 0.131583 	 131.12 	 90 	 131 	 136.7 	 26.2854 	 2 	 565.182 	 0.174708 	 10.6684 	 10.6684 	 10.6684 	 0 	 45 	 45 	 45 	 0 	  DCIS 
19 	 580.371 	 225.731 	 507.359 	 563.028 	 3642 	 74.7085 	 62.6743 	 0.544258 	 0.976408 	 230.652 	 1680.67 	 204.226 	 0.121515 	 151.569 	 1433.4 	 4653 	 0.96736 	 263.966 	 290.579 	 294.304 	 132.076 	 0.208696 	 315.792 	 291.852 	 48.9523 	 0.166332 	 45 	 45 	 118.8 	 -6.64538 	 1 	 0 	 0 	 NaN 	 NaN 	 NaN 	 NaN 	 45 	 45 	 45 	 0 	 51.9473 	 -0.117989 	 10.4 	 0.0926529 	 112.247 	 50 	 51 	 120.58 	 10.1654 	 1 	 0 	 0 	 NaN 	 NaN 	 NaN 	 NaN 	 50 	 50 	 50 	 0 	  DCIS 
20 	 595.408 	 431.189 	 596.987 	 466.958 	 3536 	 68.9169 	 65.8629 	 0.294389 	 0.983588 	 228.995 	 1843.99 	 251.91 	 0.136611 	 379.341 	 1596.73 	 4465 	 0.969177 	 251.966 	 288.535 	 292.422 	 130.193 	 0.270642 	 355.153 	 283.833 	 53.4433 	 0.182761 	 45 	 45 	 133.089 	 7.64351 	 1 	 0 	 0 	 NaN 	 NaN 	 NaN 	 NaN 	 45 	 45 	 45 	 0 	 59.9716 	 3.92776 	 9.59774 	 0.079801 	 120.271 	 187 	 496 	 128.765 	 18.3501 	 3 	 874.197 	 0.247228 	 25.2989 	 13.0096 	 20.3799 	 5.8147 	 80 	 45 	 62.3333 	 17.5024 	  DCIS 
21 	 602.767 	 44.566 	 525.967 	 663.995 	 2843 	 68.963 	 52.6824 	 0.645307 	 0.98136 	 202.267 	 2472.13 	 262.691 	 0.106261 	 498.771 	 2224.87 	 3969 	 0.925391 	 263.421 	 475.748 	 461.626 	 299.397 	 0.18018 	 448.575 	 462.052 	 39.0006 	 0.0844853 	 0 	 0 	 NaN 	 NaN 	 0 	 0 	 0 	 NaN 	 NaN 	 NaN 	 NaN 	 0 	 0 	 NaN 	 NaN 	 80.4685 	 3.37621 	 8.60684 	 0.0611421 	 140.768 	 90 	 163 	 150.7 	 40.2854 	 2 	 105.87 	 0.0372389 	 14.8661 	 14.8661 	 14.8661 	 0 	 45 	 45 	 45 	 0 	  DCIS 
22 	 599.038 	 717.552 	 786.824 	 347.333 	 3429 	 86.3522 	 51.8298 	 0.799839 	 0.979434 	 244.669 	 1664.14 	 300.943 	 0.18084 	 527.542 	 1416.88 	 5306 	 0.836777 	 351.622 	 373.495 	 429.165 	 266.936 	 0 	 0 	 0 	 184.401 	 0.429674 	 45 	 45 	 132.067 	 6.62129 	 1 	 0 	 0 	 NaN 	 NaN 	 NaN 	 NaN 	 45 	 45 	 45 	 0 	 48.2813 	 4.23439 	 7.44264 	 0.0685448 	 108.581 	 123 	 632 	 118.252 	 7.8374 	 3 	 1173.69 	 0.342283 	 43.0295 	 9.95573 	 31.8519 	 16.962 	 52 	 29 	 41 	 11.5326 	  DCIS 
23 	 627.007 	 819.16 	 882.588 	 308.274 	 4628 	 92.7225 	 64.4951 	 0.718457 	 0.98134 	 264.108 	 1516.3 	 243.54 	 0.160614 	 454.808 	 1269.04 	 5582 	 0.974511 	 290.108 	 341.374 	 292.258 	 130.029 	 0 	 0 	 0 	 35.5886 	 0.121771 	 124 	 351 	 157.815 	 32.3691 	 2 	 176.168 	 0.0380658 	 31.009 	 31.009 	 31.009 	 0 	 79 	 45 	 62 	 24.0416 	 67.046 	 16.3767 	 9.85729 	 0.077406 	 127.345 	 213 	 1898 	 128.934 	 18.5196 	 5 	 857.376 	 0.185258 	 55.0117 	 13.4943 	 38.4276 	 13.0266 	 58 	 26 	 42.6 	 12.2393 	  DCIS 
24 	 641.349 	 85.7124 	 559.292 	 608.096 	 2813 	 62.7831 	 57.8504 	 0.388536 	 0.979116 	 202.167 	 2058.45 	 354.034 	 0.171991 	 109.424 	 1811.19 	 3687 	 0.951484 	 234.309 	 346.191 	 376.317 	 214.088 	 0.20297 	 447.415 	 367.986 	 51.0787 	 0.135733 	 45 	 45 	 161.622 	 36.1768 	 1 	 0 	 0 	 NaN 	 NaN 	 NaN 	 NaN 	 45 	 45 	 45 	 0 	 68.4629 	 -9.00408 	 11.8886 	 0.0923303 	 128.762 	 0 	 0 	 NaN 	 NaN 	 0 	 0 	 0 	 NaN 	 NaN 	 NaN 	 NaN 	 0 	 0 	 NaN 	 NaN 	  DCIS 
25 	 676.082 	 534.19 	 720.936 	 374.005 	 2933 	 71.0447 	 53.8364 	 0.652508 	 0.93052 	 239.279 	 1753.31 	 246.536 	 0.140611 	 568.029 	 1506.05 	 3448 	 0.917021 	 249.664 	 322.392 	 336.063 	 173.834 	 0.507246 	 366.514 	 329.227 	 54.3994 	 0.161873 	 45 	 45 	 140.756 	 15.3102 	 1 	 0 	 0 	 NaN 	 NaN 	 NaN 	 NaN 	 45 	 45 	 45 	 0 	 56.3601 	 3.69396 	 11.6301 	 0.0996924 	 116.659 	 63 	 64 	 139.889 	 29.4743 	 1 	 0 	 0 	 NaN 	 NaN 	 NaN 	 NaN 	 63 	 63 	 63 	 0 	  DCIS 
26 	 697.924 	 266.426 	 631.181 	 443.626 	 2735 	 82.7687 	 43.3467 	 0.851898 	 0.969171 	 214.368 	 1757.94 	 333.244 	 0.189565 	 589.489 	 1510.68 	 3574 	 0.977571 	 236.853 	 310.133 	 294.443 	 132.215 	 0 	 0 	 0 	 59.9826 	 0.203715 	 48 	 52 	 126.333 	 0.887955 	 1 	 0 	 0 	 NaN 	 NaN 	 NaN 	 NaN 	 48 	 48 	 48 	 0 	 56.8989 	 5.57827 	 12.5847 	 0.10738 	 117.198 	 96 	 145 	 127.26 	 16.8458 	 2 	 849.82 	 0.31072 	 11.957 	 11.957 	 11.957 	 0 	 55 	 41 	 48 	 9.89949 	  DCIS 
27 	 700.551 	 592.348 	 775.208 	 317.099 	 4361 	 80.6716 	 70.4413 	 0.487387 	 0.934634 	 275.823 	 2211.31 	 318.996 	 0.144257 	 718.509 	 1964.04 	 5297 	 0.955103 	 284.652 	 351.146 	 349.154 	 186.925 	 0.204724 	 336.904 	 350.491 	 54.5169 	 0.15614 	 45 	 45 	 151.156 	 25.7102 	 1 	 0 	 0 	 NaN 	 NaN 	 NaN 	 NaN 	 45 	 45 	 45 	 0 	 68.2824 	 8.75523 	 10.5882 	 0.0823462 	 128.582 	 35 	 39 	 155.971 	 45.5568 	 1 	 0 	 0 	 NaN 	 NaN 	 NaN 	 NaN 	 35 	 35 	 35 	 0 	  DCIS 
28 	 698.462 	 734.362 	 866.213 	 247.695 	 4092 	 81.0943 	 65.3927 	 0.591401 	 0.962144 	 247.037 	 1378.44 	 274.725 	 0.199301 	 477.118 	 1131.18 	 4948 	 0.916466 	 284.693 	 246.257 	 239.235 	 77.006 	 0.226721 	 269.732 	 235.442 	 51.4817 	 0.215193 	 105 	 1223 	 113.162 	 -12.2835 	 3 	 285.199 	 0.0696967 	 59.7694 	 29.3549 	 45.2716 	 13.6461 	 45 	 15 	 35 	 17.3205 	 44.5201 	 6.73553 	 12.2974 	 0.11732 	 104.819 	 139 	 1184 	 115.173 	 4.75803 	 4 	 1056.07 	 0.258083 	 48.6154 	 10.8808 	 32.3012 	 12.0098 	 47 	 18 	 34.75 	 13.7689 	  DCIS 
29 	 707.398 	 864.659 	 968.74 	 235.51 	 3847 	 83.9463 	 58.575 	 0.716325 	 0.981628 	 236.409 	 1699.58 	 433.607 	 0.255125 	 407.131 	 1452.32 	 4793 	 0.977565 	 264.652 	 275.694 	 281.564 	 119.335 	 0.0598291 	 292.571 	 281.273 	 43.8191 	 0.155627 	 45 	 45 	 135.333 	 9.88796 	 1 	 0 	 0 	 NaN 	 NaN 	 NaN 	 NaN 	 45 	 45 	 45 	 0 	 50.0477 	 1.09061 	 9.72363 	 0.0881187 	 110.347 	 51 	 51 	 131.882 	 21.4677 	 1 	 0 	 0 	 NaN 	 NaN 	 NaN 	 NaN 	 51 	 51 	 51 	 0 	  DCIS 
30 	 719.828 	 498.116 	 738.678 	 332.181 	 3868 	 89.3859 	 55.5591 	 0.783363 	 0.969424 	 249.037 	 1515.49 	 222.771 	 0.146996 	 249.735 	 1268.23 	 4733 	 0.974069 	 269.622 	 347.321 	 364.128 	 201.899 	 0.222222 	 388.462 	 358.644 	 54.7735 	 0.150424 	 45 	 45 	 128 	 2.55462 	 1 	 0 	 0 	 NaN 	 NaN 	 NaN 	 NaN 	 45 	 45 	 45 	 0 	 52.991 	 -1.32959 	 9.72472 	 0.0858389 	 113.29 	 77 	 247 	 129.481 	 19.0659 	 2 	 661.682 	 0.171066 	 25.3743 	 25.3743 	 25.3743 	 0 	 54 	 23 	 38.5 	 21.9203 	  DCIS 
31 	 744.256 	 776.586 	 929.156 	 193.189 	 3542 	 77.6164 	 58.9454 	 0.650571 	 0.957815 	 245.723 	 1737.42 	 225.263 	 0.129654 	 645.359 	 1490.15 	 4379 	 0.960728 	 260.208 	 273.875 	 288.951 	 126.722 	 0.431111 	 287.227 	 286.274 	 50.1774 	 0.173654 	 74 	 149 	 124.973 	 -0.472405 	 2 	 575.743 	 0.162547 	 15.1145 	 15.1145 	 15.1145 	 0 	 45 	 29 	 37 	 11.3137 	 51.4782 	 2.01291 	 11.281 	 0.100923 	 111.778 	 89 	 115 	 133.91 	 23.4955 	 0 	 0 	 0 	 NaN 	 NaN 	 NaN 	 NaN 	 0 	 0 	 89 	 0 	  DCIS 
32 	 748.76 	 65.1011 	 668.608 	 548.019 	 3552 	 70.5971 	 64.6819 	 0.400696 	 0.985572 	 226.995 	 1639.36 	 286.955 	 0.175041 	 253.016 	 1392.1 	 4509 	 0.989033 	 249.338 	 288.498 	 293.806 	 131.578 	 0 	 0 	 0 	 78.9148 	 0.268595 	 90 	 284 	 132.211 	 6.76573 	 2 	 122.332 	 0.0344402 	 33.0606 	 33.0606 	 33.0606 	 0 	 45 	 45 	 45 	 0 	 45.6157 	 2.53547 	 12.2198 	 0.115373 	 105.915 	 38 	 40 	 125.947 	 15.5327 	 1 	 0 	 0 	 NaN 	 NaN 	 NaN 	 NaN 	 38 	 38 	 38 	 0 	  DCIS 
33 	 754.469 	 395.661 	 724.034 	 327.439 	 2292 	 62.9831 	 46.6692 	 0.671528 	 0.97615 	 184.51 	 2118.52 	 202.161 	 0.0954256 	 299.391 	 1871.26 	 3092 	 0.980653 	 208.853 	 318.077 	 332.038 	 169.809 	 0 	 0 	 0 	 31.9111 	 0.0961069 	 85 	 258 	 146.071 	 20.6252 	 2 	 171.487 	 0.0748198 	 27.281 	 27.281 	 27.281 	 0 	 45 	 40 	 42.5 	 3.53553 	 68.7304 	 -4.74221 	 10.5693 	 0.0819134 	 129.03 	 0 	 0 	 NaN 	 NaN 	 0 	 0 	 0 	 NaN 	 NaN 	 NaN 	 NaN 	 0 	 0 	 NaN 	 NaN 	  DCIS 
34 	 780.465 	 822.14 	 986.414 	 155.824 	 3077 	 95.7087 	 42.6121 	 0.895418 	 0.942131 	 238.208 	 2183.45 	 243.9 	 0.111704 	 442.807 	 1936.19 	 4211 	 0.941426 	 268.108 	 311.988 	 323.6 	 161.371 	 0.23913 	 312.727 	 325.615 	 40.7776 	 0.126012 	 0 	 0 	 NaN 	 NaN 	 0 	 0 	 0 	 NaN 	 NaN 	 NaN 	 NaN 	 0 	 0 	 NaN 	 NaN 	 68.4963 	 -6.01881 	 8.74145 	 0.0678708 	 128.796 	 129 	 237 	 141.364 	 30.9497 	 2 	 928.539 	 0.301768 	 19.1044 	 19.1044 	 19.1044 	 0 	 69 	 60 	 64.5 	 6.36396 	  DCIS 
35 	 793.579 	 303.942 	 733.431 	 345.485 	 3265 	 79.4825 	 53.3061 	 0.74176 	 0.96398 	 225.238 	 1944.22 	 172.591 	 0.0887709 	 217.235 	 1696.96 	 4053 	 0.943875 	 254.309 	 325.454 	 339.351 	 177.123 	 0.162162 	 406.972 	 334.904 	 47.336 	 0.13949 	 90 	 243 	 144.144 	 18.6991 	 2 	 1275.74 	 0.390731 	 24.5967 	 24.5967 	 24.5967 	 0 	 45 	 45 	 45 	 0 	 56.4517 	 -6.3227 	 8.90508 	 0.0762741 	 116.751 	 35 	 36 	 132.914 	 22.4997 	 1 	 0 	 0 	 NaN 	 NaN 	 NaN 	 NaN 	 35 	 35 	 35 	 0 	  DCIS 
36 	 803.183 	 184.784 	 722.579 	 427.926 	 2410 	 59.6205 	 52.4539 	 0.475352 	 0.972951 	 191.397 	 2329.56 	 261.799 	 0.112381 	 555.486 	 2082.29 	 3145 	 0.979446 	 213.054 	 390.516 	 425.938 	 263.709 	 0 	 0 	 0 	 80.8049 	 0.18971 	 45 	 45 	 164.089 	 38.6435 	 1 	 0 	 0 	 NaN 	 NaN 	 NaN 	 NaN 	 45 	 45 	 45 	 0 	 68.8999 	 -5.13416 	 9.56103 	 0.0740022 	 129.199 	 41 	 42 	 137.537 	 27.122 	 1 	 0 	 0 	 NaN 	 NaN 	 NaN 	 NaN 	 41 	 41 	 41 	 0 	  DCIS 
37 	 823.877 	 698.129 	 937.314 	 154.871 	 4101 	 78.304 	 67.0471 	 0.516578 	 0.984634 	 239.681 	 1332.96 	 338.666 	 0.254071 	 594.644 	 1085.7 	 4955 	 0.986659 	 262.167 	 407.531 	 394.85 	 232.622 	 0 	 0 	 0 	 90.6554 	 0.229594 	 0 	 0 	 NaN 	 NaN 	 0 	 0 	 0 	 NaN 	 NaN 	 NaN 	 NaN 	 0 	 0 	 NaN 	 NaN 	 68.6636 	 13.6448 	 11.5313 	 0.0894156 	 128.963 	 0 	 0 	 NaN 	 NaN 	 0 	 0 	 0 	 NaN 	 NaN 	 NaN 	 NaN 	 0 	 0 	 NaN 	 NaN 	  DCIS 
38 	 842.763 	 371.893 	 799.44 	 264.093 	 2725 	 60.159 	 57.8726 	 0.273072 	 0.974955 	 215.238 	 1825.47 	 227.527 	 0.12464 	 380.964 	 1578.21 	 3482 	 0.987521 	 217.439 	 311.425 	 333.254 	 171.025 	 0.119171 	 312.348 	 334.771 	 55.2205 	 0.165701 	 45 	 45 	 134.956 	 9.51018 	 1 	 0 	 0 	 NaN 	 NaN 	 NaN 	 NaN 	 45 	 45 	 45 	 0 	 58.6629 	 -2.28344 	 11.0277 	 0.0926991 	 118.962 	 142 	 643 	 132.113 	 21.698 	 3 	 390.423 	 0.143275 	 34.4118 	 15.1334 	 27.6115 	 9.67851 	 51 	 45 	 47.3333 	 3.21455 	  DCIS 
39 	 858.447 	 313.93 	 797.95 	 293.51 	 3397 	 74.4481 	 58.2731 	 0.622356 	 0.973631 	 221.338 	 1695.77 	 468.523 	 0.276289 	 315.848 	 1448.51 	 4318 	 0.965132 	 250.995 	 307.975 	 326.248 	 164.019 	 0.342342 	 363.526 	 316.533 	 62.5241 	 0.191646 	 0 	 0 	 NaN 	 NaN 	 0 	 0 	 0 	 NaN 	 NaN 	 NaN 	 NaN 	 0 	 0 	 NaN 	 NaN 	 53.4472 	 -0.808561 	 16.4105 	 0.144272 	 113.747 	 100 	 180 	 128.33 	 17.9154 	 2 	 1088.67 	 0.32048 	 13.8259 	 13.8259 	 13.8259 	 0 	 55 	 45 	 50 	 7.07107 	  DCIS 
40 	 865.658 	 128.293 	 783.01 	 422.153 	 3098 	 70.4248 	 56.88 	 0.589635 	 0.963308 	 214.167 	 1648.76 	 356.796 	 0.216403 	 393.303 	 1401.5 	 4058 	 0.977596 	 237.823 	 323.926 	 348.918 	 186.689 	 0 	 0 	 349.632 	 37.9376 	 0.108729 	 90 	 183 	 135.978 	 10.5324 	 2 	 597.74 	 0.192944 	 17.2047 	 17.2047 	 17.2047 	 0 	 45 	 45 	 45 	 0 	 49.9905 	 -14.7911 	 12.6792 	 0.114962 	 110.29 	 52 	 53 	 135.154 	 24.7392 	 1 	 0 	 0 	 NaN 	 NaN 	 NaN 	 NaN 	 52 	 52 	 52 	 0 	  DCIS 
41 	 878.924 	 230.401 	 803.027 	 340.588 	 3002 	 65.2823 	 58.7419 	 0.436273 	 0.981687 	 211.581 	 1394.24 	 205.86 	 0.147651 	 -10.4434 	 1146.97 	 3805 	 0.957233 	 237.681 	 312.82 	 323.604 	 161.375 	 0.117925 	 282.04 	 325.144 	 42.8907 	 0.132541 	 90 	 416 	 130.567 	 5.12129 	 2 	 282.821 	 0.094211 	 46.4004 	 46.4004 	 46.4004 	 0 	 45 	 45 	 45 	 0 	 46.19 	 -8.90768 	 11.0016 	 0.103311 	 106.489 	 66 	 121 	 132.258 	 21.8429 	 2 	 78.6214 	 0.0261897 	 13.7863 	 13.7863 	 13.7863 	 0 	 36 	 30 	 33 	 4.24264 	  DCIS 
42 	 904.13 	 915.574 	 1140.75 	 114.285 	 4094 	 80.7061 	 66.7047 	 0.562916 	 0.952536 	 248.551 	 1217.44 	 247.08 	 0.202951 	 277.709 	 970.175 	 6350 	 0.902117 	 342.392 	 432.56 	 434.037 	 271.808 	 0 	 0 	 0 	 69.2772 	 0.159611 	 90 	 282 	 190.967 	 65.5213 	 2 	 64.1075 	 0.0156589 	 29.2101 	 29.2101 	 29.2101 	 0 	 48 	 42 	 45 	 4.24264 	 138.226 	 13.5574 	 20.2199 	 0.101851 	 198.525 	 38 	 41 	 135.974 	 25.5591 	 1 	 0 	 0 	 NaN 	 NaN 	 NaN 	 NaN 	 38 	 38 	 38 	 0 	  DCIS 
43 	 935.126 	 805.753 	 144.201 	 114.285 	 6283 	 97.9209 	 82.3424 	 0.541179 	 0.982486 	 303.179 	 1376.13 	 289.168 	 0.210132 	 492.95 	 1128.87 	 7806 	 0.954279 	 357.019 	 373.777 	 382.97 	 220.742 	 0 	 0 	 0 	 83.5287 	 0.218108 	 269 	 823 	 139.981 	 14.536 	 5 	 1893.96 	 0.301442 	 31.9531 	 8 	 21.5856 	 7.85794 	 89 	 45 	 53.8 	 19.6774 	 76.3692 	 -13.023 	 21.8692 	 0.160017 	 136.668 	 131 	 1402 	 126.053 	 15.6388 	 3 	 212.822 	 0.0338726 	 64.9591 	 27.8532 	 49.7272 	 17.3736 	 47 	 41 	 43.6667 	 3.05505 	  Tumour 
44 	 936.041 	 188.872 	 855.473 	 330.651 	 3320 	 67.9263 	 63.6274 	 0.350101 	 0.975897 	 219.539 	 1717.92 	 291.755 	 0.16983 	 386.075 	 1470.66 	 4158 	 0.97195 	 248.024 	 354.953 	 342.871 	 180.642 	 0.116071 	 284 	 347.533 	 41.6641 	 0.121516 	 90 	 115 	 145.3 	 19.8546 	 2 	 1320.12 	 0.397625 	 10 	 10 	 10 	 0 	 45 	 45 	 45 	 0 	 67.9404 	 -6.56497 	 15.6289 	 0.121872 	 128.24 	 43 	 43 	 133.023 	 22.6086 	 1 	 0 	 0 	 NaN 	 NaN 	 NaN 	 NaN 	 43 	 43 	 43 	 0 	  DCIS 
45 	 993.943 	 352.2 	 939.098 	 175.011 	 3691 	 78.2179 	 61.1427 	 0.623658 	 0.982694 	 231.723 	 1867.25 	 410.4 	 0.219788 	 369.224 	 1619.99 	 4555 	 0.969768 	 260.794 	 290.973 	 280.442 	 118.214 	 0.168142 	 271.658 	 280.655 	 58.3154 	 0.207941 	 90 	 164 	 128.511 	 3.06573 	 2 	 833.278 	 0.225759 	 17 	 17 	 17 	 0 	 45 	 45 	 45 	 0 	 62.6641 	 0.821821 	 13.7265 	 0.111631 	 122.963 	 92 	 162 	 130.337 	 19.9223 	 2 	 1112.89 	 0.301513 	 14.5724 	 14.5724 	 14.5724 	 0 	 47 	 45 	 46 	 1.41421 	  DCIS 
46 	 1010.59 	 227.225 	 933.699 	 257.124 	 2868 	 70.9037 	 52.3531 	 0.674397 	 0.978506 	 214.125 	 2255.59 	 241.55 	 0.10709 	 486.884 	 2008.33 	 3609 	 0.983111 	 228.368 	 329.426 	 334.282 	 172.053 	 0 	 0 	 0 	 55.724 	 0.166698 	 80 	 138 	 145.912 	 20.4671 	 2 	 979.463 	 0.341514 	 12.0754 	 12.0754 	 12.0754 	 0 	 45 	 35 	 40 	 7.07107 	 75.5595 	 -7.19843 	 13.9197 	 0.102457 	 135.859 	 47 	 47 	 146.404 	 35.9896 	 1 	 0 	 0 	 NaN 	 NaN 	 NaN 	 NaN 	 47 	 47 	 47 	 0 	  DCIS 
47 	 1049.8 	 536.498 	 73.8241 	 124.579 	 7217 	 118.939 	 82.1553 	 0.723108 	 0.884979 	 365.747 	 1629.26 	 401.377 	 0.246355 	 938.012 	 1382 	 8039 	 0.844255 	 417.831 	 611.292 	 525.622 	 363.394 	 0.570605 	 485.101 	 544.421 	 210.918 	 0.401272 	 0 	 0 	 NaN 	 NaN 	 0 	 0 	 0 	 NaN 	 NaN 	 NaN 	 NaN 	 0 	 0 	 NaN 	 NaN 	 107.605 	 -3.51326 	 56.8718 	 0.338715 	 167.905 	 104 	 549 	 149.212 	 38.7969 	 2 	 1683.22 	 0.23323 	 60.573 	 60.573 	 60.573 	 0 	 54 	 50 	 52 	 2.82843 	  Tumour 
48 	 1061.08 	 608.973 	 233.848 	 141.4 	 4597 	 89.4103 	 70.1323 	 0.62027 	 0.827692 	 340.86 	 1454.32 	 322.493 	 0.221749 	 753.289 	 1207.05 	 6105 	 0.863264 	 362.174 	 417.004 	 454.952 	 292.723 	 0.692833 	 469.222 	 446.793 	 149.379 	 0.328341 	 125 	 248 	 138.792 	 13.3466 	 2 	 1876.02 	 0.408098 	 18.4711 	 18.4711 	 18.4711 	 0 	 63 	 62 	 62.5 	 0.707107 	 84.8073 	 -5.31742 	 19.6788 	 0.135616 	 145.107 	 120 	 1265 	 125.542 	 15.127 	 3 	 1281.54 	 0.278778 	 56.0803 	 26.8593 	 45.9736 	 14.814 	 42 	 39 	 40 	 1.73205 	  Tumour 
49 	 1047.23 	 385.139 	 998.708 	 112.645 	 2654 	 80.0097 	 43.8768 	 0.836221 	 0.939802 	 215.38 	 1711.97 	 351.215 	 0.205153 	 747.2 	 1464.71 	 3542 	 0.921676 	 243.865 	 280.028 	 288.29 	 126.061 	 0.357488 	 295.189 	 286.37 	 51.0459 	 0.177064 	 45 	 45 	 138.378 	 12.9324 	 1 	 0 	 0 	 NaN 	 NaN 	 NaN 	 NaN 	 45 	 45 	 45 	 0 	 49.6826 	 -1.73615 	 10.0961 	 0.0917981 	 109.982 	 45 	 45 	 145.333 	 34.9187 	 1 	 0 	 0 	 NaN 	 NaN 	 NaN 	 NaN 	 45 	 45 	 45 	 0 	  DCIS 
50 	 1072.41 	 760.591 	 144.201 	 228.58 	 4996 	 114.381 	 62.7383 	 0.83615 	 0.928279 	 310.551 	 1111.42 	 314.386 	 0.28287 	 554.07 	 864.155 	 8239 	 0.888685 	 424.333 	 374.286 	 420.584 	 258.355 	 0.304348 	 488.839 	 407.874 	 103.604 	 0.246333 	 126 	 300 	 169.452 	 44.007 	 2 	 402.723 	 0.0806091 	 26.5249 	 26.5249 	 26.5249 	 0 	 81 	 45 	 63 	 25.4558 	 97.0932 	 -9.31847 	 18.0474 	 0.114665 	 157.393 	 136 	 324 	 130.404 	 19.9898 	 2 	 421.204 	 0.0843083 	 27.1251 	 27.1251 	 27.1251 	 0 	 89 	 47 	 68 	 29.6985 	  Tumour 
51 	 1082.36 	 317.524 	 1017.66 	 143.781 	 3314 	 83.5428 	 50.9813 	 0.792216 	 0.980183 	 227.238 	 1716.68 	 383.964 	 0.223667 	 773.1 	 1469.42 	 4242 	 0.982399 	 249.823 	 269.63 	 253.823 	 91.5939 	 0.168182 	 307.486 	 247.335 	 61.5488 	 0.242487 	 45 	 45 	 132 	 6.55462 	 1 	 0 	 0 	 NaN 	 NaN 	 NaN 	 NaN 	 45 	 45 	 45 	 0 	 47.0154 	 13.901 	 10.7059 	 0.0997613 	 107.315 	 45 	 45 	 140.222 	 29.8076 	 1 	 0 	 0 	 NaN 	 NaN 	 NaN 	 NaN 	 45 	 45 	 45 	 0 	  DCIS 
52 	 1116.08 	 669.164 	 227.002 	 156.17 	 6676 	 105.982 	 80.8023 	 0.647086 	 0.980899 	 312.208 	 843.872 	 130.586 	 0.154746 	 249.471 	 596.611 	 13771 	 0.964018 	 468.617 	 450.601 	 566.908 	 404.68 	 0.292079 	 616.78 	 555.09 	 141.52 	 0.249635 	 45 	 45 	 135.756 	 10.3102 	 1 	 0 	 0 	 NaN 	 NaN 	 NaN 	 NaN 	 45 	 45 	 45 	 0 	 180.855 	 59.9931 	 44.6007 	 0.184946 	 241.155 	 90 	 243 	 116.444 	 6.02981 	 2 	 1409.64 	 0.21115 	 25.4558 	 25.4558 	 25.4558 	 0 	 45 	 45 	 45 	 0 	  Tumour 
53 	 1121.49 	 820.634 	 186.604 	 218.552 	 6079 	 112.187 	 69.7082 	 0.783526 	 0.968765 	 325.907 	 953.978 	 167.211 	 0.175277 	 436.975 	 706.716 	 11453 	 0.962599 	 452.517 	 426.108 	 492.865 	 330.636 	 0.21039 	 460.099 	 493.438 	 65.5854 	 0.13307 	 45 	 45 	 143.4 	 17.9546 	 1 	 0 	 0 	 NaN 	 NaN 	 NaN 	 NaN 	 45 	 45 	 45 	 0 	 272.214 	 71.6496 	 45.9178 	 0.138093 	 332.514 	 90 	 381 	 126.656 	 16.2409 	 2 	 644.125 	 0.105959 	 42.3792 	 42.3792 	 42.3792 	 0 	 45 	 45 	 45 	 0 	  Tumour 
54 	 1125.23 	 556.254 	 314.006 	 58.5235 	 4535 	 93.4104 	 63.1855 	 0.736508 	 0.933896 	 283.179 	 1721.97 	 334.603 	 0.194314 	 924.088 	 1474.7 	 6053 	 0.84871 	 358.191 	 403.704 	 498.271 	 336.042 	 0.879085 	 524.58 	 478.968 	 164.971 	 0.331087 	 45 	 45 	 133.467 	 8.02129 	 1 	 0 	 0 	 NaN 	 NaN 	 NaN 	 NaN 	 45 	 45 	 45 	 0 	 76.5437 	 -21.8119 	 10.9917 	 0.0803233 	 136.843 	 148 	 1927 	 127.257 	 16.8421 	 4 	 969.764 	 0.21384 	 56.6637 	 29.9835 	 42.6665 	 9.79709 	 45 	 25 	 37 	 8.83176 	  Tumour 
55 	 1146.07 	 947.481 	 253.775 	 243.977 	 7969 	 143.598 	 72.1821 	 0.86448 	 0.954714 	 391.848 	 772.314 	 205.166 	 0.265651 	 378.571 	 525.053 	 9611 	 0.975538 	 399.99 	 280.617 	 302.719 	 140.491 	 0 	 0 	 302.776 	 31.5341 	 0.10417 	 135 	 398 	 122.133 	 -3.31204 	 3 	 3243.19 	 0.406976 	 30.5287 	 14.0357 	 21.2579 	 7.54465 	 45 	 45 	 45 	 0 	 37.1016 	 -0.388545 	 14.4412 	 0.148265 	 97.4009 	 180 	 566 	 99.7111 	 -10.7035 	 4 	 2222.44 	 0.278886 	 32.2025 	 10 	 20.4155 	 8.80347 	 45 	 45 	 45 	 0 	  Tumour 
56 	 1138.62 	 449.779 	 410.307 	 81.8596 	 4718 	 97.4109 	 61.7891 	 0.773075 	 0.979651 	 272.007 	 1113.01 	 116.913 	 0.105042 	 463.654 	 865.75 	 8350 	 0.924491 	 379.203 	 502.493 	 616.263 	 454.035 	 0.377778 	 705.286 	 593.212 	 128.88 	 0.209131 	 45 	 45 	 146.333 	 20.888 	 1 	 0 	 0 	 NaN 	 NaN 	 NaN 	 NaN 	 45 	 45 	 45 	 0 	 238.216 	 70.0146 	 38.6397 	 0.129439 	 298.516 	 64 	 164 	 130.219 	 19.8041 	 2 	 1674.81 	 0.354982 	 19.0523 	 19.0523 	 19.0523 	 0 	 34 	 30 	 32 	 2.82843 	  Tumour 
57 	 1146.82 	 96.2443 	 1064.37 	 354.09 	 3459 	 80.4427 	 55.0032 	 0.72971 	 0.979332 	 227.238 	 1982.88 	 406.346 	 0.204927 	 523.507 	 1735.62 	 4411 	 0.979352 	 253.48 	 324.407 	 330.644 	 168.415 	 0 	 0 	 0 	 84.2566 	 0.254826 	 40 	 41 	 162.2 	 36.7546 	 1 	 0 	 0 	 NaN 	 NaN 	 NaN 	 NaN 	 40 	 40 	 40 	 0 	 61.644 	 2.34731 	 15.3875 	 0.126185 	 121.943 	 114 	 239 	 135.877 	 25.4626 	 2 	 976.184 	 0.282216 	 19.6816 	 19.6816 	 19.6816 	 0 	 69 	 45 	 57 	 16.9706 	  DCIS 
58 	 1174.05 	 523.69 	 1162.02 	 58.5235 	 3166 	 82.4537 	 52.0542 	 0.775527 	 0.885842 	 268.836 	 1440.9 	 328.068 	 0.227683 	 789.05 	 1193.64 	 7167 	 0.942778 	 358.191 	 496.856 	 502.252 	 340.023 	 0.352941 	 473.62 	 509.677 	 143.715 	 0.286141 	 0 	 0 	 NaN 	 NaN 	 0 	 0 	 0 	 NaN 	 NaN 	 NaN 	 NaN 	 0 	 0 	 NaN 	 NaN 	 113.673 	 -8.92368 	 26.3677 	 0.151562 	 173.973 	 36 	 37 	 135.278 	 24.8631 	 1 	 0 	 0 	 NaN 	 NaN 	 NaN 	 NaN 	 36 	 36 	 36 	 0 	  DCIS 
59 	 1172.63 	 329.234 	 1109.11 	 125.686 	 2373 	 63.1154 	 48.674 	 0.636605 	 0.980173 	 186.368 	 1764.26 	 393.795 	 0.223207 	 522.64 	 1517 	 3070 	 0.989684 	 207.882 	 285.569 	 285.617 	 123.388 	 0 	 0 	 0 	 49.7776 	 0.174281 	 45 	 45 	 120.044 	 -5.40093 	 1 	 0 	 0 	 NaN 	 NaN 	 NaN 	 NaN 	 45 	 45 	 45 	 0 	 58.5359 	 3.94456 	 11.4171 	 0.0960754 	 118.835 	 24 	 26 	 120.667 	 10.252 	 1 	 0 	 0 	 NaN 	 NaN 	 NaN 	 NaN 	 24 	 24 	 24 	 0 	  DCIS 
60 	 1264.58 	 778.821 	 331.103 	 87.6641 	 4459 	 82.1046 	 69.7682 	 0.527189 	 0.976138 	 259.765 	 1494.59 	 383.803 	 0.256795 	 914.177 	 1247.33 	 5305 	 0.951228 	 288.451 	 291.894 	 311.571 	 149.343 	 0.261905 	 330.394 	 309.815 	 37.797 	 0.121311 	 93 	 376 	 133.871 	 8.42559 	 2 	 1493.27 	 0.334889 	 38.4413 	 38.4413 	 38.4413 	 0 	 48 	 45 	 46.5 	 2.12132 	 60.1907 	 13.2707 	 11.5673 	 0.0960022 	 120.49 	 165 	 1095 	 124.77 	 14.3551 	 4 	 284.31 	 0.0637609 	 49.8401 	 12.1644 	 32.5673 	 13.7491 	 45 	 35 	 41.25 	 4.78714 	  Tumour 
61 	 1261.89 	 209.406 	 1182.06 	 270.573 	 2443 	 71.1285 	 44.8861 	 0.775737 	 0.968676 	 195.924 	 2163.79 	 364.784 	 0.168586 	 426.288 	 1916.53 	 3243 	 0.966905 	 222.853 	 320.542 	 350.934 	 188.706 	 0 	 0 	 0 	 48.017 	 0.136826 	 90 	 186 	 136.033 	 10.588 	 2 	 759.863 	 0.311037 	 17.4929 	 17.4929 	 17.4929 	 0 	 45 	 45 	 45 	 0 	 56.092 	 -6.41976 	 11.4639 	 0.0984947 	 116.391 	 111 	 215 	 135.937 	 25.5223 	 2 	 239.503 	 0.0980365 	 18.0348 	 18.0348 	 18.0348 	 0 	 70 	 41 	 55.5 	 20.5061 	  DCIS 
62 	 1270.52 	 383.166 	 1215.91 	 148.03 	 3015 	 83.5803 	 46.4746 	 0.831151 	 0.979851 	 218.894 	 1833.99 	 453.527 	 0.247289 	 665.813 	 1586.73 	 3914 	 0.98243 	 241.823 	 311.863 	 312.726 	 150.498 	 0 	 0 	 0 	 29.814 	 0.0953356 	 90 	 144 	 126.311 	 0.865733 	 2 	 488.582 	 0.16205 	 13.1529 	 13.1529 	 13.1529 	 0 	 45 	 45 	 45 	 0 	 49.7266 	 1.28263 	 10.3136 	 0.0937379 	 110.026 	 45 	 45 	 115.4 	 4.98537 	 1 	 0 	 0 	 NaN 	 NaN 	 NaN 	 NaN 	 45 	 45 	 45 	 0 	  DCIS 
63 	 1299.14 	 855.715 	 367.418 	 156.051 	 5483 	 95.6205 	 74.2863 	 0.629641 	 0.950095 	 304.25 	 1364.08 	 329.472 	 0.241534 	 800.396 	 1116.82 	 6672 	 0.96291 	 314.108 	 287.589 	 288.036 	 125.807 	 0.15942 	 338.727 	 283.012 	 45.8495 	 0.159179 	 108 	 357 	 134.315 	 8.86944 	 2 	 1698.52 	 0.309779 	 34.0561 	 34.0561 	 34.0561 	 0 	 63 	 45 	 54 	 12.7279 	 43.7248 	 11.7344 	 10.8742 	 0.104536 	 104.024 	 148 	 983 	 119.182 	 8.7678 	 3 	 1186.3 	 0.216359 	 47.2414 	 19.7233 	 37.8697 	 14.0586 	 71 	 32 	 49.3333 	 19.8578 	  Tumour 
64 	 1300.58 	 113.295 	 1218.05 	 373.916 	 2224 	 72.1617 	 40.2916 	 0.829604 	 0.972878 	 195.054 	 1651.21 	 299.603 	 0.181445 	 617.271 	 1403.94 	 2929 	 0.976333 	 214.711 	 297.45 	 310.582 	 148.354 	 0 	 0 	 0 	 22.9303 	 0.07383 	 45 	 45 	 119.844 	 -5.60093 	 1 	 0 	 0 	 NaN 	 NaN 	 NaN 	 NaN 	 45 	 45 	 45 	 0 	 31.9718 	 -4.20087 	 5.93242 	 0.0642934 	 92.2711 	 0 	 0 	 0 	 -110.415 	 0 	 0 	 0 	 NaN 	 NaN 	 NaN 	 NaN 	 0 	 0 	 NaN 	 NaN 	  DCIS 
65 	 1303.11 	 700.276 	 1349.14 	 87.6641 	 2532 	 96.9068 	 34.1695 	 0.935774 	 0.963104 	 254.167 	 1482.38 	 404.435 	 0.272828 	 741.538 	 1235.12 	 4176 	 0.95692 	 270.794 	 372.347 	 377.339 	 215.11 	 0.0974576 	 302.957 	 378.546 	 59.8525 	 0.158617 	 45 	 45 	 152.756 	 27.3102 	 1 	 0 	 0 	 NaN 	 NaN 	 NaN 	 NaN 	 45 	 45 	 45 	 0 	 49.6667 	 6.59146 	 7.92181 	 0.0720387 	 109.966 	 0 	 0 	 0 	 -110.415 	 0 	 0 	 0 	 NaN 	 NaN 	 NaN 	 NaN 	 0 	 0 	 NaN 	 NaN 	  DCIS 
