rownames 	XLoc 	YLoc 	NNDistSame 	NNDistOpp 	dapi_Area 	dapi_MajorAxisLength 	dapi_MinorAxisLength 	dapi_Eccentricity 	dapi_Solidity 	dapi_Perimeter 	dapi_MeanIntensity 	dapi_PixelSD 	dapi_PixelCV 	dapi_NucAdjustedInt 	dapi_BackAdjustedInt 	memb_Area 	memb_Solidity 	memb_Perimeter 	memb_MeanIntensity 	memb_MembraneIntensity 	memb_temp 	memb_pcTouch 	memb_OverLapIntensity 	memb_nonLapIntensity 	memb_PixelSD 	memb_PixelCV 	cent_Area 	cent_ConvexArea 	cent_MeanIntensity 	cent_BackAdjustedInt 	cent_CN 	cent_AreaSD 	cent_CoeffVar 	cent_MaxSpotDist 	cent_MinSpotDist 	cent_MeanSpotDist 	cent_SDSpotDist 	cent_SpotAreaMax 	cent_SpotAreaMin 	cent_SpotAreaMean 	cent_SpotAreaSD 	nucl_BackgroundAdjust 	nucl_NuclearAdjustedInt 	nucl_PixelSD 	nucl_PixelCV 	nucl_MeanIntensity 	Her2_Area 	Her2_ConvexArea 	Her2_MeanIntensity 	Her2_BackAdjustedInt 	Her2_CN 	Her2_AreaSD 	Her2_CoeffVar 	Her2_MaxSpotDist 	Her2_MinSpotDist 	Her2_MeanSpotDist 	Her2_SDSpotDist 	Her2_SpotAreaMax 	Her2_SpotAreaMin 	Her2_SpotAreaMean 	Her2_SpotAreaSD 	CellLabels 	
1 	 62.4387 	 1938.02 	 106.381 	 322.019 	 2437 	 87.5931 	 36.2536 	 0.910328 	 0.940563 	 215.238 	 940.529 	 333.251 	 0.354324 	 230.112 	 864.753 	 4018 	 0.943636 	 273.255 	 156.421 	 167.835 	 62.0264 	 0 	 0 	 0 	 62.3199 	 0.371318 	 79 	 318 	 187.291 	 24.6353 	 2 	 222.533 	 0.0913143 	 36.3066 	 36.3066 	 36.3066 	 0 	 43 	 36 	 39.5 	 4.94975 	 13.3397 	 -53.4419 	 6.42756 	 0.114062 	 56.3517 	 0 	 0 	 NaN 	 NaN 	 0 	 0 	 0 	 NaN 	 NaN 	 NaN 	 NaN 	 0 	 0 	 NaN 	 NaN 	  Lymph 
2 	 70.9545 	 2044.11 	 106.381 	 341.884 	 3231 	 89.9238 	 47.6384 	 0.848145 	 0.946952 	 237.38 	 1055.86 	 321.35 	 0.304349 	 589.712 	 980.083 	 4899 	 0.965891 	 290.426 	 189.137 	 172.73 	 66.922 	 0 	 0 	 0 	 46.5311 	 0.269386 	 180 	 1073 	 200.428 	 37.7719 	 4 	 680.94 	 0.210752 	 43.1856 	 10.6301 	 30.9931 	 10.859 	 45 	 45 	 45 	 0 	 9.73736 	 -19.8914 	 8.25696 	 0.156532 	 52.7493 	 157 	 391 	 312.618 	 62.0018 	 2 	 762.894 	 0.236117 	 32.8764 	 32.8764 	 32.8764 	 0 	 87 	 70 	 78.5 	 12.0208 	  Lymph 
3 	 104.37 	 163.803 	 1774.5 	 414.152 	 3449 	 112.479 	 40.6372 	 0.932455 	 0.945968 	 272.936 	 821.397 	 221.835 	 0.270071 	 95.9728 	 745.621 	 5305 	 0.94395 	 342.711 	 266.647 	 239.075 	 133.266 	 0 	 0 	 0 	 43.4646 	 0.181804 	 0 	 0 	 NaN 	 NaN 	 0 	 0 	 0 	 NaN 	 NaN 	 NaN 	 NaN 	 0 	 0 	 NaN 	 NaN 	 17.1159 	 -30.8867 	 6.94982 	 0.115584 	 60.1279 	 74 	 77 	 187.716 	 -62.8998 	 1 	 0 	 0 	 NaN 	 NaN 	 NaN 	 NaN 	 74 	 74 	 74 	 0 	  Fib 
4 	 114.435 	 1639.48 	 303.488 	 175.285 	 5268 	 101.612 	 66.3432 	 0.757437 	 0.972674 	 289.22 	 913.452 	 289.108 	 0.3165 	 328.995 	 837.676 	 7914 	 0.960787 	 364.409 	 319.888 	 306.29 	 200.481 	 0 	 0 	 0 	 154.202 	 0.50345 	 497 	 1875 	 298.159 	 135.503 	 3 	 2512.68 	 0.47697 	 69.1311 	 28.4413 	 47.2672 	 18.3485 	 339 	 64 	 165.667 	 150.859 	 25.4501 	 -38.5021 	 19.6293 	 0.286718 	 68.462 	 102 	 107 	 397.382 	 146.766 	 1 	 0 	 0 	 NaN 	 NaN 	 NaN 	 NaN 	 102 	 102 	 102 	 0 	  Fib 
5 	 137.772 	 424.029 	 1515.91 	 158.902 	 4229 	 124.153 	 43.9209 	 0.935334 	 0.931703 	 302.25 	 828.958 	 234.74 	 0.283175 	 177.54 	 753.182 	 5839 	 0.90837 	 386.752 	 733.668 	 704.15 	 598.342 	 0.142061 	 1111.8 	 670.589 	 291.513 	 0.413993 	 74 	 503 	 397.041 	 234.385 	 2 	 1246.75 	 0.29481 	 49.0506 	 49.0506 	 49.0506 	 0 	 45 	 29 	 37 	 11.3137 	 60.3981 	 -0.268672 	 15.4619 	 0.14952 	 103.41 	 45 	 45 	 390.578 	 139.962 	 1 	 0 	 0 	 NaN 	 NaN 	 NaN 	 NaN 	 45 	 45 	 45 	 0 	  Fib 
6 	 166.689 	 1082.34 	 862.416 	 228.484 	 3116 	 106.679 	 38.2808 	 0.933398 	 0.929317 	 261.22 	 677.502 	 183.192 	 0.270394 	 37.604 	 601.726 	 5111 	 0.943685 	 324.368 	 168.1 	 142.758 	 36.9501 	 0 	 0 	 0 	 40.9129 	 0.286589 	 67 	 67 	 157.687 	 -4.96932 	 1 	 0 	 0 	 NaN 	 NaN 	 NaN 	 NaN 	 67 	 67 	 67 	 0 	 8.81604 	 -32.3719 	 4.96038 	 0.0957086 	 51.828 	 67 	 68 	 271.134 	 20.5183 	 1 	 0 	 0 	 NaN 	 NaN 	 NaN 	 NaN 	 67 	 67 	 67 	 0 	  Fib 
7 	 215.19 	 562.589 	 134.261 	 118.309 	 11522 	 180.716 	 84.095 	 0.88513 	 0.908818 	 500.742 	 724.156 	 350.496 	 0.484007 	 477.734 	 648.38 	 15480 	 0.947079 	 567.647 	 303.252 	 282.419 	 176.611 	 0 	 0 	 283.888 	 153.007 	 0.541774 	 208 	 951 	 211.082 	 48.4258 	 3 	 5068.84 	 0.439927 	 58.8299 	 26.1507 	 40.32 	 14.9964 	 73 	 64 	 69.3333 	 4.72582 	 36.5006 	 4.3322 	 17.0714 	 0.2147 	 79.5125 	 349 	 2063 	 317.88 	 67.2637 	 4 	 2430.78 	 0.210969 	 115.156 	 34.3553 	 64.0101 	 29.7608 	 135 	 56 	 87.25 	 33.7873 	  Tumour 
8 	 192.773 	 1308.68 	 82.7647 	 174.195 	 5147 	 105.328 	 63.6157 	 0.797003 	 0.941123 	 301.865 	 1307.42 	 476.247 	 0.364266 	 983.95 	 1231.64 	 6511 	 0.850444 	 408.409 	 361.912 	 353.752 	 247.944 	 0.456464 	 454.908 	 321.375 	 124.87 	 0.352986 	 0 	 0 	 NaN 	 NaN 	 0 	 0 	 0 	 NaN 	 NaN 	 NaN 	 NaN 	 0 	 0 	 NaN 	 NaN 	 70.8328 	 23.4944 	 25.8625 	 0.227173 	 113.845 	 201 	 1034 	 538.289 	 287.673 	 3 	 612.45 	 0.118992 	 57.0053 	 24.0742 	 40.176 	 14.738 	 92 	 38 	 67 	 27.2213 	  Tumour 
9 	 238.84 	 1425.69 	 863.334 	 147.027 	 12963 	 173.007 	 99.3259 	 0.818776 	 0.925995 	 496.6 	 1129.28 	 484.965 	 0.429446 	 635.26 	 1053.51 	 16893 	 0.848639 	 668.534 	 310.072 	 423.371 	 317.562 	 0.444984 	 454.444 	 415.635 	 101.938 	 0.240778 	 300 	 3576 	 209.523 	 46.8674 	 4 	 3792.59 	 0.29257 	 104.29 	 25.9082 	 66.1958 	 33.0871 	 84 	 51 	 75 	 16.0208 	 39.0031 	 -25.4132 	 18.4023 	 0.224378 	 82.015 	 1208 	 6649 	 520.78 	 270.164 	 15 	 1613.79 	 0.124492 	 139.88 	 11.7741 	 56.5509 	 28.6922 	 163 	 35 	 80.5333 	 37.6675 	  Tumour 
10 	 226.982 	 1505.29 	 942.076 	 141.411 	 4953 	 100.799 	 64.7223 	 0.766626 	 0.959326 	 289.706 	 919.562 	 313.503 	 0.340926 	 596.747 	 843.786 	 6450 	 0.95386 	 350.51 	 364.446 	 431.386 	 325.578 	 0.333333 	 451.009 	 426.552 	 64.0273 	 0.148422 	 163 	 739 	 184.202 	 21.5466 	 3 	 1174.05 	 0.237038 	 43.762 	 13.0498 	 32.1043 	 14.8821 	 63 	 42 	 54.3333 	 10.9697 	 47.6923 	 -2.77687 	 16.3717 	 0.180496 	 90.7042 	 462 	 1163 	 436.587 	 185.971 	 5 	 1383.69 	 0.279363 	 30.3736 	 10.3948 	 21.0103 	 6.27084 	 193 	 42 	 92.4 	 58.9559 	  Tumour 
11 	 260.747 	 454.283 	 1497.28 	 99.2018 	 3567 	 120.393 	 39.1408 	 0.945677 	 0.891973 	 312.593 	 758.209 	 213.114 	 0.281075 	 401.37 	 682.433 	 8035 	 0.851436 	 473.037 	 497.885 	 618.158 	 512.35 	 0.286041 	 797.096 	 585.791 	 315.275 	 0.510024 	 64 	 67 	 178.656 	 16.0004 	 1 	 0 	 0 	 NaN 	 NaN 	 NaN 	 NaN 	 64 	 64 	 64 	 0 	 30.6096 	 -8.48775 	 9.59954 	 0.13039 	 73.6215 	 0 	 0 	 NaN 	 NaN 	 0 	 0 	 0 	 NaN 	 NaN 	 NaN 	 NaN 	 0 	 0 	 NaN 	 NaN 	  Fib 
12 	 273.725 	 1326.03 	 765.278 	 91.444 	 10008 	 123.484 	 106.085 	 0.511812 	 0.968454 	 401.505 	 1425.61 	 465.454 	 0.326494 	 1086.1 	 1349.84 	 12292 	 0.919028 	 512.108 	 405.397 	 467.713 	 361.905 	 0.64557 	 465.84 	 465.842 	 125.452 	 0.268223 	 0 	 0 	 NaN 	 NaN 	 0 	 0 	 0 	 NaN 	 NaN 	 NaN 	 NaN 	 0 	 0 	 NaN 	 NaN 	 89.3215 	 20.7289 	 30.4817 	 0.23034 	 132.333 	 1164 	 4456 	 1045.15 	 794.532 	 9 	 1458.49 	 0.145732 	 76.2545 	 11.5415 	 43.5056 	 17.5179 	 242 	 51 	 129.333 	 70.1908 	  Tumour 
13 	 252.895 	 1643.86 	 350.595 	 141.411 	 1435 	 67.263 	 28.1942 	 0.907911 	 0.954757 	 162.995 	 771.234 	 206.879 	 0.268244 	 586.819 	 695.458 	 2730 	 0.972915 	 217.255 	 157.386 	 152.299 	 46.4908 	 0 	 0 	 0 	 18.6976 	 0.122769 	 0 	 0 	 NaN 	 NaN 	 0 	 0 	 0 	 NaN 	 NaN 	 NaN 	 NaN 	 0 	 0 	 NaN 	 NaN 	 12.0083 	 9.46873 	 7.39305 	 0.13437 	 55.0202 	 0 	 0 	 NaN 	 NaN 	 0 	 0 	 0 	 NaN 	 NaN 	 NaN 	 NaN 	 0 	 0 	 NaN 	 NaN 	  Lymph 
14 	 339.892 	 513.512 	 134.261 	 99.2018 	 6640 	 110.467 	 76.9562 	 0.717417 	 0.95926 	 331.806 	 1072.16 	 370.882 	 0.345921 	 791.554 	 996.382 	 9728 	 0.905436 	 474.794 	 564.738 	 580.675 	 474.867 	 0.170455 	 584.32 	 578.12 	 78.8655 	 0.135817 	 198 	 743 	 223.086 	 60.43 	 3 	 1478.99 	 0.222739 	 74.2159 	 14.2331 	 49.4907 	 28.0383 	 100 	 44 	 66 	 29.8664 	 74.9673 	 -11.0232 	 18.2516 	 0.154702 	 117.979 	 352 	 1548 	 662.821 	 412.205 	 4 	 1548.88 	 0.233265 	 50.3559 	 16.6352 	 35.0433 	 14.1206 	 126 	 49 	 88 	 32.8126 	  Tumour 
15 	 367.904 	 1233.23 	 768.545 	 132.231 	 4342 	 119.296 	 47.7964 	 0.916229 	 0.915261 	 302.049 	 584.583 	 166.44 	 0.284715 	 380.182 	 508.807 	 6608 	 0.934918 	 365.539 	 202.495 	 193.756 	 87.9476 	 0 	 0 	 0 	 53.6794 	 0.277046 	 0 	 0 	 NaN 	 NaN 	 0 	 0 	 0 	 NaN 	 NaN 	 NaN 	 NaN 	 0 	 0 	 NaN 	 NaN 	 23.4402 	 5.50756 	 8.10555 	 0.121976 	 66.4521 	 0 	 0 	 NaN 	 NaN 	 0 	 0 	 0 	 NaN 	 NaN 	 NaN 	 NaN 	 0 	 0 	 NaN 	 NaN 	  Fib 
16 	 342.07 	 859.548 	 1113.77 	 199.65 	 1442 	 48.5621 	 38.1715 	 0.618183 	 0.968435 	 148.61 	 1100.68 	 478.298 	 0.434549 	 857.531 	 1024.9 	 2453 	 0.970332 	 196.77 	 233.576 	 216.011 	 110.203 	 0 	 0 	 0 	 52.4115 	 0.242634 	 64 	 65 	 199 	 36.3441 	 1 	 0 	 0 	 NaN 	 NaN 	 NaN 	 NaN 	 64 	 64 	 64 	 0 	 13.9215 	 5.45206 	 5.30732 	 0.0932198 	 56.9334 	 306 	 341 	 341.647 	 91.0311 	 1 	 0 	 0 	 NaN 	 NaN 	 NaN 	 NaN 	 306 	 306 	 306 	 0 	  Other 
17 	 381.677 	 1901.71 	 1349.37 	 183.848 	 9408 	 142.32 	 85.2131 	 0.800941 	 0.974518 	 393.103 	 991.426 	 326.581 	 0.329405 	 745.98 	 915.65 	 13319 	 0.929903 	 561.019 	 334.705 	 393.681 	 287.873 	 0.291339 	 464.662 	 378.901 	 82.92 	 0.210627 	 137 	 512 	 186.19 	 23.5339 	 3 	 3707.69 	 0.3941 	 25.6219 	 18.6059 	 22.3479 	 3.15852 	 62 	 33 	 45.6667 	 14.8436 	 49.2025 	 -14.7459 	 19.7763 	 0.21446 	 92.2144 	 602 	 3561 	 535.48 	 284.864 	 6 	 2707 	 0.287734 	 92.7667 	 16.1272 	 46.3173 	 19.6434 	 180 	 41 	 100.333 	 54.8075 	  Tumour 
18 	 380.445 	 663.894 	 193.458 	 199.65 	 5357 	 90.9519 	 85.5624 	 0.33912 	 0.843224 	 336.576 	 1025.14 	 363.801 	 0.354877 	 762.321 	 949.369 	 9272 	 0.948931 	 428.794 	 537.709 	 547.596 	 441.788 	 0.200508 	 660.709 	 537.216 	 120.101 	 0.219324 	 0 	 0 	 NaN 	 NaN 	 0 	 0 	 0 	 NaN 	 NaN 	 NaN 	 NaN 	 0 	 0 	 NaN 	 NaN 	 69.7258 	 0.929797 	 14.6379 	 0.12984 	 112.738 	 367 	 652 	 681.327 	 430.711 	 3 	 691.911 	 0.12916 	 20.2582 	 16.6387 	 18.5801 	 1.63148 	 126 	 119 	 122.333 	 3.51188 	  Tumour 
19 	 368.32 	 312.651 	 1653.56 	 202.941 	 3130 	 87.6595 	 46.3364 	 0.848874 	 0.946191 	 236.936 	 926.102 	 306.109 	 0.330535 	 698.818 	 850.326 	 4838 	 0.959159 	 307.196 	 277.351 	 267.035 	 161.227 	 0 	 0 	 0 	 84.7785 	 0.317481 	 0 	 0 	 NaN 	 NaN 	 0 	 0 	 0 	 NaN 	 NaN 	 NaN 	 NaN 	 0 	 0 	 NaN 	 NaN 	 21.3075 	 7.09092 	 7.9042 	 0.12289 	 64.3195 	 77 	 184 	 357.273 	 106.657 	 2 	 2472.14 	 0.789822 	 20.4949 	 20.4949 	 20.4949 	 0 	 69 	 8 	 38.5 	 43.1335 	  Lymph 
20 	 363.452 	 1347.06 	 663.236 	 91.444 	 1887 	 59.7642 	 41.5262 	 0.719171 	 0.942557 	 173.095 	 983.549 	 390.918 	 0.397456 	 738.86 	 907.773 	 3532 	 0.926305 	 249.983 	 296.831 	 287.665 	 181.857 	 0.248927 	 463.966 	 260.365 	 147.658 	 0.513298 	 0 	 0 	 NaN 	 NaN 	 0 	 0 	 0 	 NaN 	 NaN 	 NaN 	 NaN 	 0 	 0 	 NaN 	 NaN 	 40.7257 	 6.29499 	 26.6903 	 0.318736 	 83.7377 	 0 	 0 	 NaN 	 NaN 	 0 	 0 	 0 	 NaN 	 NaN 	 NaN 	 NaN 	 0 	 0 	 NaN 	 NaN 	  Other 
21 	 453.224 	 1968.97 	 1426 	 226.173 	 16058 	 277.278 	 78.1511 	 0.959458 	 0.88323 	 644.808 	 902.017 	 312.83 	 0.346812 	 656.317 	 826.242 	 21432 	 0.768337 	 868.032 	 364.027 	 472.357 	 366.549 	 0.576588 	 491.585 	 460.616 	 84.1402 	 0.178128 	 330 	 5798 	 196.155 	 33.4987 	 5 	 1770.7 	 0.110269 	 174.375 	 21.0815 	 96.5917 	 51.856 	 77 	 53 	 66 	 9.94987 	 64.4763 	 -3.14984 	 23.074 	 0.214665 	 107.488 	 831 	 5238 	 621.483 	 370.867 	 11 	 5705.04 	 0.355277 	 171.304 	 7.9569 	 63.0059 	 42.3727 	 193 	 39 	 75.5455 	 43.8848 	  Tumour 
22 	 468.487 	 598.13 	 255.409 	 225.568 	 12007 	 139.529 	 110.211 	 0.613266 	 0.963721 	 450.174 	 1176.44 	 384.769 	 0.327063 	 871.831 	 1100.66 	 15567 	 0.942712 	 556.919 	 589.923 	 587.096 	 481.288 	 0.159681 	 653.2 	 583.235 	 95.1621 	 0.16209 	 301 	 3393 	 266.1 	 103.444 	 4 	 2117.09 	 0.176322 	 96.0693 	 33.7252 	 64.6304 	 25.4754 	 103 	 60 	 75.25 	 18.9978 	 87.8889 	 12.9322 	 19.7696 	 0.151028 	 130.901 	 993 	 3765 	 973.902 	 723.286 	 8 	 1651.16 	 0.137516 	 71.9403 	 13.3267 	 38.598 	 15.2859 	 204 	 40 	 124.125 	 52.5912 	  Tumour 
23 	 475.753 	 1744.48 	 457.2 	 97 	 3938 	 138.273 	 37.0889 	 0.963355 	 0.929431 	 338.86 	 728.149 	 223.047 	 0.306321 	 433.956 	 652.373 	 6445 	 0.920977 	 420.693 	 283.951 	 311.35 	 205.542 	 0.169713 	 385.354 	 303.951 	 42.2438 	 0.13568 	 104 	 431 	 172.548 	 9.89219 	 2 	 783.951 	 0.199073 	 43.3974 	 43.3974 	 43.3974 	 0 	 65 	 39 	 52 	 18.3848 	 48.1841 	 6.14593 	 9.75164 	 0.10693 	 91.196 	 54 	 54 	 263.426 	 12.8099 	 1 	 0 	 0 	 NaN 	 NaN 	 NaN 	 NaN 	 54 	 54 	 54 	 0 	  Fib 
24 	 495.046 	 367.954 	 1628.62 	 212.934 	 2187 	 80.1824 	 35.9098 	 0.894108 	 0.924345 	 207.037 	 933.356 	 327.158 	 0.350517 	 736.394 	 857.58 	 3379 	 0.942276 	 257.054 	 335.141 	 286.58 	 180.772 	 0 	 0 	 0 	 101.02 	 0.352502 	 98 	 102 	 237.99 	 75.3339 	 1 	 0 	 0 	 NaN 	 NaN 	 NaN 	 NaN 	 98 	 98 	 98 	 0 	 30.256 	 11.1823 	 9.06162 	 0.123678 	 73.2679 	 0 	 0 	 NaN 	 NaN 	 0 	 0 	 0 	 NaN 	 NaN 	 NaN 	 NaN 	 0 	 0 	 NaN 	 NaN 	  Lymph 
25 	 548.252 	 1808.52 	 1289.73 	 97 	 12500 	 150.164 	 108.242 	 0.693118 	 0.944251 	 463.044 	 942.836 	 290.626 	 0.308246 	 665.496 	 867.06 	 22854 	 0.927027 	 719.061 	 359.101 	 467.225 	 361.416 	 0.549317 	 469.544 	 465.15 	 100.271 	 0.214609 	 141 	 569 	 224.418 	 61.7626 	 2 	 1018.77 	 0.0815013 	 49.1571 	 49.1571 	 49.1571 	 0 	 76 	 65 	 70.5 	 7.77817 	 69.2706 	 2.97621 	 18.6526 	 0.166122 	 112.283 	 813 	 4552 	 764.643 	 514.027 	 7 	 1350.15 	 0.108012 	 101.934 	 7.84118 	 44.6544 	 24.6059 	 200 	 29 	 116.143 	 66.904 	  Tumour 
26 	 546.012 	 1978.99 	 1454.17 	 245.204 	 12792 	 173.448 	 95.3308 	 0.835413 	 0.950866 	 497.955 	 735.901 	 192.405 	 0.261455 	 514.836 	 660.125 	 18019 	 0.940056 	 634.191 	 336.91 	 465.491 	 359.683 	 0.365979 	 491.493 	 460.543 	 122.607 	 0.263394 	 61 	 61 	 164.098 	 1.44247 	 1 	 0 	 0 	 NaN 	 NaN 	 NaN 	 NaN 	 61 	 61 	 61 	 0 	 39.3629 	 -2.25025 	 15.1054 	 0.183373 	 82.3748 	 679 	 3166 	 587.242 	 336.626 	 7 	 3041.19 	 0.237742 	 73.793 	 12.2323 	 39.2674 	 17.2754 	 171 	 56 	 97 	 45.9239 	  Tumour 
27 	 524.963 	 239.123 	 1760.96 	 213.115 	 2720 	 64.5912 	 55.4278 	 0.513429 	 0.949389 	 211.907 	 849.241 	 231.571 	 0.27268 	 632.005 	 773.465 	 4128 	 0.957328 	 269.539 	 313.612 	 308.399 	 202.591 	 0 	 0 	 0 	 48.7543 	 0.158088 	 0 	 0 	 NaN 	 NaN 	 0 	 0 	 0 	 NaN 	 NaN 	 NaN 	 NaN 	 0 	 0 	 NaN 	 NaN 	 23.4436 	 0.663336 	 5.75766 	 0.0866393 	 66.4555 	 56 	 57 	 206.464 	 -44.1517 	 1 	 0 	 0 	 NaN 	 NaN 	 NaN 	 NaN 	 56 	 56 	 56 	 0 	  Lymph 
28 	 555.58 	 1430.6 	 707.874 	 233.634 	 6387 	 186.231 	 46.397 	 0.968468 	 0.879026 	 425.304 	 801.942 	 278.898 	 0.347778 	 597.381 	 726.166 	 9340 	 0.898077 	 488.853 	 179.918 	 147.545 	 41.737 	 0 	 0 	 0 	 34.7518 	 0.235533 	 63 	 65 	 181.698 	 19.0425 	 1 	 0 	 0 	 NaN 	 NaN 	 NaN 	 NaN 	 63 	 63 	 63 	 0 	 15.071 	 6.44828 	 6.47194 	 0.111426 	 58.083 	 191 	 868 	 313.859 	 63.2426 	 2 	 1872.19 	 0.293125 	 58.673 	 58.673 	 58.673 	 0 	 141 	 50 	 95.5 	 64.3467 	  Fib 
29 	 578.487 	 808.407 	 1242.24 	 237.065 	 3754 	 80.9432 	 61.2879 	 0.653216 	 0.934063 	 260.593 	 503.099 	 228.384 	 0.453955 	 280.726 	 427.323 	 5574 	 0.934138 	 316.953 	 177.259 	 181.18 	 75.3714 	 0.149153 	 258.045 	 174.586 	 73.3369 	 0.404775 	 0 	 0 	 NaN 	 NaN 	 0 	 0 	 0 	 NaN 	 NaN 	 NaN 	 NaN 	 0 	 0 	 NaN 	 NaN 	 9.05306 	 1.02028 	 5.63803 	 0.108288 	 52.065 	 0 	 0 	 NaN 	 NaN 	 0 	 0 	 0 	 NaN 	 NaN 	 NaN 	 NaN 	 0 	 0 	 NaN 	 NaN 	  Lymph 
30 	 607.391 	 1659.26 	 1163.99 	 156.16 	 8382 	 176.866 	 61.3402 	 0.937933 	 0.96179 	 417.789 	 698.576 	 219.26 	 0.313867 	 464.796 	 622.8 	 11287 	 0.858719 	 595.321 	 298.232 	 381.57 	 275.762 	 0.441016 	 481.967 	 350.551 	 96.7229 	 0.253487 	 84 	 85 	 257.929 	 95.2727 	 1 	 0 	 0 	 NaN 	 NaN 	 NaN 	 NaN 	 84 	 84 	 84 	 0 	 45.3048 	 -5.9084 	 14.852 	 0.168167 	 88.3168 	 226 	 268 	 963.827 	 713.211 	 1 	 0 	 0 	 NaN 	 NaN 	 NaN 	 NaN 	 226 	 226 	 226 	 0 	  Tumour 
31 	 626.601 	 757.84 	 1308.29 	 225.568 	 2411 	 74.327 	 42.6502 	 0.818983 	 0.903335 	 225.522 	 737.79 	 164.562 	 0.223048 	 433.194 	 662.014 	 3665 	 0.856509 	 313.782 	 271.672 	 269.172 	 163.364 	 0.453608 	 280.424 	 264.661 	 52.8365 	 0.196293 	 69 	 70 	 195.87 	 33.2137 	 1 	 0 	 0 	 NaN 	 NaN 	 NaN 	 NaN 	 69 	 69 	 69 	 0 	 19.8603 	 5.10188 	 7.32977 	 0.116582 	 62.8723 	 82 	 82 	 314.976 	 64.3596 	 1 	 0 	 0 	 NaN 	 NaN 	 NaN 	 NaN 	 82 	 82 	 82 	 0 	  Lymph 
32 	 671.807 	 1692.99 	 1218.91 	 202.527 	 12938 	 189.11 	 88.4809 	 0.883791 	 0.953146 	 501.002 	 1342.15 	 569.609 	 0.424399 	 1015.9 	 1266.38 	 18355 	 0.86666 	 744.233 	 400.481 	 470.034 	 364.225 	 0.624818 	 486.806 	 462.983 	 81.366 	 0.173107 	 71 	 72 	 278.085 	 115.429 	 1 	 0 	 0 	 NaN 	 NaN 	 NaN 	 NaN 	 71 	 71 	 71 	 0 	 68.843 	 -3.14168 	 17.4395 	 0.155911 	 111.855 	 208 	 1992 	 837.481 	 586.865 	 3 	 2344.49 	 0.181209 	 52.8461 	 50.6173 	 51.7133 	 0.997166 	 110 	 43 	 69.3333 	 35.7258 	  Tumour 
33 	 653.779 	 1153.1 	 983.203 	 232.297 	 1157 	 57.575 	 28.3282 	 0.870582 	 0.855137 	 189.238 	 606.447 	 147.174 	 0.242682 	 374.275 	 530.671 	 2427 	 0.966932 	 202.426 	 312.848 	 324.263 	 218.455 	 0 	 0 	 0 	 128.711 	 0.396933 	 0 	 0 	 NaN 	 NaN 	 0 	 0 	 0 	 NaN 	 NaN 	 NaN 	 NaN 	 0 	 0 	 NaN 	 NaN 	 33.0209 	 0.770132 	 9.9298 	 0.130599 	 76.0328 	 0 	 0 	 NaN 	 NaN 	 0 	 0 	 0 	 NaN 	 NaN 	 NaN 	 NaN 	 0 	 0 	 NaN 	 NaN 	  Other 
34 	 678.828 	 793.947 	 1299.78 	 226.279 	 2975 	 68.5631 	 57.4381 	 0.546067 	 0.964969 	 219.137 	 872.524 	 239.269 	 0.274226 	 567.047 	 796.748 	 4241 	 0.845157 	 313.782 	 245.231 	 246.969 	 141.161 	 0.542955 	 300.633 	 225.665 	 66.356 	 0.268681 	 41 	 41 	 153.732 	 -8.92418 	 1 	 0 	 0 	 NaN 	 NaN 	 NaN 	 NaN 	 41 	 41 	 41 	 0 	 18.6933 	 9.35623 	 7.4288 	 0.120392 	 61.7052 	 64 	 67 	 335.5 	 84.884 	 1 	 0 	 0 	 NaN 	 NaN 	 NaN 	 NaN 	 64 	 64 	 64 	 0 	  Lymph 
35 	 687.036 	 1046.13 	 1089.17 	 244.401 	 2304 	 70.918 	 46.0609 	 0.760365 	 0.899297 	 223.622 	 503.628 	 203.107 	 0.403287 	 227.259 	 427.852 	 3897 	 0.936779 	 264.083 	 187.723 	 205.92 	 100.112 	 0 	 0 	 0 	 61.1215 	 0.296821 	 0 	 0 	 NaN 	 NaN 	 0 	 0 	 0 	 NaN 	 NaN 	 NaN 	 NaN 	 0 	 0 	 NaN 	 NaN 	 10.133 	 -0.813512 	 6.90855 	 0.129994 	 53.145 	 0 	 0 	 NaN 	 NaN 	 0 	 0 	 0 	 NaN 	 NaN 	 NaN 	 NaN 	 0 	 0 	 NaN 	 NaN 	  Other 
36 	 706.388 	 725.094 	 1373.36 	 161.419 	 3215 	 73.3978 	 56.2707 	 0.642062 	 0.964596 	 219.865 	 1455.53 	 675.901 	 0.464367 	 1125.98 	 1379.76 	 4042 	 0.909336 	 289.539 	 324.643 	 268.884 	 163.076 	 0.414179 	 388 	 237.286 	 127.635 	 0.474684 	 66 	 67 	 233.848 	 71.1926 	 1 	 0 	 0 	 NaN 	 NaN 	 NaN 	 NaN 	 66 	 66 	 66 	 0 	 31.129 	 21.6956 	 11.2822 	 0.152173 	 74.1409 	 47 	 48 	 374.319 	 123.703 	 1 	 0 	 0 	 NaN 	 NaN 	 NaN 	 NaN 	 47 	 47 	 47 	 0 	  Lymph 
37 	 762.638 	 164.68 	 677.28 	 249.239 	 10134 	 151.561 	 93.7976 	 0.785488 	 0.839046 	 488.6 	 1539.74 	 610.195 	 0.396299 	 1238.76 	 1463.96 	 12041 	 0.842558 	 584.877 	 511.044 	 433.224 	 327.416 	 0.240672 	 774.69 	 379.67 	 230.464 	 0.531975 	 138 	 699 	 257.978 	 95.3224 	 2 	 779.385 	 0.076908 	 61.9632 	 61.9632 	 61.9632 	 0 	 71 	 67 	 69 	 2.82843 	 71.0432 	 34.1359 	 19.4744 	 0.170745 	 114.055 	 1300 	 4293 	 794.032 	 543.416 	 10 	 2408.04 	 0.23762 	 106.902 	 11.8867 	 47.6141 	 24.8448 	 239 	 42 	 130 	 78.5762 	  Tumour 
38 	 738.397 	 246.167 	 611.57 	 213.115 	 4755 	 90.7201 	 67.8361 	 0.663978 	 0.972393 	 272.534 	 1739.66 	 698.319 	 0.40141 	 1340.15 	 1663.89 	 6360 	 0.917219 	 372.167 	 729.152 	 659.113 	 553.305 	 0.377907 	 772.192 	 633.713 	 134.269 	 0.203712 	 0 	 0 	 NaN 	 NaN 	 0 	 0 	 0 	 NaN 	 NaN 	 NaN 	 NaN 	 0 	 0 	 NaN 	 NaN 	 114.532 	 50.0635 	 34.3132 	 0.217801 	 157.544 	 400 	 903 	 777.173 	 526.557 	 3 	 566.49 	 0.119136 	 36.5289 	 12.7153 	 24.5594 	 10.6502 	 205 	 90 	 133.333 	 62.5167 	  Tumour 
39 	 709.74 	 1317.93 	 896.83 	 172.514 	 739 	 50.0796 	 22.4327 	 0.894063 	 0.699811 	 200.267 	 526.093 	 66.336 	 0.126092 	 257.939 	 450.318 	 1726 	 0.951488 	 173.941 	 266.191 	 263.646 	 157.838 	 0 	 0 	 0 	 66.251 	 0.251288 	 181 	 388 	 151.564 	 -11.0924 	 3 	 391.68 	 0.530013 	 35.5761 	 15.3676 	 23.7405 	 9.42717 	 102 	 39 	 60.3333 	 36.0879 	 34.053 	 8.45942 	 10.3319 	 0.134068 	 77.065 	 0 	 0 	 NaN 	 NaN 	 0 	 0 	 0 	 NaN 	 NaN 	 NaN 	 NaN 	 0 	 0 	 NaN 	 NaN 	  Other 
40 	 736.096 	 1479.44 	 815.449 	 71.0634 	 4746 	 93.4121 	 67.8373 	 0.687468 	 0.951102 	 283.522 	 2113.93 	 1189.73 	 0.562805 	 1770.98 	 2038.15 	 7199 	 0.885922 	 422.066 	 438.664 	 481.987 	 376.179 	 0.386189 	 564.881 	 461.062 	 89.0284 	 0.184711 	 0 	 0 	 NaN 	 NaN 	 0 	 0 	 0 	 NaN 	 NaN 	 NaN 	 NaN 	 0 	 0 	 NaN 	 NaN 	 57.8309 	 -2.9488 	 17.0175 	 0.168753 	 100.843 	 376 	 923 	 865.734 	 615.118 	 2 	 1643.17 	 0.346222 	 35.8791 	 35.8791 	 35.8791 	 0 	 254 	 122 	 188 	 93.3381 	  Other 
41 	 763.081 	 1777.45 	 1331.95 	 248.316 	 11522 	 145.557 	 102.367 	 0.710918 	 0.964265 	 459.872 	 1116.33 	 409.031 	 0.366408 	 848.435 	 1040.55 	 16788 	 0.910215 	 652.735 	 449.381 	 483.436 	 377.628 	 0.243421 	 473.655 	 485.157 	 140.823 	 0.291297 	 145 	 676 	 216.745 	 54.0889 	 2 	 3537.66 	 0.307035 	 52.1284 	 52.1284 	 52.1284 	 0 	 82 	 63 	 72.5 	 13.435 	 73.0078 	 15.9596 	 18.4357 	 0.158901 	 116.02 	 973 	 4222 	 824.373 	 573.757 	 8 	 2131.9 	 0.185029 	 77.947 	 15.2028 	 45.1124 	 17.3819 	 267 	 38 	 121.625 	 86.9432 	  Tumour 
42 	 738.148 	 759.791 	 1358.18 	 161.335 	 1853 	 59.4738 	 44.4234 	 0.664891 	 0.854311 	 188.752 	 1002.6 	 339.106 	 0.338225 	 741.379 	 926.828 	 3030 	 0.890653 	 244.569 	 289.189 	 274.031 	 168.222 	 0.47807 	 388.349 	 232.156 	 164.431 	 0.600045 	 77 	 80 	 225.494 	 62.8376 	 1 	 0 	 0 	 NaN 	 NaN 	 NaN 	 NaN 	 77 	 77 	 77 	 0 	 27.0793 	 11.5569 	 9.28606 	 0.132485 	 70.0912 	 62 	 62 	 308.806 	 58.1905 	 1 	 0 	 0 	 NaN 	 NaN 	 NaN 	 NaN 	 62 	 62 	 62 	 0 	  Lymph 
43 	 775.931 	 851.248 	 1300.52 	 201.854 	 3661 	 104.959 	 54.1147 	 0.856842 	 0.828281 	 288.007 	 903.338 	 269.554 	 0.298398 	 660.662 	 827.562 	 5533 	 0.878254 	 352.468 	 250.435 	 189.441 	 83.6332 	 0.0840841 	 201.536 	 188.828 	 61.3599 	 0.323899 	 0 	 0 	 NaN 	 NaN 	 0 	 0 	 0 	 NaN 	 NaN 	 NaN 	 NaN 	 0 	 0 	 NaN 	 NaN 	 21.7242 	 12.6916 	 7.98135 	 0.12329 	 64.7361 	 64 	 65 	 338.688 	 88.0715 	 1 	 0 	 0 	 NaN 	 NaN 	 NaN 	 NaN 	 64 	 64 	 64 	 0 	  Fib 
44 	 805.942 	 517.299 	 592.787 	 127.781 	 5793 	 105.334 	 70.7461 	 0.740881 	 0.969702 	 305.12 	 1119.53 	 412.699 	 0.368637 	 861.931 	 1043.75 	 11094 	 0.885042 	 504.836 	 523.496 	 556.106 	 450.298 	 0.233261 	 644.611 	 541.005 	 123.374 	 0.221854 	 219 	 647 	 267.073 	 104.417 	 3 	 517.702 	 0.0893669 	 34.6067 	 16.4878 	 25.0317 	 8.14229 	 81 	 62 	 73 	 9.84886 	 70.4574 	 5.11132 	 13.4161 	 0.118235 	 113.469 	 703 	 1874 	 975.107 	 724.491 	 6 	 1075.44 	 0.185644 	 65.8356 	 12.7698 	 33.7962 	 15.1662 	 216 	 42 	 117.167 	 58.2972 	  Tumour 
45 	 804.987 	 1461.83 	 1075.31 	 71.0634 	 7611 	 121.11 	 81.715 	 0.738079 	 0.967582 	 357.706 	 2315.79 	 1105.32 	 0.477298 	 1972.52 	 2240.01 	 10474 	 0.899674 	 484.894 	 490.461 	 536.472 	 430.664 	 0.796909 	 539.435 	 531.816 	 69.1822 	 0.128958 	 105 	 110 	 373.124 	 210.468 	 1 	 0 	 0 	 NaN 	 NaN 	 NaN 	 NaN 	 105 	 105 	 105 	 0 	 63.5613 	 -20.076 	 14.7421 	 0.138328 	 106.573 	 898 	 3053 	 1233.17 	 982.558 	 6 	 978.668 	 0.128586 	 87.498 	 14.8993 	 43.4941 	 19.9983 	 274 	 45 	 149.667 	 95.9597 	  Tumour 
46 	 808.312 	 305.787 	 646.296 	 290.823 	 2367 	 86.3311 	 35.3035 	 0.912565 	 0.939659 	 218.551 	 862.781 	 241.073 	 0.279414 	 575.101 	 787.005 	 4331 	 0.893358 	 320.752 	 377.354 	 392.014 	 286.205 	 0.300341 	 470.034 	 377.057 	 127.974 	 0.326452 	 0 	 0 	 NaN 	 NaN 	 0 	 0 	 0 	 NaN 	 NaN 	 NaN 	 NaN 	 0 	 0 	 NaN 	 NaN 	 29.1292 	 6.56831 	 8.18279 	 0.113428 	 72.1411 	 0 	 0 	 NaN 	 NaN 	 0 	 0 	 0 	 NaN 	 NaN 	 NaN 	 NaN 	 0 	 0 	 NaN 	 NaN 	  Tumour 
47 	 823.984 	 887.819 	 1297.36 	 173.234 	 2798 	 99.4188 	 39.3272 	 0.918435 	 0.907558 	 249.179 	 386.332 	 136.144 	 0.352403 	 96.3833 	 310.556 	 7328 	 0.856275 	 446.51 	 488.742 	 503.195 	 397.387 	 0.221429 	 969.398 	 437.932 	 542.257 	 1.07763 	 0 	 0 	 NaN 	 NaN 	 0 	 0 	 0 	 NaN 	 NaN 	 NaN 	 NaN 	 0 	 0 	 NaN 	 NaN 	 22.5735 	 -2.14348 	 13.1869 	 0.201065 	 65.5854 	 0 	 0 	 NaN 	 NaN 	 0 	 0 	 0 	 NaN 	 NaN 	 NaN 	 NaN 	 0 	 0 	 NaN 	 NaN 	  Fib 
48 	 882.811 	 1192.09 	 917.532 	 214.021 	 22794 	 237.388 	 135.261 	 0.821793 	 0.863409 	 863.495 	 1256.28 	 504.213 	 0.401353 	 889.162 	 1180.51 	 18924 	 0.835202 	 768.291 	 380.78 	 489.741 	 383.933 	 0.18637 	 452.336 	 492.453 	 109.559 	 0.223709 	 341 	 6379 	 219.208 	 56.5523 	 5 	 2990.07 	 0.131178 	 154.298 	 18.1498 	 83.9052 	 42.6362 	 97 	 56 	 68.2 	 16.5741 	 66.5979 	 -17.8339 	 26.8691 	 0.245134 	 109.61 	 1726 	 11169 	 649.375 	 398.759 	 15 	 3796.72 	 0.166567 	 149.522 	 10.7624 	 65.6232 	 31.8888 	 332 	 49 	 107.875 	 78.5798 	  Tumour 
49 	 840.456 	 634.611 	 629.134 	 52 	 4962 	 100.542 	 63.1935 	 0.777785 	 0.96744 	 282.836 	 1058.89 	 383.937 	 0.362585 	 797.242 	 983.111 	 7003 	 0.92989 	 375.581 	 713.051 	 750.493 	 644.685 	 0.599424 	 753.702 	 743.411 	 120.623 	 0.160725 	 59 	 59 	 234.881 	 72.2255 	 1 	 0 	 0 	 NaN 	 NaN 	 NaN 	 NaN 	 59 	 59 	 59 	 0 	 105.991 	 -12.4706 	 35.6197 	 0.239053 	 149.003 	 125 	 129 	 941.232 	 690.616 	 1 	 0 	 0 	 NaN 	 NaN 	 NaN 	 NaN 	 125 	 125 	 125 	 0 	  Tumour 
50 	 903.789 	 1515.85 	 1175.98 	 172.026 	 23524 	 205.719 	 150.013 	 0.684285 	 0.939907 	 657.151 	 1638.12 	 694.244 	 0.423805 	 1303.8 	 1562.35 	 31565 	 0.833531 	 931.789 	 379.968 	 435.038 	 329.23 	 0.532258 	 483.835 	 415.076 	 98.1816 	 0.225685 	 328 	 4264 	 288.335 	 125.679 	 5 	 5556.58 	 0.236209 	 110.776 	 9.5355 	 59.3431 	 40.5276 	 97 	 37 	 65.6 	 28.6671 	 85.536 	 -0.783104 	 35.1056 	 0.273094 	 128.548 	 1602 	 8739 	 772.833 	 522.217 	 10 	 3752.02 	 0.159498 	 129.023 	 11.8753 	 67.3669 	 31.4045 	 391 	 56 	 145.636 	 113.289 	  Tumour 
51 	 880.527 	 272.438 	 726.799 	 338.018 	 7256 	 125.522 	 78.7622 	 0.778634 	 0.936379 	 370.434 	 905.919 	 281.822 	 0.31109 	 678.389 	 830.143 	 8895 	 0.906913 	 457.622 	 322.442 	 277.081 	 171.272 	 0.21564 	 473.473 	 253.677 	 144.447 	 0.521318 	 66 	 68 	 207.318 	 44.6623 	 1 	 0 	 0 	 NaN 	 NaN 	 NaN 	 NaN 	 66 	 66 	 66 	 0 	 24.1206 	 5.94024 	 11.36 	 0.169217 	 67.1326 	 191 	 935 	 309.832 	 59.2165 	 3 	 2605.26 	 0.359048 	 40.8052 	 25.6458 	 32.6571 	 6.83643 	 78 	 55 	 63.6667 	 12.5033 	  Tumour 
52 	 934.915 	 1021.4 	 853.325 	 173.234 	 17713 	 153.782 	 149.946 	 0.221964 	 0.969301 	 584.759 	 535.148 	 197.281 	 0.368647 	 197.83 	 459.373 	 25835 	 0.808026 	 909.889 	 309.24 	 480.204 	 374.396 	 0.37338 	 680.909 	 430.863 	 366.53 	 0.763281 	 0 	 0 	 NaN 	 NaN 	 0 	 0 	 0 	 NaN 	 NaN 	 NaN 	 NaN 	 0 	 0 	 NaN 	 NaN 	 18.2015 	 -9.69747 	 11.5611 	 0.188865 	 61.2135 	 0 	 0 	 NaN 	 NaN 	 0 	 0 	 0 	 NaN 	 NaN 	 NaN 	 NaN 	 0 	 0 	 NaN 	 NaN 	  Tumour 
53 	 887.958 	 614.714 	 1559.68 	 52 	 2431 	 88.9349 	 36.4057 	 0.912376 	 0.905738 	 224.51 	 854.906 	 202.332 	 0.236671 	 473.533 	 779.13 	 3820 	 0.874542 	 297.882 	 532.772 	 562.068 	 456.26 	 0.52518 	 777.356 	 483.595 	 278.477 	 0.495451 	 66 	 69 	 228.424 	 65.7684 	 1 	 0 	 0 	 NaN 	 NaN 	 NaN 	 NaN 	 66 	 66 	 66 	 0 	 77.1719 	 19.8826 	 24.7848 	 0.206224 	 120.184 	 517 	 981 	 868.747 	 618.131 	 3 	 409.217 	 0.168333 	 43.5852 	 14.0351 	 29.4661 	 13.2542 	 367 	 38 	 172.333 	 172.599 	  Fib 
54 	 932.409 	 1339.78 	 1057.27 	 223.087 	 11714 	 135.152 	 110.979 	 0.570718 	 0.965148 	 430.032 	 815.457 	 271.061 	 0.332404 	 554.312 	 739.681 	 21580 	 0.836953 	 832.617 	 385.966 	 486.042 	 380.233 	 0.209635 	 488.714 	 484.678 	 94.9433 	 0.19534 	 154 	 551 	 188.494 	 25.8376 	 2 	 2687.65 	 0.229439 	 42.7121 	 42.7121 	 42.7121 	 0 	 81 	 73 	 77 	 5.65685 	 40.8904 	 -31.2163 	 21.6317 	 0.257821 	 83.9023 	 751 	 1494 	 549.426 	 298.81 	 4 	 4380.65 	 0.373967 	 43.2 	 20.1789 	 27.2098 	 7.9537 	 369 	 67 	 187.75 	 139.817 	  Tumour 
55 	 949.222 	 747.452 	 756.711 	 145.413 	 11129 	 173.913 	 83.049 	 0.878615 	 0.951603 	 457.831 	 790.578 	 347.161 	 0.439122 	 558.568 	 714.803 	 21477 	 0.883318 	 798.86 	 470.149 	 526.653 	 420.845 	 0.412005 	 653.407 	 489.453 	 208.367 	 0.395643 	 68 	 71 	 233.471 	 70.8147 	 1 	 0 	 0 	 NaN 	 NaN 	 NaN 	 NaN 	 68 	 68 	 68 	 0 	 42.1394 	 1.75864 	 17.1339 	 0.201217 	 85.1513 	 214 	 1009 	 375.921 	 125.305 	 3 	 2648.91 	 0.238019 	 58.4811 	 12.9027 	 41.1263 	 22.0535 	 78 	 65 	 71.3333 	 6.50641 	  Tumour 
56 	 949.172 	 1647.26 	 1309.13 	 267.925 	 9862 	 149.024 	 85.0202 	 0.821289 	 0.960179 	 409.546 	 789.025 	 258.748 	 0.327934 	 541.286 	 713.249 	 13663 	 0.938135 	 538.693 	 403.737 	 467.599 	 361.791 	 0.451098 	 466.022 	 466.943 	 66.415 	 0.142034 	 220 	 644 	 214.477 	 51.8214 	 3 	 1016.77 	 0.1031 	 54.2941 	 18.7902 	 36.2021 	 15.8866 	 82 	 67 	 73.3333 	 7.76745 	 78.0927 	 -0.631557 	 25.8209 	 0.213211 	 121.105 	 914 	 4147 	 494.252 	 243.636 	 9 	 2180.53 	 0.221104 	 77.3411 	 9.89949 	 41.3523 	 17.001 	 229 	 45 	 101.556 	 64.5564 	  Tumour 
57 	 944.184 	 1947.38 	 882.046 	 248.316 	 4686 	 111.146 	 54.5378 	 0.871338 	 0.949159 	 310.936 	 777.28 	 240.918 	 0.30995 	 581.284 	 701.504 	 6670 	 0.96276 	 348.569 	 190.109 	 203.021 	 97.2129 	 0 	 0 	 0 	 103.91 	 0.511821 	 57 	 57 	 170.14 	 7.48446 	 1 	 0 	 0 	 NaN 	 NaN 	 NaN 	 NaN 	 57 	 57 	 57 	 0 	 19.8359 	 6.18686 	 11.6323 	 0.185086 	 62.8478 	 73 	 76 	 361.014 	 110.398 	 1 	 0 	 0 	 NaN 	 NaN 	 NaN 	 NaN 	 73 	 73 	 73 	 0 	  Lymph 
58 	 1012.98 	 336.635 	 829.385 	 304.81 	 5390 	 102.86 	 69.03 	 0.741361 	 0.956522 	 309.078 	 1073.59 	 376.777 	 0.350949 	 758.508 	 997.818 	 7508 	 0.904687 	 427.48 	 524.493 	 541.571 	 435.762 	 0.358586 	 586.261 	 526.707 	 63.2049 	 0.116707 	 129 	 479 	 245.163 	 82.5069 	 2 	 1400.29 	 0.259794 	 45.3206 	 45.3206 	 45.3206 	 0 	 67 	 62 	 64.5 	 3.53553 	 94.1125 	 36.9273 	 36.1781 	 0.263834 	 137.124 	 365 	 1554 	 530.611 	 279.995 	 4 	 1276.7 	 0.236864 	 51.2023 	 17.6985 	 34.2372 	 10.2001 	 168 	 52 	 91.25 	 54.2179 	  Tumour 
59 	 1051.43 	 265.923 	 887.189 	 228.473 	 6640 	 101.873 	 85.9809 	 0.536341 	 0.962319 	 325.605 	 1086.1 	 399.697 	 0.368012 	 768.817 	 1010.32 	 9195 	 0.888406 	 457.38 	 494.087 	 588.908 	 483.1 	 0.49409 	 602.163 	 584.577 	 75.4205 	 0.128068 	 69 	 70 	 246.899 	 84.2427 	 1 	 0 	 0 	 NaN 	 NaN 	 NaN 	 NaN 	 69 	 69 	 69 	 0 	 61.2905 	 -6.95769 	 19.3292 	 0.185319 	 104.302 	 456 	 1086 	 923.182 	 672.566 	 4 	 2469.8 	 0.371957 	 42.3087 	 15.6397 	 26.3715 	 10.2394 	 203 	 53 	 114 	 63.671 	  Tumour 
60 	 1050.53 	 888.087 	 896.951 	 202.527 	 8653 	 121.643 	 91.4869 	 0.659058 	 0.973889 	 367.22 	 1385.45 	 466.097 	 0.336423 	 1073.09 	 1309.68 	 11053 	 0.875763 	 506.794 	 534.417 	 653.301 	 547.493 	 0.836864 	 661.461 	 646.498 	 99.9707 	 0.153024 	 185 	 522 	 266.13 	 103.474 	 3 	 1414.27 	 0.163443 	 27.9944 	 17.0324 	 21.4197 	 5.18688 	 68 	 56 	 61.6667 	 6.02771 	 110.207 	 5.05377 	 29.6295 	 0.19338 	 153.219 	 774 	 2410 	 862.625 	 612.009 	 7 	 2219.02 	 0.256446 	 68.5679 	 14.6008 	 34.6135 	 15.2166 	 265 	 29 	 110.571 	 85.831 	  Tumour 
61 	 1076.81 	 990.47 	 961.963 	 272.787 	 9048 	 141.162 	 83.4805 	 0.806391 	 0.947931 	 417.605 	 909.785 	 287.265 	 0.31575 	 429.257 	 834.009 	 12591 	 0.884137 	 536.049 	 467 	 567.594 	 461.786 	 0.604508 	 625.766 	 544.538 	 154.853 	 0.272824 	 0 	 0 	 NaN 	 NaN 	 0 	 0 	 0 	 NaN 	 NaN 	 NaN 	 NaN 	 0 	 0 	 NaN 	 NaN 	 81.1086 	 -9.24691 	 28.0458 	 0.225956 	 124.121 	 450 	 2416 	 830.082 	 579.466 	 4 	 930.007 	 0.102786 	 56.4002 	 19.9502 	 42.7135 	 11.8608 	 231 	 25 	 112.5 	 89.1833 	  Tumour 
62 	 1057.37 	 1584.2 	 1323.41 	 241.588 	 3814 	 76.8987 	 63.8147 	 0.557981 	 0.96119 	 247.522 	 790.811 	 185.807 	 0.234957 	 553.794 	 715.035 	 9774 	 0.715625 	 598.492 	 390.073 	 441.173 	 335.365 	 0.279279 	 499.103 	 432.957 	 87.0869 	 0.197398 	 138 	 430 	 200.913 	 38.2572 	 2 	 1044.78 	 0.273932 	 31.8208 	 31.8208 	 31.8208 	 0 	 77 	 61 	 69 	 11.3137 	 63.8168 	 -10.3351 	 19.4138 	 0.181728 	 106.829 	 278 	 448 	 913.453 	 662.837 	 2 	 956.965 	 0.250908 	 21.4153 	 21.4153 	 21.4153 	 0 	 217 	 61 	 139 	 110.309 	  Tumour 
63 	 1102.41 	 691.672 	 1623 	 145.784 	 3915 	 123.566 	 43.701 	 0.935372 	 0.874079 	 333.505 	 773.257 	 244.569 	 0.316284 	 521.578 	 697.482 	 8775 	 0.794477 	 534.693 	 580.849 	 589.998 	 484.19 	 0.444668 	 658.389 	 568.763 	 133.245 	 0.225839 	 143 	 536 	 180.224 	 17.5679 	 2 	 1437.23 	 0.367109 	 46.4261 	 46.4261 	 46.4261 	 0 	 81 	 62 	 71.5 	 13.435 	 56.3073 	 -11.5748 	 18.4471 	 0.185735 	 99.3193 	 56 	 60 	 229.625 	 -20.991 	 1 	 0 	 0 	 NaN 	 NaN 	 NaN 	 NaN 	 56 	 56 	 56 	 0 	  Fib 
64 	 1148.88 	 829.877 	 971.414 	 145.784 	 12259 	 147.127 	 107.375 	 0.683651 	 0.964137 	 458.257 	 2346.98 	 1103.94 	 0.470367 	 1949.84 	 2271.2 	 17192 	 0.910304 	 644.191 	 559.835 	 668.481 	 562.673 	 0.994932 	 667.336 	 666.984 	 74.4776 	 0.111413 	 330 	 1445 	 360.512 	 197.856 	 3 	 2135.05 	 0.174162 	 44.0206 	 27.0429 	 38.1164 	 8.58375 	 120 	 94 	 110 	 14 	 100.114 	 -32.1979 	 30.926 	 0.216076 	 143.126 	 2168 	 7265 	 847.621 	 597.005 	 13 	 1490.17 	 0.121557 	 106.378 	 9.40503 	 50.3298 	 23.4013 	 355 	 39 	 154.857 	 113.493 	  Tumour 
65 	 1137.52 	 220.783 	 984.324 	 165.027 	 6980 	 106.249 	 86.4906 	 0.580814 	 0.945031 	 341.806 	 1085.11 	 445.071 	 0.410163 	 597.224 	 1009.33 	 8954 	 0.883909 	 452.794 	 435.759 	 545.854 	 440.046 	 0.516746 	 632.009 	 513.166 	 129.442 	 0.237137 	 75 	 77 	 239.973 	 77.3174 	 1 	 0 	 0 	 NaN 	 NaN 	 NaN 	 NaN 	 75 	 75 	 75 	 0 	 65.5657 	 11.8416 	 21.8678 	 0.201403 	 108.578 	 407 	 918 	 1023.16 	 772.544 	 4 	 2121.2 	 0.303897 	 33.5828 	 12.5807 	 23.2189 	 7.62281 	 155 	 64 	 101.75 	 38.7675 	  Tumour 
66 	 1133.14 	 1385.28 	 1232.24 	 407.977 	 6981 	 105.291 	 87.0007 	 0.563249 	 0.956301 	 339.706 	 1090.28 	 376.191 	 0.345041 	 837.496 	 1014.5 	 14882 	 0.845616 	 622.735 	 429.087 	 525.235 	 419.427 	 0.202422 	 559.513 	 522.098 	 111.299 	 0.211902 	 67 	 71 	 179.91 	 17.2546 	 1 	 0 	 0 	 NaN 	 NaN 	 NaN 	 NaN 	 67 	 67 	 67 	 0 	 63.4873 	 -8.61076 	 22.0998 	 0.207511 	 106.499 	 144 	 744 	 398.153 	 147.537 	 2 	 842.168 	 0.120637 	 66.1622 	 66.1622 	 66.1622 	 0 	 74 	 70 	 72 	 2.82843 	  Tumour 
67 	 1131.9 	 384.223 	 934.307 	 309.458 	 2398 	 78.8365 	 47.0413 	 0.802469 	 0.804968 	 231.622 	 697.78 	 185.08 	 0.265241 	 403.322 	 622.004 	 4135 	 0.699543 	 370.752 	 389.372 	 416.315 	 310.507 	 0.446064 	 535.83 	 376.679 	 167.959 	 0.403442 	 96 	 304 	 226.073 	 63.417 	 2 	 847.758 	 0.353527 	 27.9807 	 27.9807 	 27.9807 	 0 	 62 	 34 	 48 	 19.799 	 51.1186 	 24.7918 	 16.4929 	 0.175213 	 94.1305 	 69 	 72 	 277.159 	 26.5434 	 1 	 0 	 0 	 NaN 	 NaN 	 NaN 	 NaN 	 69 	 69 	 69 	 0 	  Tumour 
68 	 1140.66 	 56.1401 	 2169.37 	 136.605 	 3698 	 110.856 	 44.666 	 0.915235 	 0.956792 	 273.321 	 1087.93 	 353.466 	 0.324898 	 660.536 	 1012.15 	 7158 	 0.882288 	 436.309 	 586.964 	 580.24 	 474.432 	 0 	 0 	 582.669 	 264.603 	 0.456023 	 82 	 351 	 246.976 	 84.3197 	 2 	 1637.59 	 0.44283 	 40.4597 	 40.4597 	 40.4597 	 0 	 52 	 30 	 41 	 15.5563 	 37.5478 	 2.53051 	 12.1775 	 0.151162 	 80.5598 	 166 	 432 	 427.651 	 177.035 	 2 	 646.897 	 0.174932 	 34.4514 	 34.4514 	 34.4514 	 0 	 91 	 75 	 83 	 11.3137 	  Fib 
69 	 1140.47 	 1879.3 	 1079.61 	 300.508 	 2537 	 69.5224 	 49.0261 	 0.709024 	 0.925237 	 223.137 	 672.541 	 264.566 	 0.393383 	 462.188 	 596.765 	 3748 	 0.893658 	 273.882 	 213.7 	 198.72 	 92.9122 	 0.240157 	 203.262 	 200.552 	 52.9952 	 0.266682 	 0 	 0 	 NaN 	 NaN 	 0 	 0 	 0 	 NaN 	 NaN 	 NaN 	 NaN 	 0 	 0 	 NaN 	 NaN 	 18.9482 	 2.5029 	 5.98424 	 0.096582 	 61.9602 	 0 	 0 	 NaN 	 NaN 	 0 	 0 	 0 	 NaN 	 NaN 	 NaN 	 NaN 	 0 	 0 	 NaN 	 NaN 	  Lymph 
70 	 1171.18 	 1796.79 	 1117.93 	 241.588 	 4590 	 120.802 	 50.6084 	 0.908016 	 0.926711 	 311.179 	 558.22 	 173.867 	 0.311466 	 343.811 	 482.444 	 6512 	 0.923426 	 367.882 	 174.749 	 179.621 	 73.8125 	 0.137931 	 326.938 	 166.977 	 101.922 	 0.567431 	 58 	 60 	 148.655 	 -14.0007 	 1 	 0 	 0 	 NaN 	 NaN 	 NaN 	 NaN 	 58 	 58 	 58 	 0 	 10.2569 	 0.911298 	 5.48614 	 0.10299 	 53.2688 	 62 	 63 	 234.968 	 -15.6483 	 1 	 0 	 0 	 NaN 	 NaN 	 NaN 	 NaN 	 62 	 62 	 62 	 0 	  Fib 
71 	 1195.61 	 956.839 	 1057.16 	 281.178 	 8713 	 139.288 	 81.8781 	 0.808982 	 0.952553 	 420.132 	 961.465 	 279.814 	 0.291029 	 676.991 	 885.689 	 15669 	 0.915566 	 600.007 	 530.699 	 646.973 	 541.165 	 0.554562 	 652.068 	 645.592 	 91.7804 	 0.141861 	 133 	 1076 	 204.541 	 41.8855 	 2 	 430.286 	 0.0493843 	 95.0406 	 95.0406 	 95.0406 	 0 	 74 	 59 	 66.5 	 10.6066 	 97.0697 	 -10.7172 	 19.8011 	 0.141354 	 140.082 	 770 	 2521 	 589.343 	 338.727 	 7 	 2956.95 	 0.339372 	 64.1669 	 11.9664 	 32.6591 	 13.2223 	 311 	 42 	 110 	 90.5741 	  Tumour 
72 	 1166.96 	 434.995 	 960.566 	 265.092 	 6550 	 115.132 	 76.0945 	 0.750444 	 0.903324 	 351.99 	 1615.69 	 680.391 	 0.421114 	 1306.11 	 1539.92 	 8352 	 0.876298 	 447.865 	 528.426 	 482.331 	 376.523 	 0.367397 	 584.007 	 458.12 	 147.196 	 0.305176 	 0 	 0 	 NaN 	 NaN 	 0 	 0 	 0 	 NaN 	 NaN 	 NaN 	 NaN 	 0 	 0 	 NaN 	 NaN 	 70.3855 	 21.4785 	 23.5783 	 0.207927 	 113.397 	 395 	 1747 	 482.987 	 232.371 	 5 	 719.029 	 0.109775 	 51.8388 	 13.2446 	 32.5869 	 13.2588 	 131 	 39 	 79 	 34.6049 	  Tumour 
73 	 1171.66 	 1933.09 	 1110.01 	 362.664 	 3547 	 73.2261 	 62.4243 	 0.522748 	 0.977943 	 227.037 	 648.571 	 216.417 	 0.333682 	 433.888 	 572.796 	 5059 	 0.972511 	 289.054 	 229.695 	 208.296 	 102.488 	 0.22963 	 188.081 	 211.902 	 70.0159 	 0.336136 	 71 	 74 	 225.38 	 62.7244 	 1 	 0 	 0 	 NaN 	 NaN 	 NaN 	 NaN 	 71 	 71 	 71 	 0 	 17.3351 	 1.98952 	 8.60714 	 0.142627 	 60.3471 	 0 	 0 	 NaN 	 NaN 	 0 	 0 	 0 	 NaN 	 NaN 	 NaN 	 NaN 	 0 	 0 	 NaN 	 NaN 	  Lymph 
74 	 1206.22 	 1181.59 	 1168.44 	 482.037 	 9958 	 145.83 	 87.6868 	 0.799027 	 0.957776 	 428.174 	 834.95 	 235.047 	 0.28151 	 564.288 	 759.174 	 16272 	 0.855161 	 682.877 	 364.492 	 402.664 	 296.856 	 0.246057 	 532.019 	 386.124 	 107.321 	 0.266526 	 146 	 618 	 195.699 	 33.0427 	 2 	 2383.94 	 0.2394 	 54.8162 	 54.8162 	 54.8162 	 0 	 81 	 65 	 73 	 11.3137 	 71.2769 	 12.8774 	 22.3977 	 0.195975 	 114.289 	 583 	 3748 	 446.346 	 195.73 	 7 	 2072.41 	 0.208115 	 125.589 	 14.7016 	 58.9509 	 36.541 	 127 	 62 	 83.2857 	 21.685 	  Tumour 
75 	 1242.9 	 1378.28 	 1311.87 	 379.255 	 14836 	 173.955 	 121.98 	 0.712948 	 0.880998 	 536.299 	 1250.47 	 411.641 	 0.329188 	 974.772 	 1174.7 	 17905 	 0.775713 	 740.534 	 334.013 	 444.222 	 338.414 	 0.57971 	 514.423 	 410.158 	 126.615 	 0.285027 	 120 	 578 	 182.175 	 19.5191 	 2 	 4817.74 	 0.324733 	 56.4904 	 56.4904 	 56.4904 	 0 	 63 	 57 	 60 	 4.24264 	 46.8521 	 6.71488 	 21.0379 	 0.234108 	 89.864 	 1119 	 5389 	 544.355 	 293.739 	 12 	 2413.63 	 0.162687 	 125.421 	 11.3849 	 56.1092 	 32.0896 	 182 	 44 	 93.25 	 40.4096 	  Tumour 
76 	 1221.71 	 165.689 	 1082.43 	 136.605 	 9717 	 147.614 	 85.0663 	 0.817254 	 0.950876 	 423.848 	 1410.66 	 541.207 	 0.383654 	 1083.15 	 1334.89 	 11108 	 0.834874 	 547.179 	 527.23 	 671.179 	 565.371 	 0.698225 	 690.709 	 658.283 	 125.581 	 0.187105 	 0 	 0 	 NaN 	 NaN 	 0 	 0 	 0 	 NaN 	 NaN 	 NaN 	 NaN 	 0 	 0 	 NaN 	 NaN 	 76.7006 	 -23.7452 	 29.6591 	 0.247752 	 119.713 	 397 	 2401 	 615.055 	 364.439 	 5 	 2236.4 	 0.230154 	 86.9143 	 17.923 	 47.4816 	 20.7718 	 116 	 48 	 79.4 	 29.3564 	  Tumour 
77 	 1244.81 	 759.821 	 1048.67 	 158.345 	 8364 	 144.303 	 77.2222 	 0.844765 	 0.919727 	 444.558 	 719.845 	 191.449 	 0.265959 	 462.404 	 644.069 	 16785 	 0.895725 	 671.605 	 464.962 	 574.901 	 469.093 	 0.537964 	 641.483 	 546.72 	 118.835 	 0.206705 	 79 	 83 	 161 	 -1.65589 	 1 	 0 	 0 	 NaN 	 NaN 	 NaN 	 NaN 	 79 	 79 	 79 	 0 	 41.8436 	 -22.7895 	 18.5826 	 0.218991 	 84.8556 	 411 	 2204 	 541.092 	 290.476 	 4 	 2680.1 	 0.320433 	 97.1555 	 22.9524 	 56.1365 	 28.7061 	 237 	 41 	 102.75 	 91.1862 	  Tumour 
78 	 1225.64 	 349.305 	 1033.4 	 264.698 	 4729 	 94.8841 	 64.3658 	 0.734727 	 0.974851 	 274.735 	 1327.85 	 454.922 	 0.3426 	 786.391 	 1252.08 	 6018 	 0.9368 	 346.853 	 613.23 	 622.345 	 516.536 	 0.413043 	 732.248 	 587.087 	 147.628 	 0.237213 	 72 	 73 	 291.625 	 128.969 	 1 	 0 	 0 	 NaN 	 NaN 	 NaN 	 NaN 	 72 	 72 	 72 	 0 	 73.9511 	 9.33333 	 16.036 	 0.137103 	 116.963 	 396 	 724 	 924.273 	 673.657 	 2 	 1775.12 	 0.375369 	 18.5018 	 18.5018 	 18.5018 	 0 	 306 	 90 	 198 	 152.735 	  Tumour 
79 	 1248.22 	 255.252 	 1077.94 	 202.773 	 5479 	 102.477 	 70.8223 	 0.722753 	 0.904424 	 331.078 	 1565.9 	 635.159 	 0.405618 	 1077.54 	 1490.13 	 7072 	 0.898602 	 408.167 	 704.355 	 727.511 	 621.702 	 0.523684 	 719.603 	 731.725 	 85.942 	 0.118132 	 145 	 514 	 325.228 	 162.572 	 2 	 255.036 	 0.0465479 	 42.3982 	 42.3982 	 42.3982 	 0 	 74 	 71 	 72.5 	 2.12132 	 124.585 	 17.7738 	 40.34 	 0.240697 	 167.596 	 344 	 860 	 632.91 	 382.294 	 4 	 778.144 	 0.142023 	 54.3197 	 17.3155 	 31.0751 	 14.0475 	 180 	 32 	 86 	 67.3548 	  Tumour 
80 	 1281.23 	 886.881 	 1114.15 	 264.7 	 9946 	 141.192 	 91.0293 	 0.764419 	 0.968263 	 403.605 	 947.055 	 239.099 	 0.252466 	 688.511 	 871.279 	 17075 	 0.886921 	 620.936 	 492.61 	 652.077 	 546.269 	 0.680412 	 633.927 	 662.595 	 98.2082 	 0.150608 	 314 	 619 	 236.694 	 74.0384 	 3 	 4589.18 	 0.46141 	 45.5341 	 17.3733 	 30.3561 	 12.7082 	 165 	 71 	 104.667 	 52.3673 	 58.7227 	 -26.4808 	 23.1572 	 0.227623 	 101.735 	 821 	 2468 	 734.844 	 484.228 	 5 	 4151.82 	 0.417437 	 113.742 	 9.05275 	 62.3546 	 34.9182 	 307 	 31 	 164.2 	 132.724 	  Tumour 
81 	 1269.7 	 1306.15 	 1290.38 	 380.617 	 5613 	 93.7469 	 76.6462 	 0.575805 	 0.962449 	 302.877 	 1959.14 	 773.159 	 0.394641 	 1596.51 	 1883.37 	 7186 	 0.885848 	 401.581 	 427.526 	 557.056 	 451.248 	 1.01072 	 540.414 	 554.619 	 116.662 	 0.209426 	 147 	 451 	 240.027 	 77.3713 	 2 	 1233 	 0.219668 	 35.3388 	 35.3388 	 35.3388 	 0 	 84 	 63 	 73.5 	 14.8492 	 62.7274 	 -22.0037 	 14.6455 	 0.138506 	 105.739 	 136 	 407 	 385.713 	 135.097 	 2 	 1038.62 	 0.185038 	 34.1312 	 34.1312 	 34.1312 	 0 	 69 	 67 	 68 	 1.41421 	  Tumour 
82 	 1267.34 	 1778.11 	 1215.58 	 285.895 	 3855 	 86.4485 	 57.9681 	 0.741864 	 0.94578 	 275.279 	 690.38 	 162.786 	 0.235792 	 453.116 	 614.604 	 5718 	 0.971458 	 308.569 	 299.089 	 408.983 	 303.175 	 0.164384 	 316.708 	 415.595 	 238.983 	 0.584336 	 99 	 104 	 257.778 	 95.1219 	 1 	 0 	 0 	 NaN 	 NaN 	 NaN 	 NaN 	 99 	 99 	 99 	 0 	 27.5217 	 -6.37716 	 13.5669 	 0.192346 	 70.5336 	 0 	 0 	 NaN 	 NaN 	 0 	 0 	 0 	 NaN 	 NaN 	 NaN 	 NaN 	 0 	 0 	 NaN 	 NaN 	  Lymph 
83 	 1293.9 	 1102.66 	 1206.58 	 453.635 	 9389 	 128.721 	 93.8379 	 0.684508 	 0.97074 	 387.889 	 1195.4 	 498.588 	 0.417087 	 943.59 	 1119.63 	 13104 	 0.929362 	 532.434 	 408.793 	 474.096 	 368.288 	 0.242171 	 528.405 	 462.61 	 129.676 	 0.273522 	 67 	 69 	 192.866 	 30.2098 	 1 	 0 	 0 	 NaN 	 NaN 	 NaN 	 NaN 	 67 	 67 	 67 	 0 	 62.3749 	 -0.201861 	 17.6082 	 0.167081 	 105.387 	 551 	 3234 	 482.058 	 231.442 	 6 	 3671.96 	 0.391092 	 73.6696 	 21.6294 	 43.2627 	 15.799 	 250 	 32 	 91.8333 	 80.0485 	  Tumour 
84 	 1290.4 	 145.822 	 1153.05 	 160.012 	 3334 	 103.158 	 42.0001 	 0.913364 	 0.941808 	 251.054 	 1444.46 	 417.402 	 0.288968 	 877.771 	 1368.68 	 5495 	 0.902595 	 356.368 	 717.009 	 769.243 	 663.434 	 0.422156 	 751.156 	 770.144 	 97.2443 	 0.126416 	 125 	 196 	 269.216 	 106.56 	 2 	 650.785 	 0.195196 	 15.1272 	 15.1272 	 15.1272 	 0 	 74 	 51 	 62.5 	 16.2635 	 96.6518 	 -18.791 	 23.1964 	 0.166088 	 139.664 	 331 	 503 	 898.426 	 647.81 	 2 	 540.178 	 0.162021 	 25.3669 	 25.3669 	 25.3669 	 0 	 183 	 148 	 165.5 	 24.7487 	  Tumour 
85 	 1366.16 	 1230.65 	 1330.8 	 347.943 	 20196 	 193.976 	 134.64 	 0.719872 	 0.951968 	 601.512 	 1724.45 	 653.765 	 0.379116 	 1373.11 	 1648.67 	 25009 	 0.844899 	 814.233 	 412.645 	 547.846 	 442.038 	 0.890066 	 558.162 	 538.948 	 111.13 	 0.202848 	 249 	 1894 	 294.205 	 131.549 	 3 	 4544.44 	 0.225017 	 52.898 	 46.0242 	 48.9859 	 3.16097 	 93 	 76 	 83 	 8.88819 	 97.004 	 8.99675 	 23.271 	 0.166203 	 140.016 	 1195 	 5979 	 746.978 	 496.362 	 9 	 2266.74 	 0.112237 	 122.619 	 14.3984 	 59.5721 	 31.2372 	 234 	 52 	 132.778 	 55.3868 	  Tumour 
86 	 1405.4 	 1353.84 	 1428.91 	 239.454 	 12019 	 156.994 	 101.175 	 0.764642 	 0.954647 	 468.902 	 1792.63 	 787.572 	 0.439338 	 1486.62 	 1716.86 	 16048 	 0.895386 	 614.25 	 447.919 	 501.757 	 395.949 	 0.667832 	 580.267 	 454.477 	 180.483 	 0.359702 	 147 	 296 	 334 	 171.344 	 2 	 3352.42 	 0.278927 	 21.3078 	 21.3078 	 21.3078 	 0 	 76 	 71 	 73.5 	 3.53553 	 69.6381 	 3.54234 	 26.5185 	 0.235406 	 112.65 	 659 	 1377 	 1101.36 	 850.742 	 4 	 2816.78 	 0.234361 	 50.7667 	 12.4122 	 31.0035 	 13.6887 	 238 	 98 	 164.75 	 74.0602 	  Tumour 
87 	 1442.39 	 196.114 	 2222.38 	 160.012 	 2788 	 99.6655 	 37.7987 	 0.925292 	 0.925631 	 257.137 	 1213.22 	 613.502 	 0.505681 	 939.262 	 1137.44 	 4363 	 0.943147 	 313.054 	 223.636 	 191.571 	 85.7632 	 0 	 0 	 0 	 95.5278 	 0.498654 	 0 	 0 	 NaN 	 NaN 	 0 	 0 	 0 	 NaN 	 NaN 	 NaN 	 NaN 	 0 	 0 	 NaN 	 NaN 	 17.3783 	 8.62907 	 8.28938 	 0.137264 	 60.3902 	 0 	 0 	 NaN 	 NaN 	 0 	 0 	 0 	 NaN 	 NaN 	 NaN 	 NaN 	 0 	 0 	 NaN 	 NaN 	  Lymph 
88 	 1468.22 	 1220.55 	 1415.26 	 289.365 	 3832 	 75.64 	 65.3549 	 0.503449 	 0.938526 	 252.894 	 1202.6 	 323.951 	 0.269375 	 926.308 	 1126.82 	 13315 	 0.799796 	 683.647 	 482.796 	 535.607 	 429.799 	 0.942308 	 540.255 	 530.242 	 97.9627 	 0.1829 	 0 	 0 	 NaN 	 NaN 	 0 	 0 	 0 	 NaN 	 NaN 	 NaN 	 NaN 	 0 	 0 	 NaN 	 NaN 	 70.868 	 -16.1571 	 15.4597 	 0.135754 	 113.88 	 153 	 278 	 452.438 	 201.822 	 2 	 1208.87 	 0.315467 	 21.436 	 21.436 	 21.436 	 0 	 101 	 52 	 76.5 	 34.6482 	  Tumour 
89 	 1553.78 	 1139.22 	 1457.63 	 203.578 	 15009 	 170.134 	 118.376 	 0.718256 	 0.877976 	 578.441 	 1368.83 	 494.08 	 0.36095 	 1104.42 	 1293.06 	 23986 	 0.820006 	 888.416 	 370.713 	 526.472 	 420.664 	 0.533007 	 577.876 	 498.558 	 151.451 	 0.287671 	 0 	 0 	 NaN 	 NaN 	 0 	 0 	 0 	 NaN 	 NaN 	 NaN 	 NaN 	 0 	 0 	 NaN 	 NaN 	 44.8962 	 -7.47745 	 20.3615 	 0.231622 	 87.9081 	 555 	 2061 	 519.699 	 269.083 	 6 	 4418.42 	 0.294384 	 57.5492 	 9.14219 	 33.4682 	 15.1127 	 198 	 42 	 92.5 	 57.092 	  Tumour 
90 	 1530.87 	 1418.84 	 1569.9 	 98.8585 	 5862 	 92.0282 	 82.0028 	 0.453882 	 0.941687 	 313.362 	 1313.3 	 497.114 	 0.378524 	 1066.05 	 1237.52 	 8467 	 0.874239 	 439.439 	 415.209 	 432.894 	 327.086 	 0.53012 	 575.323 	 379.182 	 179.194 	 0.413944 	 83 	 86 	 262.542 	 99.8863 	 1 	 0 	 0 	 NaN 	 NaN 	 NaN 	 NaN 	 83 	 83 	 83 	 0 	 78.6278 	 19.9993 	 43.8779 	 0.36072 	 121.64 	 127 	 305 	 683.583 	 432.967 	 2 	 2780.49 	 0.474325 	 20.5941 	 20.5941 	 20.5941 	 0 	 76 	 51 	 63.5 	 17.6777 	  Tumour 
91 	 1549.91 	 276.065 	 2230.78 	 290.689 	 4595 	 109.396 	 54 	 0.869678 	 0.957491 	 291.22 	 901.961 	 298.369 	 0.330801 	 587.201 	 826.185 	 6701 	 0.959204 	 347.397 	 269.057 	 267.755 	 161.946 	 0 	 0 	 0 	 83.1438 	 0.310522 	 0 	 0 	 NaN 	 NaN 	 0 	 0 	 0 	 NaN 	 NaN 	 NaN 	 NaN 	 0 	 0 	 NaN 	 NaN 	 13.2634 	 0.505656 	 7.37332 	 0.131022 	 56.2753 	 67 	 69 	 314.537 	 63.9213 	 1 	 0 	 0 	 NaN 	 NaN 	 NaN 	 NaN 	 67 	 67 	 67 	 0 	  Lymph 
92 	 1569.67 	 432.136 	 2131.22 	 353.871 	 3377 	 93.6633 	 46.3361 	 0.869058 	 0.961834 	 239.865 	 1103.62 	 432.806 	 0.392167 	 564.968 	 1027.85 	 5449 	 0.947817 	 323.782 	 281.841 	 294.744 	 188.936 	 0.13289 	 423.75 	 286.309 	 124.059 	 0.420904 	 123 	 621 	 189.195 	 26.5392 	 2 	 123.835 	 0.03667 	 64 	 64 	 64 	 0 	 75 	 48 	 61.5 	 19.0919 	 14.235 	 -0.744805 	 7.92897 	 0.138505 	 57.247 	 0 	 0 	 NaN 	 NaN 	 0 	 0 	 0 	 NaN 	 NaN 	 NaN 	 NaN 	 0 	 0 	 NaN 	 NaN 	  Lymph 
93 	 1605.39 	 1027.5 	 1465.4 	 211.426 	 13204 	 134.56 	 126.258 	 0.345819 	 0.954391 	 473.872 	 1301.84 	 481.123 	 0.369573 	 1000.52 	 1226.06 	 16035 	 0.919807 	 582.291 	 472.796 	 629.403 	 523.595 	 0.523452 	 676.244 	 608.051 	 115.807 	 0.183995 	 117 	 234 	 224.308 	 61.6518 	 2 	 521.063 	 0.0394625 	 18.6814 	 18.6814 	 18.6814 	 0 	 59 	 58 	 58.5 	 0.707107 	 85.0155 	 -0.776651 	 21.8866 	 0.170952 	 128.027 	 780 	 4175 	 555.763 	 305.147 	 9 	 2922.68 	 0.221348 	 87.5582 	 9.36885 	 47.4752 	 22.9634 	 183 	 34 	 78 	 50.3411 	  Tumour 
94 	 1589.34 	 680.033 	 1978.46 	 347.369 	 3433 	 67.0568 	 65.5737 	 0.209147 	 0.977227 	 222.409 	 886.899 	 177.029 	 0.199604 	 651.674 	 811.123 	 5925 	 0.968612 	 312.267 	 361.048 	 472.137 	 366.329 	 0.185668 	 220.404 	 503.61 	 324.502 	 0.687305 	 193 	 817 	 224.01 	 61.3545 	 3 	 107.978 	 0.031453 	 48.5518 	 11.9018 	 33.8851 	 17.3426 	 72 	 58 	 64.3333 	 7.0946 	 33.1037 	 6.40704 	 15.7581 	 0.207028 	 76.1156 	 124 	 194 	 279.798 	 29.1824 	 2 	 536.552 	 0.156293 	 15.1412 	 15.1412 	 15.1412 	 0 	 67 	 57 	 62 	 7.07107 	  Other 
95 	 1635.19 	 1534.73 	 1720.81 	 60.3738 	 9870 	 164.897 	 76.7251 	 0.885158 	 0.970311 	 423.99 	 780.091 	 208.75 	 0.267598 	 537.219 	 704.315 	 12899 	 0.933628 	 539.037 	 266.557 	 377.085 	 271.277 	 0.328032 	 462.976 	 356.129 	 127.493 	 0.338101 	 90 	 600 	 198.556 	 35.8997 	 2 	 696.152 	 0.0705321 	 60.5469 	 60.5469 	 60.5469 	 0 	 63 	 27 	 45 	 25.4558 	 19.8991 	 -16.2246 	 12.0016 	 0.190771 	 62.911 	 140 	 296 	 264.657 	 14.0411 	 2 	 2836.13 	 0.287348 	 22.3074 	 22.3074 	 22.3074 	 0 	 72 	 68 	 70 	 2.82843 	  Tumour 
96 	 1607.75 	 1481.16 	 1612.13 	 60.3738 	 3227 	 91.295 	 47.1523 	 0.856297 	 0.911582 	 300.936 	 878.764 	 279.7 	 0.318289 	 634.431 	 802.988 	 4109 	 0.809177 	 340.267 	 443.268 	 440.029 	 334.22 	 0.526984 	 511.645 	 413.7 	 139.981 	 0.318117 	 8 	 9 	 117.5 	 -45.1559 	 1 	 0 	 0 	 NaN 	 NaN 	 NaN 	 NaN 	 8 	 8 	 8 	 0 	 68.038 	 -2.33133 	 19.7345 	 0.177708 	 111.05 	 0 	 0 	 NaN 	 NaN 	 0 	 0 	 0 	 NaN 	 NaN 	 NaN 	 NaN 	 0 	 0 	 NaN 	 NaN 	  Other 
97 	 1631.73 	 1349.51 	 1620.88 	 133.18 	 16754 	 168.895 	 135.844 	 0.594209 	 0.86499 	 595.529 	 1127.87 	 415.703 	 0.368573 	 871.5 	 1052.09 	 28617 	 0.791815 	 1028.46 	 340.586 	 394.947 	 289.139 	 0.373291 	 555.823 	 359.278 	 189.958 	 0.480971 	 151 	 206 	 215.437 	 52.7812 	 2 	 8315.81 	 0.496348 	 14.3967 	 14.3967 	 14.3967 	 0 	 85 	 66 	 75.5 	 13.435 	 35.8834 	 -1.05134 	 23.2959 	 0.295276 	 78.8953 	 785 	 3871 	 567.455 	 316.839 	 8 	 5248.51 	 0.313269 	 82.7294 	 10.4238 	 44.2853 	 21.0042 	 290 	 34 	 98.125 	 88.6283 	  Tumour 
98 	 1654.86 	 2006.46 	 1594.45 	 471.424 	 5503 	 150.965 	 48.6 	 0.946764 	 0.904206 	 370.735 	 887.063 	 261.176 	 0.294427 	 659.032 	 811.287 	 7899 	 0.911283 	 425.054 	 171.683 	 149.559 	 43.7509 	 0 	 0 	 0 	 60.3217 	 0.40333 	 61 	 63 	 185.902 	 23.2458 	 1 	 0 	 0 	 NaN 	 NaN 	 NaN 	 NaN 	 61 	 61 	 61 	 0 	 11.5836 	 3.38384 	 5.10215 	 0.0934536 	 54.5955 	 201 	 936 	 256.672 	 6.05565 	 3 	 428.315 	 0.077833 	 76.7017 	 24.3376 	 51.3659 	 23.4546 	 69 	 64 	 67 	 2.64575 	  Fib 
99 	 1646.67 	 158.53 	 2382.66 	 357.237 	 6222 	 97.6903 	 83.1682 	 0.524605 	 0.972795 	 315.078 	 908.308 	 330.904 	 0.364308 	 681.101 	 832.532 	 8137 	 0.975893 	 374.711 	 257.099 	 248.201 	 142.392 	 0 	 0 	 0 	 86.1392 	 0.347055 	 0 	 0 	 NaN 	 NaN 	 0 	 0 	 0 	 NaN 	 NaN 	 NaN 	 NaN 	 0 	 0 	 NaN 	 NaN 	 16.0483 	 -1.34293 	 9.11533 	 0.154339 	 59.0603 	 0 	 0 	 NaN 	 NaN 	 0 	 0 	 0 	 NaN 	 NaN 	 NaN 	 NaN 	 0 	 0 	 NaN 	 NaN 	  Lymph 
100 	 1659.33 	 437.959 	 2190.98 	 442.052 	 4608 	 87.5135 	 71.9988 	 0.568451 	 0.904416 	 312.492 	 1808.25 	 840.75 	 0.464952 	 1312.25 	 1732.47 	 6813 	 0.954737 	 347.397 	 311.755 	 295.63 	 189.822 	 0.124242 	 401.585 	 287.267 	 118.862 	 0.402062 	 154 	 326 	 269.851 	 107.195 	 2 	 1290.14 	 0.279979 	 24.6637 	 24.6637 	 24.6637 	 0 	 81 	 73 	 77 	 5.65685 	 20.4822 	 0.78942 	 7.75126 	 0.122078 	 63.4941 	 177 	 241 	 451.887 	 201.271 	 2 	 1550.84 	 0.336553 	 14.3817 	 14.3817 	 14.3817 	 0 	 100 	 77 	 88.5 	 16.2635 	  Lymph 
101 	 1656.37 	 669.365 	 2037.45 	 304.902 	 5643 	 130.492 	 55.8695 	 0.90371 	 0.955307 	 336.434 	 919.016 	 295.103 	 0.321107 	 621.086 	 843.241 	 8098 	 0.900979 	 403.037 	 436.123 	 563.973 	 458.165 	 0.242507 	 466.899 	 578.612 	 502.218 	 0.890501 	 0 	 0 	 NaN 	 NaN 	 0 	 0 	 0 	 NaN 	 NaN 	 NaN 	 NaN 	 0 	 0 	 NaN 	 NaN 	 25.6852 	 8.26934 	 14.4071 	 0.209719 	 68.6971 	 72 	 76 	 238.889 	 -11.7271 	 1 	 0 	 0 	 NaN 	 NaN 	 NaN 	 NaN 	 72 	 72 	 72 	 0 	  Fib 
102 	 1711.95 	 1050.03 	 1574.22 	 133.765 	 9398 	 146.739 	 98.8981 	 0.738755 	 0.824965 	 494.558 	 1259.93 	 557.318 	 0.442341 	 971.633 	 1184.15 	 15417 	 0.735825 	 734.475 	 569.2 	 593.454 	 487.646 	 0.345697 	 662.339 	 579.443 	 125.487 	 0.211452 	 77 	 77 	 266.13 	 103.474 	 1 	 0 	 0 	 NaN 	 NaN 	 NaN 	 NaN 	 77 	 77 	 77 	 0 	 74.1366 	 12.5898 	 16.7205 	 0.142729 	 117.149 	 619 	 2678 	 770.21 	 519.594 	 5 	 1171.97 	 0.124704 	 80.639 	 14.2203 	 43.3422 	 20.7012 	 179 	 75 	 123.8 	 45.2902 	  Tumour 
103 	 1770.41 	 1918.33 	 1708.12 	 406.096 	 4991 	 172.903 	 41.3545 	 0.970976 	 0.857413 	 414.818 	 862.034 	 256.11 	 0.2971 	 629.362 	 786.258 	 7631 	 0.904576 	 460.368 	 188.637 	 144.231 	 38.4224 	 0 	 0 	 0 	 42.1455 	 0.292209 	 64 	 67 	 172.75 	 10.0941 	 1 	 0 	 0 	 NaN 	 NaN 	 NaN 	 NaN 	 64 	 64 	 64 	 0 	 12.0452 	 6.69347 	 6.13735 	 0.111472 	 55.0571 	 0 	 0 	 NaN 	 NaN 	 0 	 0 	 0 	 NaN 	 NaN 	 NaN 	 NaN 	 0 	 0 	 NaN 	 NaN 	  Fib 
104 	 1762.6 	 1766.29 	 1709.67 	 264.093 	 5300 	 151.776 	 51.873 	 0.939783 	 0.802544 	 371.848 	 926.3 	 291.083 	 0.314243 	 711.484 	 850.525 	 8027 	 0.858136 	 439.681 	 180.193 	 151.662 	 45.8536 	 0 	 0 	 152.371 	 44.0021 	 0.290133 	 45 	 45 	 95.8 	 -66.8559 	 1 	 0 	 0 	 NaN 	 NaN 	 NaN 	 NaN 	 45 	 45 	 45 	 0 	 9.63806 	 3.17809 	 6.83289 	 0.129779 	 52.65 	 0 	 0 	 NaN 	 NaN 	 0 	 0 	 0 	 NaN 	 NaN 	 NaN 	 NaN 	 0 	 0 	 NaN 	 NaN 	  Lymph 
105 	 1765.55 	 1440.74 	 1782.27 	 162.985 	 9421 	 153.76 	 79.4122 	 0.856306 	 0.948168 	 416.718 	 1134.64 	 392.639 	 0.346047 	 874.378 	 1058.86 	 17099 	 0.903944 	 658.191 	 390.815 	 392.388 	 286.58 	 0.105611 	 368.828 	 392.34 	 146.607 	 0.373628 	 316 	 2503 	 218.649 	 55.9928 	 4 	 2755.18 	 0.292451 	 58.6962 	 22.766 	 46.0987 	 12.2845 	 139 	 50 	 79 	 40.8493 	 48.8407 	 10.23 	 19.5026 	 0.212325 	 91.8527 	 400 	 1357 	 460.185 	 209.569 	 5 	 3513 	 0.372891 	 49.8226 	 11.8918 	 28.6979 	 13.2836 	 143 	 34 	 80 	 44.6934 	  Tumour 
106 	 1754.01 	 1177.03 	 1855.26 	 133.765 	 1718 	 52.9143 	 42.3207 	 0.600271 	 0.939311 	 165.196 	 1108.08 	 498.65 	 0.450014 	 856.137 	 1032.3 	 2910 	 0.91567 	 236.569 	 538.959 	 525.768 	 419.96 	 0 	 0 	 0 	 74.5738 	 0.141838 	 0 	 0 	 NaN 	 NaN 	 0 	 0 	 0 	 NaN 	 NaN 	 NaN 	 NaN 	 0 	 0 	 NaN 	 NaN 	 67.917 	 11.4445 	 16.3097 	 0.147028 	 110.929 	 0 	 0 	 NaN 	 NaN 	 0 	 0 	 0 	 NaN 	 NaN 	 NaN 	 NaN 	 0 	 0 	 NaN 	 NaN 	  Other 
107 	 1835.42 	 1838.16 	 1775.82 	 360.285 	 4658 	 110.11 	 58.7533 	 0.845746 	 0.877048 	 323.019 	 1199.54 	 494.367 	 0.412129 	 952.145 	 1123.77 	 6949 	 0.921863 	 386.024 	 205.932 	 184.765 	 78.957 	 0 	 0 	 184.902 	 63.9989 	 0.34638 	 90 	 125 	 166.6 	 3.94411 	 2 	 756.493 	 0.162407 	 10 	 10 	 10 	 0 	 45 	 45 	 45 	 0 	 16.5288 	 7.71443 	 8.77031 	 0.147299 	 59.5408 	 73 	 75 	 415.575 	 164.959 	 1 	 0 	 0 	 NaN 	 NaN 	 NaN 	 NaN 	 73 	 73 	 73 	 0 	  Lymph 
108 	 1901.9 	 1484.24 	 1922.03 	 141.089 	 11108 	 249.605 	 64.1521 	 0.966408 	 0.839163 	 605.21 	 1175.9 	 578.626 	 0.492071 	 870.7 	 1100.12 	 15321 	 0.890963 	 689.22 	 281.316 	 247.646 	 141.838 	 0 	 0 	 247.425 	 91.9664 	 0.371362 	 258 	 1566 	 228.326 	 65.6697 	 4 	 1833.86 	 0.165093 	 100.694 	 10.2317 	 63.7814 	 36.8777 	 76 	 51 	 64.5 	 11.2101 	 33.0044 	 5.44068 	 20.7253 	 0.272642 	 76.0163 	 239 	 1221 	 399.895 	 149.279 	 3 	 2275.08 	 0.204814 	 103.185 	 44.4544 	 68.8806 	 27.3572 	 96 	 65 	 79.6667 	 15.5671 	  Tumour 
109 	 1831.81 	 563.785 	 2240.71 	 317.352 	 2666 	 67.3079 	 52.4934 	 0.625904 	 0.958303 	 211.238 	 1134.56 	 438.78 	 0.386742 	 863.638 	 1058.78 	 4564 	 0.840825 	 336.125 	 318.594 	 395.502 	 289.693 	 0.231746 	 752.603 	 341.518 	 316.606 	 0.800518 	 64 	 66 	 205.969 	 43.3129 	 1 	 0 	 0 	 NaN 	 NaN 	 NaN 	 NaN 	 64 	 64 	 64 	 0 	 18.5192 	 8.1391 	 10.955 	 0.17804 	 61.5311 	 81 	 81 	 401.481 	 150.865 	 1 	 0 	 0 	 NaN 	 NaN 	 NaN 	 NaN 	 81 	 81 	 81 	 0 	  Lymph 
110 	 1877.77 	 877.859 	 1692.57 	 153.101 	 7942 	 118.175 	 86.6149 	 0.680297 	 0.962667 	 364.032 	 1282.01 	 536.752 	 0.41868 	 984.043 	 1206.23 	 13188 	 0.92919 	 544.191 	 746.414 	 661.547 	 555.739 	 0 	 0 	 0 	 420.269 	 0.635282 	 182 	 2948 	 271.148 	 108.492 	 3 	 684.683 	 0.0862103 	 71.6797 	 61.8907 	 67.76 	 4.63091 	 70 	 55 	 60.6667 	 8.14453 	 35.4967 	 3.28239 	 15.9429 	 0.203072 	 78.5087 	 144 	 908 	 368.354 	 117.738 	 2 	 416.88 	 0.0524906 	 80.5939 	 80.5939 	 80.5939 	 0 	 78 	 66 	 72 	 8.48528 	  Tumour 
111 	 1843.11 	 629.339 	 2210.3 	 251.448 	 1719 	 60.2559 	 36.6153 	 0.794194 	 0.955531 	 174.752 	 716.457 	 216.686 	 0.302441 	 354.59 	 640.681 	 3483 	 0.88852 	 281.054 	 1035.84 	 941.733 	 835.925 	 0.282443 	 731.432 	 973.8 	 348.175 	 0.369718 	 0 	 0 	 NaN 	 NaN 	 0 	 0 	 0 	 NaN 	 NaN 	 NaN 	 NaN 	 0 	 0 	 NaN 	 NaN 	 37.4767 	 3.53124 	 8.42703 	 0.104698 	 80.4887 	 0 	 0 	 NaN 	 NaN 	 0 	 0 	 0 	 NaN 	 NaN 	 NaN 	 NaN 	 0 	 0 	 NaN 	 NaN 	  Other 
112 	 1896.92 	 1625 	 1861.5 	 141.089 	 7558 	 151.398 	 68.6922 	 0.891145 	 0.859743 	 406.073 	 1146.47 	 382.68 	 0.33379 	 854.724 	 1070.7 	 10518 	 0.923117 	 480.451 	 235.746 	 229.144 	 123.336 	 0 	 0 	 0 	 77.0239 	 0.336137 	 185 	 495 	 197.351 	 34.6955 	 2 	 3699.18 	 0.489439 	 32.9131 	 32.9131 	 32.9131 	 0 	 117 	 68 	 92.5 	 34.6482 	 18.9481 	 1.94381 	 7.13467 	 0.11515 	 61.96 	 147 	 530 	 276.864 	 26.248 	 2 	 3955.88 	 0.523403 	 44.2367 	 44.2367 	 44.2367 	 0 	 91 	 56 	 73.5 	 24.7487 	  Fib 
113 	 1936.59 	 112.24 	 2617.23 	 647.893 	 5960 	 138.566 	 59.8791 	 0.901809 	 0.877116 	 365.948 	 1422.22 	 654.517 	 0.460208 	 1116.66 	 1346.45 	 7494 	 0.813681 	 439.439 	 311.817 	 280.489 	 174.681 	 0.296386 	 408.114 	 255.491 	 115.868 	 0.413092 	 157 	 687 	 266.185 	 103.529 	 2 	 542.26 	 0.0909832 	 54.3536 	 54.3536 	 54.3536 	 0 	 81 	 76 	 78.5 	 3.53553 	 34.9042 	 23.1367 	 19.8487 	 0.254745 	 77.9161 	 202 	 963 	 397.386 	 146.77 	 3 	 454.114 	 0.0761936 	 46.0379 	 27.2631 	 34.1635 	 9.23817 	 93 	 34 	 67.3333 	 30.2379 	  Lymph 
114 	 1930.1 	 733.881 	 2222.4 	 153.101 	 2941 	 102.476 	 37.6192 	 0.930181 	 0.915629 	 261.907 	 667.433 	 158.719 	 0.237805 	 415.075 	 591.657 	 5556 	 0.90651 	 334.024 	 836.666 	 856.513 	 750.705 	 0 	 0 	 0 	 321.161 	 0.374963 	 381 	 1438 	 389.475 	 226.819 	 4 	 1069.61 	 0.363688 	 45.2415 	 23.7234 	 30.1646 	 7.72737 	 130 	 48 	 95.25 	 35.3023 	 60.6525 	 3.71825 	 26.7255 	 0.257808 	 103.664 	 0 	 0 	 NaN 	 NaN 	 0 	 0 	 0 	 NaN 	 NaN 	 NaN 	 NaN 	 0 	 0 	 NaN 	 NaN 	  Fib 
115 	 1927.56 	 1299.58 	 1972.05 	 80.1561 	 2536 	 94.6696 	 35.8111 	 0.925693 	 0.934759 	 232.551 	 957.717 	 332.063 	 0.346724 	 699.821 	 881.941 	 4620 	 0.864036 	 339.539 	 529.49 	 538.003 	 432.195 	 0.235849 	 458.693 	 552.53 	 114.76 	 0.213308 	 0 	 0 	 NaN 	 NaN 	 0 	 0 	 0 	 NaN 	 NaN 	 NaN 	 NaN 	 0 	 0 	 NaN 	 NaN 	 54.9632 	 1.44821 	 9.98665 	 0.10193 	 97.9752 	 0 	 0 	 NaN 	 NaN 	 0 	 0 	 0 	 NaN 	 NaN 	 NaN 	 NaN 	 0 	 0 	 NaN 	 NaN 	  Other 
116 	 1933.17 	 1220.21 	 1839.34 	 80.1561 	 5960 	 92.36 	 83.2618 	 0.432796 	 0.958816 	 305.179 	 888.164 	 270.343 	 0.304384 	 657.101 	 812.389 	 8209 	 0.941075 	 391.095 	 223.77 	 336.649 	 230.841 	 0.279452 	 446.794 	 315.505 	 131.628 	 0.390994 	 64 	 66 	 126.078 	 -36.5778 	 1 	 0 	 0 	 NaN 	 NaN 	 NaN 	 NaN 	 64 	 64 	 64 	 0 	 25.2042 	 1.74767 	 13.0911 	 0.191906 	 68.2161 	 285 	 688 	 571.291 	 320.675 	 3 	 610.459 	 0.102426 	 30.1236 	 18.5298 	 23.1146 	 5.51445 	 186 	 30 	 95 	 81.185 	  Tumour 
117 	 1929.2 	 258.365 	 2511.59 	 622.094 	 2659 	 74.7273 	 45.8025 	 0.790138 	 0.978653 	 202.894 	 873.798 	 301.562 	 0.345116 	 651.819 	 798.023 	 4730 	 0.958849 	 294.368 	 317.556 	 329.129 	 223.32 	 0 	 0 	 0 	 94.5419 	 0.287249 	 0 	 0 	 NaN 	 NaN 	 0 	 0 	 0 	 NaN 	 NaN 	 NaN 	 NaN 	 0 	 0 	 NaN 	 NaN 	 18.897 	 7.32286 	 9.39029 	 0.151679 	 61.909 	 0 	 0 	 NaN 	 NaN 	 0 	 0 	 0 	 NaN 	 NaN 	 NaN 	 NaN 	 0 	 0 	 NaN 	 NaN 	  Lymph 
118 	 1948.38 	 59.5454 	 2661.56 	 663.596 	 3667 	 79.2402 	 60.5824 	 0.644574 	 0.937133 	 255.078 	 1195.82 	 460.768 	 0.385314 	 769.696 	 1120.05 	 5560 	 0.936027 	 325.539 	 291.937 	 345.523 	 239.715 	 0.411184 	 415.296 	 330.656 	 86.9415 	 0.251623 	 42 	 43 	 162.5 	 -0.155889 	 1 	 0 	 0 	 NaN 	 NaN 	 NaN 	 NaN 	 42 	 42 	 42 	 0 	 22.3728 	 -0.410837 	 18.4495 	 0.282169 	 65.3848 	 0 	 0 	 NaN 	 NaN 	 0 	 0 	 0 	 NaN 	 NaN 	 NaN 	 NaN 	 0 	 0 	 NaN 	 NaN 	  Lymph 
119 	 1989.39 	 1120.17 	 1859.39 	 190.055 	 3840 	 76.3165 	 65.3646 	 0.516158 	 0.937958 	 261.037 	 915.901 	 311.462 	 0.340061 	 514.179 	 840.125 	 7433 	 0.913257 	 410.51 	 521.251 	 523.24 	 417.431 	 0.171875 	 535.045 	 522.148 	 173.789 	 0.33214 	 0 	 0 	 NaN 	 NaN 	 0 	 0 	 0 	 NaN 	 NaN 	 NaN 	 NaN 	 0 	 0 	 NaN 	 NaN 	 77.9313 	 4.44924 	 26.2659 	 0.217176 	 120.943 	 0 	 0 	 NaN 	 NaN 	 0 	 0 	 0 	 NaN 	 NaN 	 NaN 	 NaN 	 0 	 0 	 NaN 	 NaN 	  Tumour 
120 	 2011.09 	 1350.1 	 2035.77 	 111.611 	 4787 	 110.013 	 56.8174 	 0.856311 	 0.947546 	 290.877 	 1068.94 	 384.931 	 0.360106 	 784.976 	 993.161 	 7033 	 0.911365 	 397.823 	 294.114 	 274.008 	 168.2 	 0.179348 	 497.03 	 247.829 	 113.765 	 0.41519 	 69 	 71 	 205.667 	 43.0108 	 1 	 0 	 0 	 NaN 	 NaN 	 NaN 	 NaN 	 69 	 69 	 69 	 0 	 25.7675 	 11.8614 	 8.72258 	 0.12682 	 68.7794 	 0 	 0 	 NaN 	 NaN 	 0 	 0 	 0 	 NaN 	 NaN 	 NaN 	 NaN 	 0 	 0 	 NaN 	 NaN 	  Other 
121 	 2035.15 	 1240.61 	 1942.19 	 111.611 	 10888 	 131.079 	 109.18 	 0.553368 	 0.94138 	 444.96 	 1941.07 	 910.338 	 0.468988 	 1578.52 	 1865.29 	 13012 	 0.911013 	 528.108 	 519.315 	 535.471 	 429.663 	 0.518367 	 551.169 	 524.367 	 173.029 	 0.323135 	 223 	 587 	 339.807 	 177.151 	 2 	 847.868 	 0.0778718 	 41.6957 	 41.6957 	 41.6957 	 0 	 116 	 107 	 111.5 	 6.36396 	 81.0625 	 10.8092 	 34.6356 	 0.279152 	 124.074 	 514 	 1864 	 735.302 	 484.686 	 6 	 2441.12 	 0.224203 	 80.4254 	 9.51445 	 35.9205 	 24.0735 	 99 	 45 	 85.6667 	 20.4124 	  Tumour 
122 	 2066.11 	 989.269 	 1899.39 	 200.34 	 6266 	 108.294 	 75.5291 	 0.71664 	 0.96862 	 310.693 	 1956.45 	 635.538 	 0.324843 	 1065.35 	 1880.67 	 10618 	 0.982239 	 398.191 	 543.196 	 511.798 	 405.989 	 0 	 0 	 0 	 124.018 	 0.242318 	 90 	 119 	 286.289 	 123.633 	 2 	 778.667 	 0.124269 	 10.0499 	 10.0499 	 10.0499 	 0 	 45 	 45 	 45 	 0 	 55.9863 	 -11.4992 	 11.676 	 0.117941 	 98.9982 	 1297 	 1989 	 688.557 	 437.941 	 4 	 2029.1 	 0.323827 	 65.0255 	 22.4944 	 38.8612 	 16.258 	 1053 	 45 	 324.25 	 486.89 	  Tumour 
123 	 2059.3 	 1748.85 	 2005.92 	 308.016 	 1045 	 53.3635 	 27.0768 	 0.861709 	 0.844103 	 175.823 	 651.874 	 143.828 	 0.220638 	 311.878 	 576.098 	 3150 	 0.881859 	 299.196 	 530.17 	 560.38 	 454.572 	 0 	 0 	 0 	 206.873 	 0.369165 	 0 	 0 	 NaN 	 NaN 	 0 	 0 	 0 	 NaN 	 NaN 	 NaN 	 NaN 	 0 	 0 	 NaN 	 NaN 	 44.1603 	 0.769846 	 8.2881 	 0.0950772 	 87.1722 	 0 	 0 	 NaN 	 NaN 	 0 	 0 	 0 	 NaN 	 NaN 	 NaN 	 NaN 	 0 	 0 	 NaN 	 NaN 	  Other 
124 	 2119.33 	 1136.56 	 1988.64 	 122.004 	 15486 	 146.499 	 135.974 	 0.372205 	 0.98168 	 480.659 	 1988.45 	 760.548 	 0.382483 	 1630.65 	 1912.67 	 19972 	 0.929017 	 640.836 	 544.52 	 666.564 	 560.756 	 0.557596 	 670.832 	 661.572 	 142.778 	 0.214201 	 77 	 81 	 362.494 	 199.838 	 1 	 0 	 0 	 NaN 	 NaN 	 NaN 	 NaN 	 77 	 77 	 77 	 0 	 118.324 	 -21.9176 	 56.5883 	 0.350749 	 161.336 	 572 	 3873 	 751.229 	 500.613 	 6 	 3602.11 	 0.232604 	 85.2624 	 14.3941 	 48.925 	 19.556 	 142 	 55 	 95.3333 	 39.9633 	  Tumour 
125 	 2102.08 	 2000.07 	 2040.94 	 553.404 	 2629 	 64.9686 	 53.2327 	 0.573278 	 0.921486 	 212.752 	 795.219 	 214.01 	 0.269121 	 565.118 	 719.443 	 3554 	 0.958727 	 236.669 	 316.035 	 265.381 	 159.573 	 0.165919 	 230.081 	 269.318 	 104.841 	 0.395057 	 8 	 8 	 170.875 	 8.21911 	 1 	 0 	 0 	 NaN 	 NaN 	 NaN 	 NaN 	 8 	 8 	 8 	 0 	 23.5894 	 2.10543 	 17.4513 	 0.262026 	 66.6014 	 0 	 0 	 NaN 	 NaN 	 0 	 0 	 0 	 NaN 	 NaN 	 NaN 	 NaN 	 0 	 0 	 NaN 	 NaN 	  Lymph 
126 	 2155.64 	 778.473 	 2393.83 	 229.393 	 3422 	 82.3061 	 53.3145 	 0.761846 	 0.962317 	 240.551 	 982.014 	 306.77 	 0.312389 	 597.773 	 906.238 	 5245 	 0.916317 	 334.167 	 343.13 	 362.954 	 257.146 	 0 	 0 	 0 	 117.943 	 0.324953 	 68 	 68 	 200.044 	 37.3882 	 1 	 0 	 0 	 NaN 	 NaN 	 NaN 	 NaN 	 68 	 68 	 68 	 0 	 25.4249 	 10.6834 	 12.2861 	 0.179525 	 68.4369 	 69 	 69 	 357.855 	 107.239 	 1 	 0 	 0 	 NaN 	 NaN 	 NaN 	 NaN 	 69 	 69 	 69 	 0 	  Lymph 
127 	 2156.45 	 2009.84 	 2095.24 	 584.116 	 3043 	 74.5098 	 53.3978 	 0.697429 	 0.956016 	 231.723 	 1269.89 	 514.584 	 0.405221 	 992.493 	 1194.11 	 4462 	 0.959776 	 272.912 	 248.202 	 226.601 	 120.793 	 0.127907 	 337.061 	 219.151 	 76.7312 	 0.338619 	 153 	 1069 	 206.229 	 43.5729 	 3 	 405.504 	 0.133258 	 54.9372 	 26.3915 	 39.5578 	 12.8806 	 67 	 40 	 51 	 14.1774 	 13.9043 	 6.01489 	 5.82649 	 0.10237 	 56.9162 	 209 	 303 	 372.416 	 121.8 	 1 	 0 	 0 	 NaN 	 NaN 	 NaN 	 NaN 	 209 	 209 	 209 	 0 	  Lymph 
128 	 2214.57 	 1643.49 	 2173.12 	 351.07 	 3250 	 149.637 	 28.6968 	 0.981439 	 0.866205 	 333.304 	 946.399 	 294.897 	 0.311599 	 402.465 	 870.624 	 5570 	 0.915817 	 397.137 	 239.491 	 248.272 	 142.464 	 0 	 0 	 0 	 51.5462 	 0.20762 	 95 	 270 	 196.337 	 33.681 	 2 	 325.622 	 0.100192 	 32.705 	 32.705 	 32.705 	 0 	 72 	 23 	 47.5 	 34.6482 	 15.9096 	 0.845826 	 10.0832 	 0.171129 	 58.9215 	 118 	 862 	 276.28 	 25.6637 	 2 	 282.821 	 0.0870218 	 89.9443 	 89.9443 	 89.9443 	 0 	 62 	 56 	 59 	 4.24264 	  Fib 
129 	 2193.48 	 1233.95 	 2244.28 	 122.004 	 2073 	 64.6878 	 41.8667 	 0.76231 	 0.964186 	 184.995 	 1101.41 	 406.056 	 0.368669 	 857.747 	 1025.64 	 4158 	 0.825 	 347.196 	 431.08 	 418.747 	 312.939 	 0.141975 	 643.609 	 402.568 	 140.554 	 0.335654 	 0 	 0 	 NaN 	 NaN 	 0 	 0 	 0 	 NaN 	 NaN 	 NaN 	 NaN 	 0 	 0 	 NaN 	 NaN 	 43.1188 	 5.82159 	 10.9782 	 0.12746 	 86.1307 	 128 	 143 	 450.094 	 199.478 	 1 	 0 	 0 	 NaN 	 NaN 	 NaN 	 NaN 	 128 	 128 	 128 	 0 	  Other 
130 	 2222.9 	 1434.45 	 2218.99 	 269.431 	 4889 	 101.522 	 63.5782 	 0.779623 	 0.946014 	 297.22 	 889.623 	 303.987 	 0.341703 	 657.661 	 813.847 	 6994 	 0.95651 	 351.882 	 234.249 	 209.563 	 103.755 	 0 	 0 	 0 	 71.1591 	 0.339559 	 0 	 0 	 NaN 	 NaN 	 0 	 0 	 0 	 NaN 	 NaN 	 NaN 	 NaN 	 0 	 0 	 NaN 	 NaN 	 15.3211 	 6.79884 	 7.33197 	 0.125692 	 58.333 	 0 	 0 	 NaN 	 NaN 	 0 	 0 	 0 	 NaN 	 NaN 	 NaN 	 NaN 	 0 	 0 	 NaN 	 NaN 	  Lymph 
131 	 2236.27 	 1094.82 	 2331.72 	 124.31 	 3562 	 87.527 	 52.9263 	 0.796465 	 0.938356 	 255.279 	 717.042 	 176.053 	 0.245527 	 484.899 	 641.266 	 10798 	 0.853867 	 536.451 	 482.879 	 479.032 	 373.224 	 0.294 	 688.912 	 443.739 	 187.771 	 0.391981 	 0 	 0 	 NaN 	 NaN 	 0 	 0 	 0 	 NaN 	 NaN 	 NaN 	 NaN 	 0 	 0 	 NaN 	 NaN 	 109.423 	 11.8652 	 35.0556 	 0.22997 	 152.435 	 0 	 0 	 NaN 	 NaN 	 0 	 0 	 0 	 NaN 	 NaN 	 NaN 	 NaN 	 0 	 0 	 NaN 	 NaN 	  Lymph 
132 	 2239.59 	 694.623 	 2507.73 	 341.631 	 3929 	 95.6431 	 53.6811 	 0.827636 	 0.926214 	 272.25 	 940.572 	 291.916 	 0.31036 	 650.327 	 864.797 	 6068 	 0.883132 	 367.806 	 536.147 	 571.685 	 465.877 	 0.17757 	 495.93 	 578.401 	 236.205 	 0.413173 	 0 	 0 	 NaN 	 NaN 	 0 	 0 	 0 	 NaN 	 NaN 	 NaN 	 NaN 	 0 	 0 	 NaN 	 NaN 	 47.0476 	 -4.34763 	 20.738 	 0.23027 	 90.0596 	 0 	 0 	 NaN 	 NaN 	 0 	 0 	 0 	 NaN 	 NaN 	 NaN 	 NaN 	 0 	 0 	 NaN 	 NaN 	  Lymph 
133 	 2281.07 	 1837.72 	 2221.25 	 518.611 	 3869 	 76.3712 	 65.425 	 0.515863 	 0.976774 	 243.622 	 1127.52 	 479.673 	 0.425425 	 887.183 	 1051.74 	 5826 	 0.951961 	 320.125 	 282.44 	 295.796 	 189.988 	 0 	 0 	 0 	 105.858 	 0.357875 	 93 	 208 	 173.935 	 11.2796 	 2 	 1307.81 	 0.338022 	 19.6609 	 19.6609 	 19.6609 	 0 	 56 	 37 	 46.5 	 13.435 	 24.2085 	 4.89069 	 10.9354 	 0.16268 	 67.2205 	 77 	 78 	 367.649 	 117.033 	 1 	 0 	 0 	 NaN 	 NaN 	 NaN 	 NaN 	 77 	 77 	 77 	 0 	  Lymph 
134 	 2289.85 	 652.59 	 2572 	 403.822 	 3304 	 67.5364 	 63.0614 	 0.357954 	 0.970623 	 225.137 	 1213.15 	 423.149 	 0.348803 	 930.026 	 1137.37 	 4938 	 0.920239 	 320.652 	 412.329 	 363.762 	 257.954 	 0.27931 	 365.42 	 364.383 	 133.964 	 0.368273 	 249 	 751 	 274.651 	 111.995 	 2 	 304.694 	 0.0922198 	 38.3223 	 38.3223 	 38.3223 	 0 	 167 	 82 	 124.5 	 60.1041 	 33.2965 	 16.1456 	 13.818 	 0.181081 	 76.3084 	 114 	 137 	 380.912 	 130.296 	 2 	 337.301 	 0.102089 	 10.1477 	 10.1477 	 10.1477 	 0 	 73 	 41 	 57 	 22.6274 	  Lymph 
135 	 2288.09 	 1948.62 	 2226.03 	 604.335 	 2414 	 64.8867 	 47.9442 	 0.673824 	 0.976142 	 190.468 	 2275.63 	 888.277 	 0.390344 	 1767.09 	 2199.85 	 3754 	 0.972035 	 240.326 	 250.643 	 203.889 	 98.0807 	 0 	 0 	 0 	 72.7819 	 0.356968 	 190 	 418 	 244.484 	 81.8283 	 2 	 256.695 	 0.106336 	 23.4131 	 23.4131 	 23.4131 	 0 	 105 	 85 	 95 	 14.1421 	 23.5722 	 8.15764 	 5.75348 	 0.0864092 	 66.5841 	 268 	 359 	 522.821 	 272.205 	 2 	 224.027 	 0.0928033 	 15.8183 	 15.8183 	 15.8183 	 0 	 175 	 93 	 134 	 57.9828 	  Lymph 
136 	 2339.81 	 712.716 	 2586.49 	 388.911 	 4447 	 103.913 	 55.4147 	 0.845938 	 0.948188 	 283.563 	 1913.68 	 861.273 	 0.450062 	 1476.64 	 1837.9 	 7521 	 0.889954 	 410.551 	 396.302 	 431.517 	 325.709 	 0.132626 	 418.44 	 434.219 	 167.263 	 0.387615 	 248 	 691 	 253.218 	 90.5619 	 3 	 813.529 	 0.182939 	 49.676 	 14.4093 	 33.2891 	 15.8895 	 127 	 55 	 82.6667 	 38.7857 	 25.1041 	 -0.395553 	 11.3645 	 0.16684 	 68.116 	 119 	 484 	 367.311 	 116.695 	 2 	 1245.78 	 0.280139 	 44.6298 	 44.6298 	 44.6298 	 0 	 69 	 50 	 59.5 	 13.435 	  Lymph 
137 	 2337.26 	 1283.22 	 2367.41 	 262.374 	 1892 	 70.0835 	 35.5426 	 0.86186 	 0.942231 	 190.409 	 669.436 	 173.185 	 0.258703 	 475.781 	 593.66 	 3401 	 0.940542 	 248.083 	 260.526 	 217.919 	 112.111 	 0 	 0 	 0 	 68.596 	 0.314778 	 0 	 0 	 NaN 	 NaN 	 0 	 0 	 0 	 NaN 	 NaN 	 NaN 	 NaN 	 0 	 0 	 NaN 	 NaN 	 16.4548 	 7.34186 	 8.12765 	 0.136676 	 59.4667 	 0 	 0 	 NaN 	 NaN 	 0 	 0 	 0 	 NaN 	 NaN 	 NaN 	 NaN 	 0 	 0 	 NaN 	 NaN 	  Other 
138 	 2363.27 	 574.748 	 2674.39 	 509.514 	 3603 	 107.154 	 43.6023 	 0.913467 	 0.948657 	 262.25 	 2144.99 	 1040.9 	 0.485272 	 1561.64 	 2069.21 	 9029 	 0.849868 	 541.907 	 588.198 	 720.9 	 615.091 	 0 	 0 	 720.401 	 491.586 	 0.681906 	 141 	 367 	 250.149 	 87.493 	 2 	 793.852 	 0.220331 	 25.653 	 25.653 	 25.653 	 0 	 95 	 46 	 70.5 	 34.6482 	 18.0808 	 0.263134 	 8.35284 	 0.136724 	 61.0927 	 368 	 696 	 374.546 	 123.93 	 2 	 436.269 	 0.121085 	 23.5582 	 23.5582 	 23.5582 	 0 	 293 	 75 	 184 	 154.149 	  Fib 
139 	 2475.03 	 1939.1 	 2413 	 731.679 	 4513 	 96.3192 	 60.4929 	 0.778176 	 0.979809 	 266.551 	 1146.2 	 455.881 	 0.397733 	 890.243 	 1070.42 	 6971 	 0.90333 	 371.882 	 329.946 	 354.364 	 248.555 	 0.0454545 	 244.5 	 355.404 	 293.837 	 0.829195 	 109 	 547 	 181.954 	 19.2982 	 2 	 1559.8 	 0.345625 	 53.7204 	 53.7204 	 53.7204 	 0 	 78 	 31 	 54.5 	 33.234 	 13.2921 	 -0.484167 	 7.15087 	 0.127005 	 56.304 	 0 	 0 	 NaN 	 NaN 	 0 	 0 	 0 	 NaN 	 NaN 	 NaN 	 NaN 	 0 	 0 	 NaN 	 NaN 	  Lymph 
140 	 2508.9 	 1263.4 	 2538.39 	 409.849 	 7643 	 148.896 	 67.4372 	 0.891554 	 0.965513 	 370.475 	 1051.5 	 323.599 	 0.30775 	 711.2 	 975.723 	 11138 	 0.883057 	 557.421 	 277.177 	 316.095 	 210.287 	 0.187984 	 462.66 	 297.699 	 106.349 	 0.336445 	 73 	 76 	 187.562 	 24.9058 	 1 	 0 	 0 	 NaN 	 NaN 	 NaN 	 NaN 	 73 	 73 	 73 	 0 	 29.0121 	 5.00563 	 19.0983 	 0.265166 	 72.0241 	 154 	 553 	 272.403 	 21.7866 	 2 	 457.069 	 0.0598024 	 44.4096 	 44.4096 	 44.4096 	 0 	 87 	 67 	 77 	 14.1421 	  Lymph 
141 	 2490.85 	 1609.53 	 2451.05 	 586.598 	 3123 	 75.1362 	 53.2232 	 0.705854 	 0.967772 	 225.338 	 2595.56 	 1143.85 	 0.440696 	 2025.02 	 2519.78 	 4632 	 0.969038 	 278.912 	 359.356 	 300.966 	 195.158 	 0 	 0 	 0 	 157.6 	 0.523649 	 149 	 343 	 349.141 	 186.485 	 2 	 168.69 	 0.0540153 	 26.9021 	 26.9021 	 26.9021 	 0 	 77 	 72 	 74.5 	 3.53553 	 40.8142 	 3.39607 	 22.9517 	 0.273801 	 83.8261 	 0 	 0 	 NaN 	 NaN 	 0 	 0 	 0 	 NaN 	 NaN 	 NaN 	 NaN 	 0 	 0 	 NaN 	 NaN 	  Lymph 
142 	 2535.78 	 108.373 	 3077.27 	 998.529 	 3738 	 76.9656 	 62.6515 	 0.580837 	 0.966391 	 238.007 	 1802 	 925.209 	 0.513435 	 1476.41 	 1726.22 	 6369 	 0.923713 	 366.794 	 335.426 	 329.831 	 224.023 	 0.225904 	 570.693 	 292.943 	 168.703 	 0.511483 	 0 	 0 	 NaN 	 NaN 	 0 	 0 	 0 	 NaN 	 NaN 	 NaN 	 NaN 	 0 	 0 	 NaN 	 NaN 	 19.3698 	 6.79551 	 5.9795 	 0.0958533 	 62.3818 	 161 	 213 	 396.242 	 145.626 	 2 	 1983.5 	 0.53063 	 9.90086 	 9.90086 	 9.90086 	 0 	 118 	 43 	 80.5 	 53.033 	  Lymph 
143 	 2568.4 	 1864.61 	 2507.06 	 767.279 	 6404 	 131.939 	 62.3016 	 0.881492 	 0.958683 	 339.463 	 1337.47 	 592.493 	 0.442995 	 1063.91 	 1261.7 	 9229 	 0.900918 	 472.652 	 437.32 	 470.299 	 364.49 	 0.0361991 	 245 	 475.853 	 252.876 	 0.537693 	 161 	 1291 	 282.957 	 120.301 	 3 	 1541.07 	 0.240642 	 56.5134 	 25.7897 	 45.3032 	 15.1709 	 72 	 31 	 53.6667 	 20.8407 	 34.4137 	 1.32094 	 15.2768 	 0.19731 	 77.4257 	 152 	 250 	 463.257 	 212.641 	 2 	 283.149 	 0.0442143 	 16.6856 	 16.6856 	 16.6856 	 0 	 78 	 74 	 76 	 2.82843 	  Lymph 
144 	 2562.01 	 1352.66 	 2567.53 	 492.854 	 4384 	 98.4289 	 58.4316 	 0.804729 	 0.932171 	 281.421 	 1288.86 	 711.414 	 0.551972 	 1026.71 	 1213.08 	 6305 	 0.946412 	 350.711 	 297.486 	 224.727 	 118.919 	 0 	 0 	 0 	 70.1333 	 0.312082 	 82 	 85 	 221.024 	 58.3685 	 1 	 0 	 0 	 NaN 	 NaN 	 NaN 	 NaN 	 82 	 82 	 82 	 0 	 26.5788 	 14.4214 	 9.40837 	 0.135196 	 69.5908 	 0 	 0 	 NaN 	 NaN 	 0 	 0 	 0 	 NaN 	 NaN 	 NaN 	 NaN 	 0 	 0 	 NaN 	 NaN 	  Lymph 
145 	 2542.16 	 1013.07 	 2646.89 	 440.8 	 1379 	 54.1629 	 35.5989 	 0.753668 	 0.889677 	 155.983 	 1587.27 	 582.826 	 0.367186 	 992.434 	 1511.5 	 3080 	 0.922432 	 245.154 	 764.583 	 752.795 	 646.987 	 0.165939 	 1592.11 	 654.884 	 590.491 	 0.784398 	 0 	 0 	 NaN 	 NaN 	 0 	 0 	 0 	 NaN 	 NaN 	 NaN 	 NaN 	 0 	 0 	 NaN 	 NaN 	 27.1461 	 4.06934 	 8.90873 	 0.126981 	 70.1581 	 116 	 119 	 383.784 	 133.168 	 1 	 0 	 0 	 NaN 	 NaN 	 NaN 	 NaN 	 116 	 116 	 116 	 0 	  Other 
146 	 2562.75 	 531.648 	 2869.12 	 675.173 	 3669 	 91.3159 	 51.5652 	 0.825303 	 0.970892 	 245.865 	 1332.18 	 654.85 	 0.491562 	 1059.34 	 1256.41 	 7523 	 0.788905 	 492.936 	 441.554 	 449.566 	 343.758 	 0 	 0 	 0 	 232.641 	 0.51748 	 69 	 69 	 307.58 	 144.924 	 1 	 0 	 0 	 NaN 	 NaN 	 NaN 	 NaN 	 69 	 69 	 69 	 0 	 19.3495 	 8.80426 	 9.7038 	 0.155606 	 62.3614 	 75 	 77 	 461.373 	 210.757 	 1 	 0 	 0 	 NaN 	 NaN 	 NaN 	 NaN 	 75 	 75 	 75 	 0 	  Lymph 
147 	 2576.19 	 900.985 	 2719.48 	 514.339 	 4431 	 129.079 	 51.0649 	 0.918419 	 0.837935 	 327.605 	 1406.68 	 499.241 	 0.354907 	 855.962 	 1330.9 	 9155 	 0.755301 	 545.706 	 615.69 	 663.393 	 557.585 	 0.0625 	 1898.03 	 625.413 	 479.908 	 0.723414 	 68 	 68 	 328.426 	 165.771 	 1 	 0 	 0 	 NaN 	 NaN 	 NaN 	 NaN 	 68 	 68 	 68 	 0 	 26.3738 	 6.0957 	 11.3072 	 0.162962 	 69.3857 	 226 	 303 	 442.239 	 191.623 	 2 	 672.067 	 0.151674 	 17.8876 	 17.8876 	 17.8876 	 0 	 141 	 85 	 113 	 39.598 	  Fib 
148 	 2572.74 	 2031.39 	 2512.72 	 865.708 	 2601 	 75.2054 	 44.8862 	 0.802354 	 0.968715 	 209.622 	 1267.03 	 597.019 	 0.471196 	 1029.85 	 1191.25 	 4260 	 0.962494 	 274.225 	 253.078 	 211.629 	 105.821 	 0 	 0 	 0 	 28.3475 	 0.133949 	 0 	 0 	 NaN 	 NaN 	 0 	 0 	 0 	 NaN 	 NaN 	 NaN 	 NaN 	 0 	 0 	 NaN 	 NaN 	 20.053 	 9.7285 	 7.28961 	 0.115589 	 63.065 	 111 	 117 	 413.667 	 163.051 	 1 	 0 	 0 	 NaN 	 NaN 	 NaN 	 NaN 	 111 	 111 	 111 	 0 	  Lymph 
149 	 2584.59 	 1194.66 	 2630.13 	 469.596 	 2247 	 64.6152 	 46.0075 	 0.702157 	 0.897364 	 201.037 	 2430.56 	 971.875 	 0.399856 	 1635.38 	 2354.79 	 3182 	 0.86163 	 263.238 	 505.356 	 476.876 	 371.067 	 0.579399 	 514.052 	 460.482 	 136.98 	 0.287245 	 0 	 0 	 NaN 	 NaN 	 0 	 0 	 0 	 NaN 	 NaN 	 NaN 	 NaN 	 0 	 0 	 NaN 	 NaN 	 38.6877 	 -1.25326 	 16.4376 	 0.201196 	 81.6996 	 0 	 0 	 NaN 	 NaN 	 0 	 0 	 0 	 NaN 	 NaN 	 NaN 	 NaN 	 0 	 0 	 NaN 	 NaN 	  Lymph 
150 	 2595.33 	 165.6 	 3091.29 	 978.351 	 3767 	 77.1032 	 63.914 	 0.559336 	 0.978442 	 237.137 	 2552.33 	 1034.57 	 0.405345 	 1915.81 	 2476.56 	 6242 	 0.926388 	 366.51 	 471.149 	 445.032 	 339.224 	 0.220588 	 557.76 	 430.929 	 220.215 	 0.49483 	 135 	 190 	 313.43 	 150.774 	 2 	 1072.48 	 0.284705 	 11.8559 	 11.8559 	 11.8559 	 0 	 70 	 65 	 67.5 	 3.53553 	 25.8336 	 4.90595 	 9.23008 	 0.134069 	 68.8455 	 237 	 557 	 443.574 	 192.958 	 3 	 493.43 	 0.130987 	 39.0424 	 14.7909 	 26.2664 	 10.8923 	 88 	 73 	 79 	 7.93725 	  Lymph 
151 	 2590.08 	 1093.73 	 2665.17 	 472.959 	 3418 	 102.437 	 43.6771 	 0.904545 	 0.920549 	 264.167 	 1737.35 	 797.113 	 0.458809 	 1198.02 	 1661.58 	 5891 	 0.876898 	 399.681 	 397.093 	 384.511 	 278.702 	 0.139037 	 588.577 	 370.776 	 120.402 	 0.31313 	 185 	 312 	 257.27 	 94.6144 	 2 	 531.77 	 0.155579 	 18.6121 	 18.6121 	 18.6121 	 0 	 115 	 70 	 92.5 	 31.8198 	 20.0232 	 4.89965 	 5.90278 	 0.0936427 	 63.0351 	 149 	 211 	 399.49 	 148.874 	 2 	 458.726 	 0.134209 	 14.5732 	 14.5732 	 14.5732 	 0 	 82 	 67 	 74.5 	 10.6066 	  Fib 
152 	 2611.45 	 1224.15 	 2647.11 	 499.633 	 1482 	 51.4966 	 38.6959 	 0.659815 	 0.975 	 151.882 	 2105.24 	 938.967 	 0.446015 	 1589.43 	 2029.46 	 1820 	 0.943494 	 183.397 	 532.235 	 496.289 	 390.481 	 0.566265 	 529.096 	 484.546 	 78.6854 	 0.158548 	 97 	 98 	 267.433 	 104.777 	 1 	 0 	 0 	 NaN 	 NaN 	 NaN 	 NaN 	 97 	 97 	 97 	 0 	 35.507 	 7.49683 	 13.0445 	 0.166132 	 78.5189 	 187 	 390 	 301.92 	 51.3038 	 2 	 105.88 	 0.071444 	 22.7957 	 22.7957 	 22.7957 	 0 	 129 	 58 	 93.5 	 50.2046 	  Lymph 
153 	 2671.78 	 1953.56 	 2610.05 	 902.109 	 4957 	 103.72 	 62.7704 	 0.79608 	 0.951988 	 291.078 	 1084.62 	 422 	 0.389076 	 829.924 	 1008.84 	 8329 	 0.858483 	 451.966 	 476.07 	 548.435 	 442.627 	 0 	 0 	 551.311 	 192.442 	 0.350893 	 0 	 0 	 NaN 	 NaN 	 0 	 0 	 0 	 NaN 	 NaN 	 NaN 	 NaN 	 0 	 0 	 NaN 	 NaN 	 27.7883 	 -4.65965 	 11.0758 	 0.156437 	 70.8003 	 0 	 0 	 NaN 	 NaN 	 0 	 0 	 0 	 NaN 	 NaN 	 NaN 	 NaN 	 0 	 0 	 NaN 	 NaN 	  Lymph 
154 	 2677.14 	 1300.68 	 2691.47 	 581.601 	 3407 	 86.2398 	 50.8815 	 0.807404 	 0.967348 	 236.451 	 1592.11 	 840.022 	 0.527617 	 1318.54 	 1516.33 	 5222 	 0.939378 	 313.64 	 254.405 	 235.058 	 129.249 	 0.0949153 	 281.107 	 232.438 	 70.8755 	 0.301524 	 155 	 432 	 239.329 	 76.6731 	 2 	 288.872 	 0.0847879 	 32.7262 	 32.7262 	 32.7262 	 0 	 78 	 77 	 77.5 	 0.707107 	 12.244 	 4.06335 	 7.51653 	 0.136031 	 55.2559 	 194 	 319 	 320.593 	 69.9768 	 2 	 545.357 	 0.16007 	 16.8383 	 16.8383 	 16.8383 	 0 	 127 	 67 	 97 	 42.4264 	  Lymph 
155 	 2721.7 	 1231.49 	 2752.35 	 610.283 	 2585 	 108.23 	 32.2229 	 0.954652 	 0.893845 	 246.61 	 854.997 	 339.432 	 0.396998 	 637.83 	 779.221 	 3939 	 0.923347 	 290.426 	 373.243 	 331.421 	 225.613 	 0.104317 	 275.759 	 334.628 	 138.798 	 0.418796 	 0 	 0 	 0 	 -162.656 	 0 	 0 	 0 	 NaN 	 NaN 	 NaN 	 NaN 	 0 	 0 	 NaN 	 NaN 	 41.896 	 16.3707 	 16.0692 	 0.189255 	 84.9079 	 0 	 0 	 0 	 -250.616 	 0 	 0 	 0 	 NaN 	 NaN 	 NaN 	 NaN 	 0 	 0 	 NaN 	 NaN 	  Fib 
