rownames 	XLoc 	YLoc 	NNDistSame 	NNDistOpp 	dapi_Area 	dapi_MajorAxisLength 	dapi_MinorAxisLength 	dapi_Eccentricity 	dapi_Solidity 	dapi_Perimeter 	dapi_MeanIntensity 	dapi_PixelSD 	dapi_PixelCV 	dapi_NucAdjustedInt 	dapi_BackAdjustedInt 	memb_Area 	memb_Solidity 	memb_Perimeter 	memb_MeanIntensity 	memb_MembraneIntensity 	memb_temp 	memb_pcTouch 	memb_OverLapIntensity 	memb_nonLapIntensity 	memb_PixelSD 	memb_PixelCV 	cent_Area 	cent_ConvexArea 	cent_MeanIntensity 	cent_BackAdjustedInt 	cent_CN 	cent_AreaSD 	cent_CoeffVar 	cent_MaxSpotDist 	cent_MinSpotDist 	cent_MeanSpotDist 	cent_SDSpotDist 	cent_SpotAreaMax 	cent_SpotAreaMin 	cent_SpotAreaMean 	cent_SpotAreaSD 	nucl_BackgroundAdjust 	nucl_NuclearAdjustedInt 	nucl_PixelSD 	nucl_PixelCV 	nucl_MeanIntensity 	Her2_Area 	Her2_ConvexArea 	Her2_MeanIntensity 	Her2_BackAdjustedInt 	Her2_CN 	Her2_AreaSD 	Her2_CoeffVar 	Her2_MaxSpotDist 	Her2_MinSpotDist 	Her2_MeanSpotDist 	Her2_SDSpotDist 	Her2_SpotAreaMax 	Her2_SpotAreaMin 	Her2_SpotAreaMean 	Her2_SpotAreaSD 	CellLabels 	
1 	 60.5199 	 1394.87 	 100 	 381.077 	 7678 	 169.128 	 62.1614 	 0.930008 	 0.9095 	 439.446 	 3630.15 	 816.775 	 0.224998 	 803.815 	 3270.73 	 8819 	 0.802092 	 548.551 	 498.188 	 694.887 	 584.937 	 0.71068 	 804.183 	 619.779 	 398.778 	 0.573875 	 248 	 1919 	 349.802 	 152.482 	 5 	 1016.47 	 0.132388 	 122.924 	 8 	 61.0845 	 38.7898 	 67 	 45 	 49.6 	 9.73653 	 78.8952 	 -21.2574 	 44.485 	 0.358641 	 124.038 	 371 	 3405 	 103.763 	 34.7941 	 6 	 1962.33 	 0.255578 	 126.207 	 12.2316 	 60.9208 	 35.2849 	 109 	 40 	 61.8333 	 24.3427 	  Tumour 
2 	 33.9534 	 1497.1 	 105.513 	 376.124 	 4031 	 93.62 	 57.9134 	 0.785706 	 0.903812 	 271.238 	 3708.29 	 692.195 	 0.186662 	 1337.07 	 3348.87 	 3823 	 0.847484 	 314.326 	 578.394 	 660.552 	 550.601 	 0.70903 	 694.802 	 649.45 	 198.061 	 0.299842 	 278 	 1813 	 317.169 	 119.849 	 4 	 1340.69 	 0.332595 	 83.6408 	 16.4766 	 47.1335 	 26.5935 	 125 	 22 	 69.5 	 46.7939 	 99.1622 	 23.4655 	 23.964 	 0.166065 	 144.305 	 169 	 1422 	 113.254 	 44.2857 	 3 	 1193.35 	 0.296042 	 78.8056 	 26.1851 	 55.2899 	 23.9275 	 89 	 26 	 56.3333 	 31.5647 	  Tumour 
3 	 63.0003 	 1641.15 	 246.008 	 309.713 	 10940 	 126.12 	 110.634 	 0.480108 	 0.987276 	 399.889 	 3696.59 	 702.511 	 0.190043 	 1309.27 	 3337.17 	 14084 	 0.831798 	 11.4142 	 632.666 	 915.522 	 805.571 	 0.618117 	 928.322 	 931.359 	 315.215 	 0.344301 	 81 	 405 	 335.284 	 137.964 	 2 	 3137.94 	 0.286831 	 51.0654 	 51.0654 	 51.0654 	 0 	 45 	 36 	 40.5 	 6.36396 	 93.2892 	 -4.65211 	 37.1341 	 0.268249 	 138.432 	 809 	 1617 	 152.138 	 83.1697 	 4 	 4090.59 	 0.373911 	 47.7624 	 10.8761 	 27.1453 	 12.2935 	 358 	 45 	 161.8 	 124.083 	  Tumour 
4 	 62.3169 	 245.699 	 99.925 	 884.65 	 4052 	 89.482 	 58.699 	 0.754772 	 0.980164 	 252.167 	 3967.93 	 418.141 	 0.10538 	 1001.67 	 3608.51 	 6432 	 0.85339 	 362.978 	 1257.25 	 1465.57 	 1355.62 	 0.198738 	 1033.46 	 1512.68 	 850.554 	 0.580357 	 56 	 194 	 732.589 	 535.269 	 2 	 482.136 	 0.118987 	 26.4008 	 26.4008 	 26.4008 	 0 	 45 	 11 	 28 	 24.0416 	 119.649 	 10.0887 	 70.0992 	 0.42538 	 164.792 	 90 	 162 	 141.244 	 72.2757 	 2 	 1039.43 	 0.256522 	 14.8661 	 14.8661 	 14.8661 	 0 	 45 	 45 	 45 	 0 	  DCIS 
5 	 140.833 	 1480.88 	 117.456 	 293.466 	 29043 	 224.955 	 172.88 	 0.63984 	 0.905952 	 784.406 	 3640.81 	 723.429 	 0.1987 	 1413.31 	 3281.39 	 41748 	 0.848261 	 1181.47 	 493.737 	 769.071 	 659.12 	 0.548535 	 724.938 	 787.838 	 220.113 	 0.286206 	 339 	 8048 	 256.44 	 59.1195 	 7 	 12668 	 0.436181 	 126.804 	 12.1828 	 69.5533 	 31.292 	 129 	 3 	 48.4286 	 38.4658 	 66.3043 	 -31.3584 	 34.4442 	 0.309064 	 111.447 	 2332 	 10477 	 126.117 	 57.1479 	 21 	 6634.22 	 0.228427 	 155.953 	 10.8871 	 54.691 	 29.7791 	 493 	 35 	 111.048 	 102.666 	  Tumour 
6 	 104.251 	 1792.75 	 400.316 	 250.667 	 12191 	 170.55 	 91.3443 	 0.84448 	 0.981562 	 457.144 	 3484.16 	 939.933 	 0.269773 	 1439.77 	 3124.75 	 17430 	 0.921393 	 683.747 	 670.438 	 834.123 	 724.172 	 0.366826 	 985.048 	 788.13 	 459.301 	 0.550639 	 81 	 558 	 378.58 	 181.26 	 2 	 5068.04 	 0.41572 	 67.6736 	 67.6736 	 67.6736 	 0 	 45 	 36 	 40.5 	 6.36396 	 85.3351 	 -9.22235 	 26.8493 	 0.205777 	 130.478 	 1216 	 5736 	 179.539 	 110.571 	 5 	 2765.96 	 0.226886 	 139.376 	 14.7766 	 67.0818 	 36.0192 	 338 	 92 	 202.667 	 108.846 	  Tumour 
7 	 100.729 	 338.003 	 99.925 	 787.686 	 2268 	 95.0791 	 31.6531 	 0.942958 	 0.915254 	 222.836 	 3185.74 	 918.085 	 0.288185 	 841.547 	 2826.33 	 6458 	 0.924156 	 351.22 	 702.75 	 742.72 	 632.77 	 0.210526 	 1029.25 	 707.971 	 287.583 	 0.387202 	 0 	 0 	 NaN 	 NaN 	 0 	 0 	 0 	 NaN 	 NaN 	 NaN 	 NaN 	 0 	 0 	 NaN 	 NaN 	 32.3112 	 -28.3213 	 11.5724 	 0.14941 	 77.4537 	 0 	 0 	 NaN 	 NaN 	 0 	 0 	 0 	 NaN 	 NaN 	 NaN 	 NaN 	 0 	 0 	 NaN 	 NaN 	  DCIS 
8 	 123.331 	 1018.95 	 775.403 	 245.204 	 7138 	 132.37 	 70.5761 	 0.846006 	 0.911273 	 402.09 	 3660.33 	 795.534 	 0.217339 	 1231.01 	 3300.92 	 9072 	 0.940396 	 408.333 	 305.265 	 273.989 	 164.038 	 0.0397727 	 195.429 	 276.775 	 55.0397 	 0.200883 	 0 	 0 	 NaN 	 NaN 	 0 	 0 	 0 	 NaN 	 NaN 	 NaN 	 NaN 	 0 	 0 	 NaN 	 NaN 	 42.0405 	 -19.33 	 18.4688 	 0.21184 	 87.183 	 78 	 440 	 110.513 	 41.5441 	 2 	 262.907 	 0.036832 	 54.0062 	 54.0062 	 54.0062 	 0 	 41 	 37 	 39 	 2.82843 	  DCIS 
9 	 120.922 	 1315 	 100 	 296.007 	 4819 	 96.6406 	 65.4269 	 0.735971 	 0.95729 	 281.463 	 3416.62 	 933.942 	 0.273353 	 1646 	 3057.2 	 6613 	 0.85872 	 407.321 	 518.431 	 656.149 	 546.198 	 0.539945 	 852.321 	 569.218 	 471.973 	 0.719309 	 95 	 281 	 362.579 	 165.259 	 2 	 1538.57 	 0.319272 	 33.9203 	 33.9203 	 33.9203 	 0 	 66 	 29 	 47.5 	 26.163 	 57.0594 	 -13.1573 	 36.7517 	 0.359599 	 102.202 	 140 	 988 	 99.5857 	 30.617 	 3 	 1018.55 	 0.211362 	 49.695 	 29.4284 	 37.8596 	 9.43929 	 51 	 39 	 46.6667 	 6.65833 	  Tumour 
10 	 145.642 	 1990.64 	 602.031 	 113.004 	 7088 	 134.055 	 68.1666 	 0.861065 	 0.982126 	 350.09 	 3486.18 	 711.851 	 0.204192 	 1724.29 	 3126.76 	 10945 	 0.847661 	 540.25 	 514.454 	 613.689 	 503.738 	 0.257028 	 719.859 	 595.844 	 362.408 	 0.590541 	 153 	 806 	 330.588 	 133.268 	 2 	 2323 	 0.327738 	 69.1622 	 69.1622 	 69.1622 	 0 	 95 	 58 	 76.5 	 26.163 	 68.7674 	 -19.4046 	 16.9166 	 0.148508 	 113.91 	 272 	 1723 	 95.1949 	 26.2261 	 5 	 1068.02 	 0.150679 	 71.019 	 11.2691 	 39.7592 	 18.4924 	 70 	 43 	 54.4 	 11.1041 	  Tumour 
11 	 193.836 	 768.222 	 538.431 	 379.012 	 6269 	 194.185 	 42.0496 	 0.976273 	 0.930671 	 431.914 	 3362.58 	 897.995 	 0.267055 	 1811.46 	 3003.16 	 8270 	 0.942665 	 458.399 	 244.697 	 256.396 	 146.445 	 0.0215633 	 453.375 	 254.881 	 58.5847 	 0.228493 	 0 	 0 	 NaN 	 NaN 	 0 	 0 	 0 	 NaN 	 NaN 	 NaN 	 NaN 	 0 	 0 	 NaN 	 NaN 	 18.1137 	 -12.198 	 6.428 	 0.101619 	 63.2562 	 42 	 42 	 101.31 	 32.3408 	 1 	 0 	 0 	 NaN 	 NaN 	 NaN 	 NaN 	 42 	 42 	 42 	 0 	  Fib 
12 	 189.606 	 1264.94 	 183.142 	 254.961 	 4940 	 87.7091 	 73.6473 	 0.543086 	 0.933661 	 293.22 	 3440.8 	 913.735 	 0.265559 	 2250.81 	 3081.38 	 6646 	 0.90348 	 365.137 	 483.196 	 559.922 	 449.971 	 0.448795 	 634.933 	 532.974 	 310.827 	 0.555125 	 0 	 0 	 NaN 	 NaN 	 0 	 0 	 0 	 NaN 	 NaN 	 NaN 	 NaN 	 0 	 0 	 NaN 	 NaN 	 61.7462 	 -1.57371 	 37.0732 	 0.346839 	 106.889 	 0 	 0 	 NaN 	 NaN 	 0 	 0 	 0 	 NaN 	 NaN 	 NaN 	 NaN 	 0 	 0 	 NaN 	 NaN 	  Tumour 
13 	 209.609 	 847.559 	 619.926 	 307.093 	 8903 	 196.785 	 67.424 	 0.939471 	 0.799982 	 536.156 	 3166.88 	 1017.11 	 0.321171 	 1916.89 	 2807.47 	 10964 	 0.84054 	 542.642 	 301.948 	 268.756 	 158.805 	 0.127753 	 287.138 	 267.676 	 117.856 	 0.438523 	 0 	 0 	 NaN 	 NaN 	 0 	 0 	 0 	 NaN 	 NaN 	 NaN 	 NaN 	 0 	 0 	 NaN 	 NaN 	 32.2719 	 1.5652 	 13.1418 	 0.16976 	 77.4144 	 71 	 181 	 101.634 	 32.6651 	 2 	 1629.3 	 0.183005 	 20.6755 	 20.6755 	 20.6755 	 0 	 40 	 31 	 35.5 	 6.36396 	  Fib 
14 	 206.887 	 1680.28 	 320.22 	 165.979 	 14340 	 160.172 	 114.438 	 0.699668 	 0.978572 	 493.002 	 3103.18 	 765.096 	 0.246552 	 1957.69 	 2743.76 	 23758 	 0.923573 	 725.362 	 719.513 	 1012.85 	 902.896 	 0.376855 	 1168.93 	 979.991 	 401.264 	 0.396174 	 74 	 592 	 485.459 	 288.139 	 2 	 2105.37 	 0.146818 	 75.3434 	 75.3434 	 75.3434 	 0 	 40 	 34 	 37 	 4.24264 	 124.799 	 2.11818 	 29.4019 	 0.173011 	 169.942 	 108 	 577 	 115.056 	 46.0868 	 2 	 652.435 	 0.0454976 	 62.4198 	 62.4198 	 62.4198 	 0 	 54 	 54 	 54 	 0 	  Tumour 
15 	 223.651 	 1874.78 	 506.921 	 120.208 	 9543 	 138.008 	 88.375 	 0.768073 	 0.979573 	 387.848 	 2981.32 	 832.929 	 0.279382 	 1665.1 	 2621.9 	 17113 	 0.858698 	 649.664 	 572.915 	 829.267 	 719.316 	 0.662273 	 826.672 	 835.204 	 282.571 	 0.340748 	 90 	 501 	 229.889 	 32.5689 	 2 	 2023.14 	 0.212003 	 56.6039 	 56.6039 	 56.6039 	 0 	 45 	 45 	 45 	 0 	 68.775 	 -25.6116 	 19.3073 	 0.169485 	 113.917 	 514 	 1158 	 119.529 	 50.5604 	 4 	 2966.69 	 0.310876 	 40.6523 	 10.1265 	 25.8905 	 11.4868 	 195 	 30 	 128.5 	 80.2932 	  Tumour 
16 	 280.427 	 2047.77 	 1815.14 	 133.544 	 5610 	 135.953 	 56.0032 	 0.911215 	 0.93004 	 360.676 	 3085.19 	 919.9 	 0.298167 	 1912 	 2725.77 	 7725 	 0.904249 	 438.267 	 252.829 	 251.77 	 141.819 	 0.164649 	 312.029 	 248.16 	 37.1423 	 0.147525 	 0 	 0 	 NaN 	 NaN 	 0 	 0 	 0 	 NaN 	 NaN 	 NaN 	 NaN 	 0 	 0 	 NaN 	 NaN 	 17.4463 	 3.7858 	 5.6939 	 0.0909731 	 62.5888 	 37 	 37 	 96.4054 	 27.4367 	 1 	 0 	 0 	 NaN 	 NaN 	 NaN 	 NaN 	 37 	 37 	 37 	 0 	  Fib 
17 	 258.557 	 1989.64 	 1755.09 	 113.004 	 2925 	 91.3612 	 41.7022 	 0.889747 	 0.946602 	 242.794 	 2702.61 	 712.193 	 0.263521 	 1617.37 	 2343.19 	 5477 	 0.894935 	 344.368 	 432.245 	 457.258 	 347.307 	 0.689441 	 449.86 	 459.361 	 148.296 	 0.324316 	 0 	 0 	 NaN 	 NaN 	 0 	 0 	 0 	 NaN 	 NaN 	 NaN 	 NaN 	 0 	 0 	 NaN 	 NaN 	 55.7827 	 4.12212 	 16.8368 	 0.166824 	 100.925 	 0 	 0 	 NaN 	 NaN 	 0 	 0 	 0 	 NaN 	 NaN 	 NaN 	 NaN 	 0 	 0 	 NaN 	 NaN 	  DCIS 
18 	 262.407 	 1268.99 	 237.228 	 286.044 	 3938 	 91.6961 	 57.7659 	 0.776619 	 0.880393 	 288.451 	 3407.73 	 718.161 	 0.210745 	 1951.07 	 3048.31 	 5875 	 0.894625 	 364.752 	 794.507 	 896.35 	 786.399 	 0.578635 	 744.979 	 965.552 	 322.673 	 0.359985 	 0 	 0 	 NaN 	 NaN 	 0 	 0 	 0 	 NaN 	 NaN 	 NaN 	 NaN 	 0 	 0 	 NaN 	 NaN 	 97.8961 	 -27.1524 	 25.2286 	 0.176376 	 143.039 	 0 	 0 	 NaN 	 NaN 	 0 	 0 	 0 	 NaN 	 NaN 	 NaN 	 NaN 	 0 	 0 	 NaN 	 NaN 	  Tumour 
19 	 274.732 	 920.099 	 706.856 	 210.107 	 2487 	 116.013 	 35.0988 	 0.953136 	 0.735581 	 269.563 	 2877.28 	 999.069 	 0.347227 	 1706.72 	 2517.86 	 3623 	 0.820983 	 287.563 	 256.873 	 224.835 	 114.884 	 0 	 0 	 226.019 	 82.1353 	 0.365314 	 0 	 0 	 NaN 	 NaN 	 0 	 0 	 0 	 NaN 	 NaN 	 NaN 	 NaN 	 0 	 0 	 NaN 	 NaN 	 31.8949 	 -14.9415 	 11.8162 	 0.153383 	 77.0374 	 0 	 0 	 NaN 	 NaN 	 0 	 0 	 0 	 NaN 	 NaN 	 NaN 	 NaN 	 0 	 0 	 NaN 	 NaN 	  DCIS 
20 	 327.177 	 278.1 	 266.925 	 712.059 	 7662 	 167.523 	 59.14 	 0.935613 	 0.955123 	 408.517 	 3450.42 	 897.935 	 0.260239 	 2542.75 	 3091.01 	 9848 	 0.951406 	 454.115 	 330.59 	 266.627 	 156.676 	 0 	 0 	 0 	 126.639 	 0.474969 	 90 	 294 	 414.8 	 217.48 	 2 	 1435.03 	 0.187292 	 31.8277 	 31.8277 	 31.8277 	 0 	 45 	 45 	 45 	 0 	 25.6816 	 12.1192 	 12.3473 	 0.174338 	 70.8241 	 80 	 459 	 102.9 	 33.9313 	 2 	 597.344 	 0.0779619 	 54.4588 	 54.4588 	 54.4588 	 0 	 44 	 36 	 40 	 5.65685 	  DCIS 
21 	 325.168 	 1157.98 	 354.775 	 195.369 	 4068 	 106.286 	 51.1092 	 0.876794 	 0.937543 	 288.877 	 3501.2 	 894.737 	 0.255551 	 2015.72 	 3141.78 	 5123 	 0.912703 	 348.735 	 530.595 	 631.109 	 521.158 	 0.588816 	 768.676 	 555.276 	 300.438 	 0.476048 	 0 	 0 	 NaN 	 NaN 	 0 	 0 	 0 	 NaN 	 NaN 	 NaN 	 NaN 	 0 	 0 	 NaN 	 NaN 	 101.644 	 6.42592 	 39.9423 	 0.272111 	 146.787 	 0 	 0 	 NaN 	 NaN 	 0 	 0 	 0 	 NaN 	 NaN 	 NaN 	 NaN 	 0 	 0 	 NaN 	 NaN 	  Tumour 
22 	 329.133 	 771.669 	 589.886 	 301.281 	 3688 	 121.073 	 40.2246 	 0.943197 	 0.95668 	 289.463 	 3065.51 	 778.127 	 0.253833 	 2206.57 	 2706.09 	 4990 	 0.957957 	 313.706 	 228.441 	 228.14 	 118.189 	 0.143939 	 298.395 	 222.816 	 92.3481 	 0.404787 	 0 	 0 	 NaN 	 NaN 	 0 	 0 	 0 	 NaN 	 NaN 	 NaN 	 NaN 	 0 	 0 	 NaN 	 NaN 	 22.219 	 5.82313 	 9.96312 	 0.147905 	 67.3614 	 88 	 211 	 99.2841 	 30.3153 	 2 	 519.628 	 0.140897 	 20.6041 	 20.6041 	 20.6041 	 0 	 49 	 39 	 44 	 7.07107 	  Fib 
23 	 304.214 	 551.403 	 389.344 	 495.704 	 832 	 50.9381 	 21.9995 	 0.901928 	 0.881356 	 134.853 	 2434.46 	 786.502 	 0.323071 	 1624.63 	 2075.04 	 1407 	 0.957143 	 148.368 	 240.608 	 227.46 	 117.51 	 0 	 0 	 0 	 21.8964 	 0.0962645 	 0 	 0 	 NaN 	 NaN 	 0 	 0 	 0 	 NaN 	 NaN 	 NaN 	 NaN 	 0 	 0 	 NaN 	 NaN 	 14.4621 	 5.78436 	 5.17758 	 0.0868655 	 59.6046 	 0 	 0 	 NaN 	 NaN 	 0 	 0 	 0 	 NaN 	 NaN 	 NaN 	 NaN 	 0 	 0 	 NaN 	 NaN 	  Other 
24 	 343.2 	 1863.46 	 546.395 	 152.266 	 8849 	 125.255 	 91.3297 	 0.684354 	 0.968586 	 372.534 	 3728.86 	 752.243 	 0.201735 	 2556.11 	 3369.45 	 11699 	 0.89319 	 523.823 	 513.553 	 685.68 	 575.729 	 0.621457 	 814.205 	 618.688 	 280.019 	 0.408382 	 213 	 1689 	 333.977 	 136.657 	 5 	 2548.97 	 0.288052 	 68.9119 	 18.0278 	 39.1927 	 16.7903 	 45 	 38 	 42.6 	 3.36155 	 64.236 	 -8.66027 	 28.4366 	 0.259983 	 109.378 	 537 	 902 	 196.471 	 127.502 	 3 	 2475.64 	 0.279765 	 27.072 	 13.2414 	 19.5648 	 6.25286 	 462 	 35 	 179 	 245.098 	  Tumour 
25 	 365.258 	 1944.97 	 628.423 	 115.156 	 8776 	 137.034 	 83.3504 	 0.79375 	 0.944773 	 405.161 	 3679.01 	 773.353 	 0.210207 	 2026.46 	 3319.59 	 11462 	 0.9144 	 531.179 	 540.189 	 623.379 	 513.428 	 0.543788 	 702.464 	 581.059 	 319.217 	 0.512075 	 48 	 50 	 375.729 	 178.409 	 1 	 0 	 0 	 NaN 	 NaN 	 NaN 	 NaN 	 48 	 48 	 48 	 0 	 82.7692 	 7.28977 	 39.02 	 0.305054 	 127.912 	 198 	 714 	 110.116 	 41.1474 	 3 	 3098.47 	 0.353062 	 47.1734 	 10.7885 	 31.5938 	 16.7677 	 102 	 40 	 66 	 32.187 	  Tumour 
26 	 337.262 	 1245.22 	 314.127 	 282 	 5695 	 88.0647 	 83.4715 	 0.318737 	 0.968044 	 298.635 	 3416.16 	 844.251 	 0.247134 	 1952.81 	 3056.74 	 12592 	 0.882968 	 541.522 	 533.962 	 712.519 	 602.568 	 0.568588 	 726.087 	 706.598 	 170.957 	 0.239933 	 0 	 0 	 NaN 	 NaN 	 0 	 0 	 0 	 NaN 	 NaN 	 NaN 	 NaN 	 0 	 0 	 NaN 	 NaN 	 63.9063 	 -29.3347 	 19.1577 	 0.17568 	 109.049 	 671 	 1585 	 140.34 	 71.371 	 5 	 1707.49 	 0.299823 	 42.4032 	 11.3715 	 26.6879 	 10.2095 	 231 	 54 	 134.2 	 80.0044 	  Tumour 
27 	 336.927 	 963.163 	 767.928 	 137.201 	 1042 	 74.1054 	 19.0013 	 0.966568 	 0.881557 	 166.167 	 2192.03 	 551.125 	 0.251422 	 1382.44 	 1832.61 	 1817 	 0.911691 	 192.652 	 298.402 	 298.679 	 188.728 	 0 	 0 	 0 	 63.9814 	 0.214215 	 0 	 0 	 NaN 	 NaN 	 0 	 0 	 0 	 NaN 	 NaN 	 NaN 	 NaN 	 0 	 0 	 NaN 	 NaN 	 24.5667 	 -0.307594 	 19.0338 	 0.273046 	 69.7092 	 0 	 0 	 NaN 	 NaN 	 0 	 0 	 0 	 NaN 	 NaN 	 NaN 	 NaN 	 0 	 0 	 NaN 	 NaN 	  DCIS 
28 	 399.848 	 1164.79 	 409.66 	 211.596 	 9046 	 134.636 	 87.6339 	 0.759167 	 0.936439 	 404.718 	 3548.17 	 855.252 	 0.24104 	 2345.91 	 3188.75 	 11618 	 0.829502 	 574.291 	 513.311 	 717.67 	 607.72 	 0.592381 	 819.537 	 669.615 	 281.639 	 0.392435 	 210 	 1327 	 296.752 	 99.4324 	 4 	 3037.7 	 0.335806 	 49.9525 	 12.659 	 33.4912 	 13.0379 	 74 	 29 	 52.5 	 19.6723 	 62.6085 	 -20.3351 	 27.0563 	 0.251101 	 107.751 	 682 	 1788 	 124.15 	 55.1808 	 8 	 3114.61 	 0.344308 	 60.645 	 11.5434 	 28.6899 	 13.9295 	 237 	 31 	 85.25 	 66.6628 	  Tumour 
29 	 371.532 	 1661.84 	 1449.54 	 165.979 	 4221 	 92.6562 	 58.8094 	 0.772754 	 0.946837 	 274.836 	 2513.88 	 626.117 	 0.249063 	 1744.56 	 2154.47 	 6272 	 0.95785 	 333.539 	 252.181 	 247.103 	 137.152 	 0 	 0 	 0 	 120.367 	 0.487115 	 0 	 0 	 NaN 	 NaN 	 0 	 0 	 0 	 NaN 	 NaN 	 NaN 	 NaN 	 0 	 0 	 NaN 	 NaN 	 27.9367 	 3.29281 	 12.6395 	 0.172957 	 73.0791 	 0 	 0 	 NaN 	 NaN 	 0 	 0 	 0 	 NaN 	 NaN 	 NaN 	 NaN 	 0 	 0 	 NaN 	 NaN 	  DCIS 
30 	 419.016 	 1073.4 	 481.506 	 137.201 	 5391 	 127.444 	 54.7581 	 0.902989 	 0.97416 	 320.978 	 3512.72 	 903.832 	 0.257303 	 1992.47 	 3153.3 	 7188 	 0.930485 	 400.61 	 526.822 	 660.04 	 550.089 	 0.557029 	 901.776 	 568.211 	 337.032 	 0.510624 	 234 	 2556 	 319.41 	 122.09 	 5 	 971.837 	 0.18027 	 88.2258 	 27.9605 	 48.363 	 18.828 	 61 	 39 	 46.8 	 9.17606 	 70.7151 	 -24.2377 	 40.7201 	 0.351467 	 115.858 	 217 	 3191 	 106.166 	 37.1971 	 4 	 1639.49 	 0.304117 	 118.483 	 25.4995 	 73.1627 	 33.8723 	 65 	 43 	 54.25 	 8.99537 	  Tumour 
31 	 471.802 	 1858.13 	 619.104 	 203.59 	 10598 	 141.834 	 97.6231 	 0.725434 	 0.960921 	 422.617 	 3248.7 	 865.332 	 0.266362 	 2056.99 	 2889.29 	 16232 	 0.859382 	 639.848 	 617.145 	 875.352 	 765.401 	 0.517065 	 814.337 	 886.627 	 264.16 	 0.301776 	 171 	 2641 	 341.602 	 144.282 	 3 	 2710.02 	 0.25571 	 95.3632 	 52.8205 	 70.5198 	 19.8141 	 86 	 40 	 57 	 25.2389 	 85.3772 	 -32.7318 	 28.007 	 0.214581 	 130.52 	 739 	 4103 	 138.388 	 69.4196 	 8 	 2384.83 	 0.225027 	 101.147 	 11.2602 	 48.4371 	 26.075 	 165 	 47 	 92.375 	 37.7622 	  Tumour 
32 	 459.708 	 468.967 	 456.216 	 483.6 	 2861 	 63.9601 	 58.3669 	 0.408961 	 0.968845 	 206.652 	 3504.96 	 870.155 	 0.248264 	 2595.32 	 3145.54 	 3725 	 0.97769 	 229.338 	 280.84 	 284.896 	 174.945 	 0 	 0 	 0 	 70.8884 	 0.248822 	 0 	 0 	 NaN 	 NaN 	 0 	 0 	 0 	 NaN 	 NaN 	 NaN 	 NaN 	 0 	 0 	 NaN 	 NaN 	 14.3514 	 1.07533 	 5.7304 	 0.0963191 	 59.4939 	 0 	 0 	 NaN 	 NaN 	 0 	 0 	 0 	 NaN 	 NaN 	 NaN 	 NaN 	 0 	 0 	 NaN 	 NaN 	  DCIS 
33 	 481.542 	 757.115 	 661.454 	 223.558 	 5681 	 97.206 	 75.3768 	 0.63143 	 0.966485 	 299.321 	 3348.92 	 982.552 	 0.293393 	 2256.88 	 2989.5 	 6887 	 0.97274 	 319.279 	 290.716 	 289.457 	 179.507 	 0 	 0 	 0 	 58.3219 	 0.201487 	 0 	 0 	 NaN 	 NaN 	 0 	 0 	 0 	 NaN 	 NaN 	 NaN 	 NaN 	 0 	 0 	 NaN 	 NaN 	 34.3687 	 8.48853 	 12.8321 	 0.161387 	 79.5112 	 79 	 122 	 114.266 	 45.2971 	 2 	 1171.17 	 0.206156 	 12.2103 	 12.2103 	 12.2103 	 0 	 46 	 33 	 39.5 	 9.19239 	  DCIS 
34 	 519.512 	 1004.61 	 602.313 	 153.844 	 4949 	 101.787 	 64.1577 	 0.776343 	 0.951548 	 295.948 	 3452.17 	 959.446 	 0.277925 	 2282.04 	 3092.75 	 6732 	 0.936431 	 357.747 	 514.196 	 607.455 	 497.504 	 0.249169 	 913.6 	 564.852 	 373.777 	 0.615316 	 60 	 60 	 473.467 	 276.147 	 1 	 0 	 0 	 NaN 	 NaN 	 NaN 	 NaN 	 60 	 60 	 60 	 0 	 84.8854 	 -12.0747 	 24.3133 	 0.186985 	 130.028 	 139 	 575 	 115.655 	 46.6859 	 3 	 1484.94 	 0.300048 	 34.8496 	 17.7981 	 25.7966 	 7.66927 	 67 	 29 	 46.3333 	 19.218 	  Tumour 
35 	 501.175 	 261.243 	 439.256 	 638.274 	 3666 	 72.9405 	 64.4383 	 0.46855 	 0.960944 	 235.137 	 3414.9 	 918.41 	 0.268942 	 2223.5 	 3055.49 	 4673 	 0.971518 	 255.966 	 289.119 	 287.653 	 177.702 	 0 	 0 	 288.045 	 89.3286 	 0.310543 	 0 	 0 	 NaN 	 NaN 	 0 	 0 	 0 	 NaN 	 NaN 	 NaN 	 NaN 	 0 	 0 	 NaN 	 NaN 	 13.0474 	 1.45908 	 4.50835 	 0.0774765 	 58.1899 	 0 	 0 	 NaN 	 NaN 	 0 	 0 	 0 	 NaN 	 NaN 	 NaN 	 NaN 	 0 	 0 	 NaN 	 NaN 	  DCIS 
36 	 527.087 	 334.184 	 473.254 	 563.802 	 4025 	 91.2626 	 56.331 	 0.786774 	 0.982906 	 247.279 	 3997.15 	 318.421 	 0.0796619 	 2072.63 	 3637.74 	 5058 	 0.978526 	 272.451 	 404.238 	 409.919 	 299.969 	 0 	 0 	 408.748 	 89.5716 	 0.21851 	 0 	 0 	 NaN 	 NaN 	 0 	 0 	 0 	 NaN 	 NaN 	 NaN 	 NaN 	 0 	 0 	 NaN 	 NaN 	 33.6536 	 6.93358 	 6.44686 	 0.0818171 	 78.796 	 55 	 55 	 121.255 	 52.2858 	 1 	 0 	 0 	 NaN 	 NaN 	 NaN 	 NaN 	 55 	 55 	 55 	 0 	  DCIS 
37 	 549.174 	 1070.22 	 586.318 	 206.712 	 4141 	 89.3984 	 60.4653 	 0.736573 	 0.959231 	 287.338 	 2341.62 	 579.458 	 0.24746 	 1117.41 	 1982.2 	 8909 	 0.922639 	 442.024 	 493.004 	 611.189 	 501.238 	 0.308612 	 838.419 	 573.73 	 286.741 	 0.469153 	 43 	 44 	 299.233 	 101.913 	 1 	 0 	 0 	 NaN 	 NaN 	 NaN 	 NaN 	 43 	 43 	 43 	 0 	 70.3301 	 -1.94676 	 14.0858 	 0.121984 	 115.473 	 72 	 73 	 106.653 	 37.684 	 1 	 0 	 0 	 NaN 	 NaN 	 NaN 	 NaN 	 72 	 72 	 72 	 0 	  Tumour 
38 	 586.847 	 1898.38 	 727.795 	 128 	 6976 	 145.441 	 61.9483 	 0.904754 	 0.936376 	 377.321 	 3655.38 	 775.611 	 0.212183 	 2577.01 	 3295.96 	 10201 	 0.750515 	 628.877 	 487.086 	 572.438 	 462.487 	 0.494828 	 768.223 	 502.355 	 310.23 	 0.541945 	 106 	 889 	 354.575 	 157.255 	 3 	 1423.48 	 0.204053 	 53.39 	 19.5701 	 39.5224 	 15.8421 	 45 	 16 	 35.3333 	 16.7432 	 72.9192 	 -2.70418 	 23.1194 	 0.195825 	 118.062 	 201 	 1424 	 109.746 	 40.7775 	 4 	 2180.02 	 0.312503 	 53.7326 	 22.6306 	 35.4621 	 10.6325 	 81 	 24 	 50.25 	 28.0877 	  Tumour 
39 	 587.946 	 867.385 	 813.829 	 70.8378 	 3127 	 130.44 	 32.4675 	 0.968527 	 0.826593 	 310.919 	 3042.3 	 1044.25 	 0.343245 	 1993.12 	 2682.88 	 4291 	 0.88988 	 321.019 	 285.355 	 291.19 	 181.24 	 0.175373 	 320.596 	 287.074 	 60.4483 	 0.20759 	 0 	 0 	 NaN 	 NaN 	 0 	 0 	 0 	 NaN 	 NaN 	 NaN 	 NaN 	 0 	 0 	 NaN 	 NaN 	 21.9941 	 5.83445 	 7.76149 	 0.115608 	 67.1366 	 0 	 0 	 NaN 	 NaN 	 0 	 0 	 0 	 NaN 	 NaN 	 NaN 	 NaN 	 0 	 0 	 NaN 	 NaN 	  DCIS 
40 	 580.922 	 41.5691 	 557.653 	 796.006 	 2539 	 81.1329 	 40.3479 	 0.867575 	 0.962107 	 213.966 	 3141.28 	 920.451 	 0.293018 	 2045.58 	 2781.86 	 3476 	 0.967168 	 237.137 	 336.39 	 325.809 	 215.858 	 0 	 0 	 0 	 122.202 	 0.375074 	 0 	 0 	 NaN 	 NaN 	 0 	 0 	 0 	 NaN 	 NaN 	 NaN 	 NaN 	 0 	 0 	 NaN 	 NaN 	 33.1131 	 15.4385 	 11.2139 	 0.143298 	 78.2556 	 0 	 0 	 NaN 	 NaN 	 0 	 0 	 0 	 NaN 	 NaN 	 NaN 	 NaN 	 0 	 0 	 NaN 	 NaN 	  DCIS 
41 	 587.332 	 2025.51 	 1855.81 	 128 	 900 	 69.648 	 17.4503 	 0.968104 	 0.901804 	 168.61 	 2184.38 	 466.556 	 0.213587 	 1330.28 	 1824.96 	 2172 	 0.928205 	 219.598 	 214.342 	 209.106 	 99.155 	 0 	 0 	 0 	 19.104 	 0.0913607 	 0 	 0 	 NaN 	 NaN 	 0 	 0 	 0 	 NaN 	 NaN 	 NaN 	 NaN 	 0 	 0 	 NaN 	 NaN 	 8.16086 	 1.10746 	 3.26375 	 0.0612297 	 53.3033 	 0 	 0 	 NaN 	 NaN 	 0 	 0 	 0 	 NaN 	 NaN 	 NaN 	 NaN 	 0 	 0 	 NaN 	 NaN 	  Other 
42 	 634.848 	 920.093 	 745.051 	 65.192 	 6100 	 119.399 	 65.3886 	 0.836708 	 0.968254 	 325.019 	 3323.32 	 1002.31 	 0.301599 	 2168.72 	 2963.91 	 8360 	 0.899602 	 425.588 	 594.013 	 685.742 	 575.791 	 0.179775 	 829.109 	 661.779 	 442.569 	 0.645388 	 58 	 59 	 594.603 	 397.283 	 1 	 0 	 0 	 NaN 	 NaN 	 NaN 	 NaN 	 58 	 58 	 58 	 0 	 78.8185 	 0.5255 	 35.0056 	 0.282392 	 123.961 	 85 	 98 	 129.165 	 60.196 	 1 	 0 	 0 	 NaN 	 NaN 	 NaN 	 NaN 	 85 	 85 	 85 	 0 	  Tumour 
43 	 659.708 	 1823.88 	 736.778 	 123.065 	 5957 	 144.19 	 56.5359 	 0.919926 	 0.920711 	 377.304 	 2692.7 	 741.218 	 0.275269 	 1656.77 	 2333.28 	 10095 	 0.797961 	 574.877 	 775.214 	 806.846 	 696.895 	 0.553232 	 782.186 	 808.084 	 275.624 	 0.341606 	 0 	 0 	 NaN 	 NaN 	 0 	 0 	 0 	 NaN 	 NaN 	 NaN 	 NaN 	 0 	 0 	 NaN 	 NaN 	 133.408 	 -7.16983 	 26.8413 	 0.150329 	 178.55 	 0 	 0 	 NaN 	 NaN 	 0 	 0 	 0 	 NaN 	 NaN 	 NaN 	 NaN 	 0 	 0 	 NaN 	 NaN 	  Tumour 
44 	 640.239 	 854.951 	 839.622 	 65.192 	 1701 	 83.8153 	 26.7276 	 0.947793 	 0.925966 	 203.723 	 2962.87 	 883.799 	 0.298291 	 1665.27 	 2603.46 	 2361 	 0.958587 	 219.179 	 343.132 	 364.983 	 255.032 	 0.402235 	 346.361 	 365.073 	 69.9907 	 0.191764 	 0 	 0 	 NaN 	 NaN 	 0 	 0 	 0 	 NaN 	 NaN 	 NaN 	 NaN 	 0 	 0 	 NaN 	 NaN 	 27.5583 	 2.57133 	 12.5903 	 0.17318 	 72.7008 	 0 	 0 	 NaN 	 NaN 	 0 	 0 	 0 	 NaN 	 NaN 	 NaN 	 NaN 	 0 	 0 	 NaN 	 NaN 	  DCIS 
45 	 681.491 	 113.885 	 632.918 	 696.472 	 4057 	 112.936 	 47.9971 	 0.905197 	 0.925411 	 287.019 	 3019.41 	 1038 	 0.343777 	 1919.03 	 2659.99 	 5881 	 0.845457 	 357.019 	 433.13 	 426.303 	 316.352 	 0 	 0 	 0 	 128.809 	 0.302154 	 0 	 0 	 NaN 	 NaN 	 0 	 0 	 0 	 NaN 	 NaN 	 NaN 	 NaN 	 0 	 0 	 NaN 	 NaN 	 19.1393 	 3.97505 	 8.05836 	 0.12536 	 64.2817 	 0 	 0 	 NaN 	 NaN 	 0 	 0 	 0 	 NaN 	 NaN 	 NaN 	 NaN 	 0 	 0 	 NaN 	 NaN 	  DCIS 
46 	 768.255 	 1883.21 	 1782.75 	 69.6419 	 6741 	 224.83 	 43.4017 	 0.98119 	 0.778856 	 543.831 	 3245.54 	 916.859 	 0.282498 	 1555.87 	 2886.12 	 9141 	 0.850721 	 574.693 	 376.262 	 400.903 	 290.952 	 0.197393 	 356.425 	 406.852 	 87.0306 	 0.217086 	 0 	 0 	 NaN 	 NaN 	 0 	 0 	 0 	 NaN 	 NaN 	 NaN 	 NaN 	 0 	 0 	 NaN 	 NaN 	 27.6028 	 -2.37602 	 5.87392 	 0.0807464 	 72.7453 	 39 	 39 	 92.3077 	 23.3389 	 1 	 0 	 0 	 NaN 	 NaN 	 NaN 	 NaN 	 39 	 39 	 39 	 0 	  Fib 
47 	 715.3 	 602.103 	 743.737 	 236.764 	 3084 	 79.491 	 49.8144 	 0.779287 	 0.972257 	 223.179 	 3262.76 	 1044.42 	 0.320104 	 2211.23 	 2903.34 	 4025 	 0.977416 	 242.309 	 285.216 	 274.3 	 164.349 	 0.0571429 	 287.583 	 272.752 	 67.705 	 0.246828 	 0 	 0 	 NaN 	 NaN 	 0 	 0 	 0 	 NaN 	 NaN 	 NaN 	 NaN 	 0 	 0 	 NaN 	 NaN 	 25.4065 	 5.62208 	 10.8526 	 0.15383 	 70.549 	 88 	 188 	 96.3068 	 27.3381 	 2 	 1153.68 	 0.374085 	 18.3446 	 18.3446 	 18.3446 	 0 	 45 	 43 	 44 	 1.41421 	  DCIS 
48 	 750.435 	 856.219 	 874.781 	 110.005 	 5085 	 113.261 	 57.3059 	 0.862554 	 0.972647 	 298.049 	 3307.07 	 994.924 	 0.300847 	 2188.55 	 2947.66 	 6444 	 0.942932 	 346.777 	 520.612 	 523.21 	 413.259 	 0.152542 	 804.6 	 499.064 	 187.475 	 0.358316 	 65 	 230 	 483.677 	 286.357 	 2 	 765.114 	 0.150465 	 32.902 	 32.902 	 32.902 	 0 	 33 	 32 	 32.5 	 0.707107 	 86.808 	 31.0032 	 40.7331 	 0.3087 	 131.95 	 86 	 156 	 117.395 	 48.4266 	 2 	 479.232 	 0.0942443 	 13.7503 	 13.7503 	 13.7503 	 0 	 48 	 38 	 43 	 7.07107 	  Tumour 
49 	 769.6 	 460.004 	 739.635 	 339.282 	 2934 	 111.042 	 34.5475 	 0.95037 	 0.936782 	 265.179 	 3168.5 	 942.195 	 0.297363 	 2303.51 	 2809.08 	 3995 	 0.948931 	 282.309 	 259.494 	 254.588 	 144.637 	 0 	 0 	 0 	 49.0626 	 0.192714 	 0 	 0 	 NaN 	 NaN 	 0 	 0 	 0 	 NaN 	 NaN 	 NaN 	 NaN 	 0 	 0 	 NaN 	 NaN 	 16.5245 	 4.68163 	 7.26437 	 0.1178 	 61.667 	 0 	 0 	 NaN 	 NaN 	 0 	 0 	 0 	 NaN 	 NaN 	 NaN 	 NaN 	 0 	 0 	 NaN 	 NaN 	  DCIS 
50 	 793.092 	 662.245 	 841.081 	 142.888 	 6010 	 172.535 	 45.472 	 0.964645 	 0.925327 	 404.416 	 3109.09 	 1046.76 	 0.336675 	 1994.6 	 2749.68 	 7728 	 0.940718 	 416.617 	 295.837 	 281.364 	 171.413 	 0 	 0 	 282.03 	 45.7403 	 0.162566 	 0 	 0 	 NaN 	 NaN 	 0 	 0 	 0 	 NaN 	 NaN 	 NaN 	 NaN 	 0 	 0 	 NaN 	 NaN 	 19.8171 	 7.75457 	 7.70378 	 0.118593 	 64.9596 	 100 	 268 	 114.95 	 45.9813 	 2 	 1799.77 	 0.299462 	 25.0392 	 25.0392 	 25.0392 	 0 	 56 	 44 	 50 	 8.48528 	  Fib 
51 	 793.685 	 1749.93 	 814.441 	 135.518 	 9103 	 145.711 	 80.6282 	 0.832954 	 0.959422 	 391.161 	 3585.93 	 754.393 	 0.210376 	 2362.91 	 3226.51 	 15160 	 0.829186 	 667.806 	 462.596 	 680.775 	 570.824 	 0.58132 	 773.759 	 637.993 	 303.815 	 0.446279 	 120 	 523 	 231.3 	 33.98 	 3 	 1793.17 	 0.196987 	 38.6385 	 14.1421 	 27.7749 	 11.1631 	 45 	 30 	 40 	 8.66025 	 52.7197 	 -20.8736 	 19.938 	 0.203736 	 97.8621 	 579 	 1173 	 158.019 	 89.0502 	 4 	 2118.03 	 0.232674 	 39.5721 	 13.1625 	 24.3579 	 9.86309 	 316 	 35 	 144.75 	 133.348 	  Tumour 
52 	 793.019 	 1818.35 	 845.431 	 69.6419 	 5020 	 122.276 	 53.7962 	 0.89802 	 0.893556 	 325.622 	 3596.85 	 732.471 	 0.203643 	 1609.86 	 3237.43 	 7290 	 0.840443 	 452.693 	 546.921 	 647.634 	 537.683 	 0.718072 	 672.674 	 641.487 	 391.115 	 0.603914 	 0 	 0 	 NaN 	 NaN 	 0 	 0 	 0 	 NaN 	 NaN 	 NaN 	 NaN 	 0 	 0 	 NaN 	 NaN 	 80.0705 	 -18.6192 	 28.8279 	 0.230231 	 125.213 	 0 	 0 	 NaN 	 NaN 	 0 	 0 	 0 	 NaN 	 NaN 	 NaN 	 NaN 	 0 	 0 	 NaN 	 NaN 	  Tumour 
53 	 774.566 	 311.858 	 716.048 	 482.283 	 3800 	 75.944 	 63.9774 	 0.538808 	 0.985477 	 230.752 	 3965.97 	 405.357 	 0.102209 	 2135.16 	 3606.55 	 5318 	 0.905191 	 316.735 	 429.95 	 423.272 	 313.321 	 0 	 0 	 0 	 110.731 	 0.261606 	 0 	 0 	 NaN 	 NaN 	 0 	 0 	 0 	 NaN 	 NaN 	 NaN 	 NaN 	 0 	 0 	 NaN 	 NaN 	 33.9678 	 11.4657 	 7.01176 	 0.0886327 	 79.1103 	 88 	 112 	 138.523 	 69.554 	 2 	 414.422 	 0.109058 	 9.05204 	 9.05204 	 9.05204 	 0 	 50 	 38 	 44 	 8.48528 	  DCIS 
54 	 781.166 	 557.483 	 783.379 	 243.578 	 2243 	 73.485 	 43.6343 	 0.804624 	 0.883071 	 219.581 	 2626.64 	 774.556 	 0.294885 	 1644.75 	 2267.22 	 3127 	 0.924874 	 238.853 	 265.411 	 247.547 	 137.596 	 0.0607477 	 286.615 	 246.484 	 29.598 	 0.119565 	 0 	 0 	 NaN 	 NaN 	 0 	 0 	 0 	 NaN 	 NaN 	 NaN 	 NaN 	 0 	 0 	 NaN 	 NaN 	 15.1473 	 5.67874 	 5.56326 	 0.0922754 	 60.2898 	 0 	 0 	 NaN 	 NaN 	 0 	 0 	 0 	 NaN 	 NaN 	 NaN 	 NaN 	 0 	 0 	 NaN 	 NaN 	  Other 
55 	 864.221 	 785.869 	 1007.81 	 142.225 	 5198 	 121.615 	 55.2388 	 0.890894 	 0.977435 	 305.806 	 3409.94 	 961.318 	 0.281916 	 2378.93 	 3050.52 	 6991 	 0.937634 	 396.919 	 456.051 	 466.258 	 356.307 	 0.158358 	 718.759 	 441.831 	 221.734 	 0.475561 	 45 	 45 	 423.956 	 226.636 	 1 	 0 	 0 	 NaN 	 NaN 	 NaN 	 NaN 	 45 	 45 	 45 	 0 	 56.6563 	 7.00607 	 15.1386 	 0.148711 	 101.799 	 79 	 257 	 95.1646 	 26.1958 	 2 	 1854.59 	 0.356789 	 29.2459 	 29.2459 	 29.2459 	 0 	 45 	 34 	 39.5 	 7.77817 	  Tumour 
56 	 872.047 	 927.746 	 1058.88 	 141.662 	 2505 	 78.9364 	 40.9154 	 0.855178 	 0.963832 	 206.208 	 2631.2 	 660.843 	 0.251156 	 1761.1 	 2271.78 	 5688 	 0.855081 	 352.191 	 542.662 	 577.213 	 467.263 	 0 	 0 	 0 	 104.143 	 0.180424 	 0 	 0 	 NaN 	 NaN 	 0 	 0 	 0 	 NaN 	 NaN 	 NaN 	 NaN 	 0 	 0 	 NaN 	 NaN 	 70.9585 	 -9.94208 	 16.0189 	 0.137974 	 116.101 	 0 	 0 	 NaN 	 NaN 	 0 	 0 	 0 	 NaN 	 NaN 	 NaN 	 NaN 	 0 	 0 	 NaN 	 NaN 	  DCIS 
57 	 922.714 	 1755.91 	 934.54 	 107.815 	 5992 	 116.263 	 66.4915 	 0.820319 	 0.977328 	 329.078 	 3628.78 	 872.631 	 0.240475 	 2441.68 	 3269.36 	 6935 	 0.926149 	 390.995 	 593.054 	 641.826 	 531.875 	 0.544199 	 653.462 	 628.882 	 354.321 	 0.552051 	 135 	 458 	 302.059 	 104.739 	 3 	 1863.31 	 0.310966 	 50.8002 	 11.8911 	 33.8831 	 17.8392 	 55 	 35 	 45 	 10 	 93.2092 	 -9.93756 	 40.3533 	 0.291672 	 138.352 	 239 	 2027 	 108.933 	 39.9643 	 4 	 2264.13 	 0.377859 	 71.8935 	 25.052 	 44.3119 	 15.4633 	 98 	 32 	 59.75 	 27.6209 	  Tumour 
58 	 992.561 	 1838.12 	 1844.24 	 107.355 	 7598 	 236.262 	 41.7182 	 0.984287 	 0.946791 	 532.642 	 3072.17 	 978.216 	 0.318412 	 1957.96 	 2712.75 	 11423 	 0.940319 	 616.25 	 282.608 	 286.204 	 176.253 	 0 	 0 	 285.709 	 68.1963 	 0.238279 	 0 	 0 	 NaN 	 NaN 	 0 	 0 	 0 	 NaN 	 NaN 	 NaN 	 NaN 	 0 	 0 	 NaN 	 NaN 	 18.3287 	 3.42431 	 5.48495 	 0.0864164 	 63.4712 	 193 	 1675 	 81.8756 	 12.9069 	 4 	 2610.22 	 0.34354 	 126.144 	 9.48683 	 65.0895 	 52.2428 	 58 	 45 	 48.25 	 6.5 	  Fib 
59 	 999.917 	 789.35 	 1117.57 	 188.958 	 7953 	 133.841 	 76.8996 	 0.818463 	 0.972368 	 363.747 	 3493.45 	 791.73 	 0.226633 	 2191.64 	 3134.03 	 11457 	 0.828057 	 561.103 	 535.902 	 758.585 	 648.634 	 0.524291 	 893.05 	 710.126 	 243.872 	 0.321482 	 90 	 292 	 364.178 	 166.858 	 2 	 1864.72 	 0.234467 	 30.8058 	 30.8058 	 30.8058 	 0 	 45 	 45 	 45 	 0 	 74.2146 	 -27.2344 	 36.3321 	 0.304399 	 119.357 	 717 	 1811 	 153.51 	 84.5417 	 8 	 2290.05 	 0.287948 	 50.4191 	 8.77785 	 24.3281 	 10.2125 	 330 	 45 	 89.625 	 97.6801 	  Tumour 
60 	 982.507 	 275.891 	 921.488 	 436.715 	 1630 	 74.3778 	 28.7136 	 0.922478 	 0.928775 	 186.409 	 2897.02 	 964.148 	 0.332807 	 2022.73 	 2537.6 	 2452 	 0.960439 	 207.48 	 291.573 	 269.511 	 159.561 	 0 	 0 	 0 	 30.4225 	 0.11288 	 0 	 0 	 NaN 	 NaN 	 0 	 0 	 0 	 NaN 	 NaN 	 NaN 	 NaN 	 0 	 0 	 NaN 	 NaN 	 16.2649 	 7.5407 	 6.60327 	 0.107532 	 61.4074 	 0 	 0 	 NaN 	 NaN 	 0 	 0 	 0 	 NaN 	 NaN 	 NaN 	 NaN 	 0 	 0 	 NaN 	 NaN 	  Other 
61 	 1046.66 	 715.092 	 1197.75 	 143.22 	 6944 	 178.633 	 51.638 	 0.957307 	 0.930582 	 418.108 	 3937.36 	 435.91 	 0.110711 	 1736.21 	 3577.94 	 10159 	 0.807487 	 576.357 	 632.549 	 762.034 	 652.083 	 0.572581 	 935.93 	 679.076 	 362.81 	 0.476108 	 162 	 1617 	 510.228 	 312.908 	 4 	 456.528 	 0.0657443 	 134.252 	 24.0208 	 71.3907 	 35.2226 	 45 	 27 	 40.5 	 9 	 81.4385 	 -13.6737 	 32.9019 	 0.259928 	 126.581 	 127 	 971 	 115.866 	 46.8974 	 3 	 2088.29 	 0.300733 	 96.9819 	 26.959 	 64.7742 	 31.615 	 47 	 35 	 42.3333 	 6.4291 	  Tumour 
62 	 1009.97 	 1731.56 	 1007.06 	 107.355 	 5984 	 106.615 	 73.3363 	 0.725841 	 0.949992 	 324.35 	 3605.26 	 882.6 	 0.244809 	 2369.11 	 3245.85 	 7476 	 0.922849 	 381.681 	 522.71 	 572.716 	 462.766 	 0.384831 	 648.117 	 549.55 	 268.092 	 0.468106 	 229 	 1479 	 329.319 	 131.999 	 5 	 1436.3 	 0.240023 	 77.4918 	 9.02367 	 39.7569 	 21.3988 	 52 	 43 	 45.8 	 3.56371 	 92.1398 	 -5.21395 	 42.5674 	 0.310072 	 137.282 	 269 	 3033 	 106.721 	 37.7524 	 6 	 813.276 	 0.135908 	 83.2842 	 16.0467 	 45.4914 	 20.0054 	 57 	 30 	 44.8333 	 8.79583 	  Tumour 
63 	 998.734 	 493.007 	 969.009 	 227.13 	 1917 	 68.0475 	 36.2086 	 0.846676 	 0.963801 	 181.581 	 3306.99 	 944.541 	 0.28562 	 2442.79 	 2947.57 	 2664 	 0.978692 	 200.853 	 246.944 	 265.773 	 155.822 	 0 	 0 	 0 	 56.805 	 0.213735 	 0 	 0 	 NaN 	 NaN 	 0 	 0 	 0 	 NaN 	 NaN 	 NaN 	 NaN 	 0 	 0 	 NaN 	 NaN 	 16.591 	 1.19868 	 5.52772 	 0.0895418 	 61.7334 	 0 	 0 	 NaN 	 NaN 	 0 	 0 	 0 	 NaN 	 NaN 	 NaN 	 NaN 	 0 	 0 	 NaN 	 NaN 	  DCIS 
64 	 1054.56 	 1950.16 	 1972.22 	 222.596 	 4904 	 86.468 	 74.1737 	 0.513956 	 0.921805 	 292.936 	 3647.4 	 832.553 	 0.228259 	 2363.49 	 3287.98 	 6758 	 0.896643 	 384.51 	 229.3 	 200.38 	 90.4291 	 0.231844 	 301.663 	 186.787 	 65.8053 	 0.328403 	 45 	 45 	 223.689 	 26.3689 	 1 	 0 	 0 	 NaN 	 NaN 	 NaN 	 NaN 	 45 	 45 	 45 	 0 	 25.6709 	 14.3012 	 6.67653 	 0.0942834 	 70.8134 	 46 	 46 	 96.3478 	 27.3791 	 1 	 0 	 0 	 NaN 	 NaN 	 NaN 	 NaN 	 46 	 46 	 46 	 0 	  DCIS 
65 	 1084.1 	 2033.48 	 2058.6 	 309.963 	 3792 	 99.6434 	 49.4081 	 0.868408 	 0.937917 	 270.007 	 3310.54 	 989.133 	 0.298783 	 2024.24 	 2951.12 	 5738 	 0.96437 	 327.882 	 223.112 	 196.864 	 86.9129 	 0 	 0 	 0 	 43.8416 	 0.2227 	 45 	 45 	 251.556 	 54.2356 	 1 	 0 	 0 	 NaN 	 NaN 	 NaN 	 NaN 	 45 	 45 	 45 	 0 	 14.7513 	 4.34895 	 6.30426 	 0.105257 	 59.8937 	 104 	 214 	 94.9712 	 26.0024 	 2 	 409.844 	 0.108081 	 19.1231 	 19.1231 	 19.1231 	 0 	 59 	 45 	 52 	 9.89949 	  DCIS 
66 	 1072.98 	 116.676 	 1019.2 	 555.673 	 1805 	 73.8205 	 32.8392 	 0.895604 	 0.913924 	 189.137 	 2063.78 	 366.493 	 0.177583 	 1267.18 	 1704.36 	 2648 	 0.94639 	 211.48 	 268.08 	 273.061 	 163.11 	 0 	 0 	 0 	 35.6918 	 0.13071 	 0 	 0 	 NaN 	 NaN 	 0 	 0 	 0 	 NaN 	 NaN 	 NaN 	 NaN 	 0 	 0 	 NaN 	 NaN 	 17.8553 	 2.29653 	 5.64675 	 0.0896341 	 62.9978 	 0 	 0 	 NaN 	 NaN 	 0 	 0 	 0 	 NaN 	 NaN 	 NaN 	 NaN 	 0 	 0 	 NaN 	 NaN 	  Other 
67 	 1119.75 	 1678.98 	 1096.42 	 120.905 	 6582 	 166.376 	 54.6048 	 0.944608 	 0.860505 	 419.505 	 3530.31 	 879.562 	 0.249146 	 2325.27 	 3170.89 	 7076 	 0.809056 	 503.179 	 553.693 	 591.3 	 481.349 	 0.609071 	 652.316 	 549.627 	 223.647 	 0.378229 	 0 	 0 	 NaN 	 NaN 	 0 	 0 	 0 	 NaN 	 NaN 	 NaN 	 NaN 	 0 	 0 	 NaN 	 NaN 	 98.2431 	 19.1835 	 22.6712 	 0.158114 	 143.386 	 94 	 586 	 101.787 	 32.8185 	 2 	 1494.24 	 0.227019 	 67.6905 	 67.6905 	 67.6905 	 0 	 52 	 42 	 47 	 7.07107 	  Tumour 
68 	 1152.14 	 1602.15 	 1110.46 	 188.353 	 12511 	 203.052 	 79.8887 	 0.91935 	 0.956352 	 510.6 	 3690.45 	 800.113 	 0.216806 	 2520.93 	 3331.04 	 17083 	 0.823158 	 776.475 	 453.359 	 560.765 	 450.815 	 0.448324 	 602.461 	 547.118 	 222.59 	 0.39694 	 237 	 1880 	 279.941 	 82.6209 	 6 	 4018.43 	 0.321192 	 81.4371 	 8.19032 	 37.8496 	 26.2055 	 47 	 20 	 39.5 	 10.4642 	 60.3879 	 3.43305 	 22.425 	 0.212498 	 105.53 	 997 	 2618 	 158.029 	 89.0603 	 6 	 2652.45 	 0.21201 	 91.6688 	 14.8525 	 45.7803 	 26.2254 	 311 	 35 	 166.167 	 90.5901 	  Tumour 
69 	 1125.19 	 1914.95 	 1978.77 	 216.134 	 4616 	 93.1092 	 64.4475 	 0.721734 	 0.971585 	 288.836 	 3650.66 	 832.834 	 0.228133 	 2662.6 	 3291.24 	 5972 	 0.941956 	 336.853 	 274.276 	 237.494 	 127.543 	 0.269231 	 297.762 	 228.885 	 62.2277 	 0.262018 	 37 	 37 	 283.108 	 85.7881 	 1 	 0 	 0 	 NaN 	 NaN 	 NaN 	 NaN 	 37 	 37 	 37 	 0 	 29.1008 	 17.0737 	 7.12403 	 0.0959553 	 74.2433 	 101 	 170 	 106.901 	 37.9322 	 2 	 670.616 	 0.145281 	 13.6934 	 13.6934 	 13.6934 	 0 	 55 	 46 	 50.5 	 6.36396 	  DCIS 
70 	 1131.13 	 401.588 	 1080.32 	 264.885 	 3816 	 91.278 	 54.8248 	 0.799523 	 0.959517 	 254.007 	 3376.26 	 947.087 	 0.280514 	 2365.68 	 3016.84 	 4569 	 0.951082 	 273.522 	 311.652 	 255.791 	 145.841 	 0.2 	 256 	 257.435 	 47.8545 	 0.187084 	 53 	 53 	 508.358 	 311.038 	 1 	 0 	 0 	 NaN 	 NaN 	 NaN 	 NaN 	 53 	 53 	 53 	 0 	 31.0543 	 14.4796 	 10.3393 	 0.135692 	 76.1968 	 50 	 50 	 108.86 	 39.8912 	 1 	 0 	 0 	 NaN 	 NaN 	 NaN 	 NaN 	 50 	 50 	 50 	 0 	  DCIS 
71 	 1130.84 	 598.509 	 1125.78 	 85.5628 	 2582 	 95.1921 	 38.3555 	 0.915232 	 0.862104 	 237.037 	 3669.04 	 761.168 	 0.207457 	 1986.28 	 3309.63 	 3585 	 0.890905 	 259.966 	 302.998 	 283.956 	 174.005 	 0 	 0 	 285.051 	 40.6144 	 0.143031 	 0 	 0 	 NaN 	 NaN 	 0 	 0 	 0 	 NaN 	 NaN 	 NaN 	 NaN 	 0 	 0 	 NaN 	 NaN 	 25.1801 	 10.0092 	 7.19756 	 0.102351 	 70.3226 	 0 	 0 	 NaN 	 NaN 	 0 	 0 	 0 	 NaN 	 NaN 	 NaN 	 NaN 	 0 	 0 	 NaN 	 NaN 	  Other 
72 	 1168.4 	 730.332 	 1291.38 	 136.125 	 8288 	 129.907 	 81.7517 	 0.777156 	 0.975633 	 365.907 	 3729.38 	 781.388 	 0.209522 	 2154.05 	 3369.96 	 11909 	 0.875791 	 527.144 	 557.01 	 750.263 	 640.312 	 0.562914 	 950.722 	 668.833 	 375.9 	 0.501024 	 90 	 273 	 361.967 	 164.647 	 2 	 1962.07 	 0.236736 	 32.0156 	 32.0156 	 32.0156 	 0 	 45 	 45 	 45 	 0 	 84.9892 	 -27.8694 	 34.5237 	 0.265299 	 130.132 	 584 	 1189 	 153.205 	 84.2367 	 4 	 1770.73 	 0.213649 	 64.8313 	 12.8947 	 31.1467 	 17.1118 	 204 	 45 	 116.8 	 76.7379 	  Tumour 
73 	 1162.59 	 1792.48 	 1897.98 	 120.905 	 1428 	 86.4368 	 22.5259 	 0.965445 	 0.921885 	 202.836 	 2611.86 	 716.011 	 0.274139 	 1734.29 	 2252.44 	 3103 	 0.94951 	 268.368 	 303.963 	 302.923 	 192.972 	 0 	 0 	 0 	 76.1901 	 0.251517 	 0 	 0 	 NaN 	 NaN 	 0 	 0 	 0 	 NaN 	 NaN 	 NaN 	 NaN 	 0 	 0 	 NaN 	 NaN 	 12.9542 	 2.51511 	 6.13482 	 0.105597 	 58.0966 	 0 	 0 	 NaN 	 NaN 	 0 	 0 	 0 	 NaN 	 NaN 	 NaN 	 NaN 	 0 	 0 	 NaN 	 NaN 	  Other 
74 	 1174.4 	 230.331 	 1112.12 	 417.135 	 1764 	 100.572 	 23.1959 	 0.973039 	 0.884654 	 235.037 	 3087.93 	 1021.89 	 0.33093 	 2111.74 	 2728.51 	 2529 	 0.91168 	 254.693 	 263.207 	 241.244 	 131.293 	 0.267281 	 246.431 	 240.596 	 30.4201 	 0.126097 	 0 	 0 	 NaN 	 NaN 	 0 	 0 	 0 	 NaN 	 NaN 	 NaN 	 NaN 	 0 	 0 	 NaN 	 NaN 	 27.7884 	 12.8074 	 10.7666 	 0.147627 	 72.9308 	 0 	 0 	 NaN 	 NaN 	 0 	 0 	 0 	 NaN 	 NaN 	 NaN 	 NaN 	 0 	 0 	 NaN 	 NaN 	  DCIS 
75 	 1191.62 	 344.175 	 1134.24 	 312.234 	 5765 	 104.644 	 70.4671 	 0.73928 	 0.973982 	 302.777 	 3483.83 	 885.207 	 0.25409 	 2340.86 	 3124.41 	 6987 	 0.973527 	 322.877 	 277.598 	 257.19 	 147.239 	 0.171533 	 257.106 	 257.339 	 76.0601 	 0.295735 	 97 	 99 	 498.773 	 301.453 	 1 	 0 	 0 	 NaN 	 NaN 	 NaN 	 NaN 	 97 	 97 	 97 	 0 	 31.4123 	 10.1262 	 12.3791 	 0.161702 	 76.5547 	 151 	 966 	 108.887 	 39.9187 	 3 	 1746.68 	 0.302981 	 47.6585 	 18.5533 	 37.6435 	 14.7932 	 81 	 30 	 50.3333 	 27.0247 	  DCIS 
76 	 1191.45 	 659.572 	 1348.01 	 85.5628 	 3848 	 90.0102 	 54.7384 	 0.793833 	 0.965379 	 252.066 	 3729.66 	 668.084 	 0.179127 	 1614.97 	 3370.24 	 4858 	 0.945872 	 288.551 	 706.27 	 882.549 	 772.598 	 0.564706 	 1050.14 	 808.199 	 537.838 	 0.609415 	 85 	 221 	 433.918 	 236.598 	 2 	 1166.61 	 0.303172 	 23.1709 	 23.1709 	 23.1709 	 0 	 45 	 40 	 42.5 	 3.53553 	 110.62 	 -7.33645 	 54.3392 	 0.348859 	 155.763 	 131 	 321 	 118.679 	 49.7106 	 2 	 2242.15 	 0.58268 	 27.703 	 27.703 	 27.703 	 0 	 85 	 46 	 65.5 	 27.5772 	  Tumour 
77 	 1198.49 	 172.77 	 1138.34 	 457.109 	 4541 	 85.9225 	 68.0526 	 0.610491 	 0.975091 	 259.723 	 3640.8 	 846.273 	 0.232442 	 2436.69 	 3281.38 	 5582 	 0.975874 	 285.137 	 270.974 	 232.94 	 122.99 	 0.230159 	 249.707 	 230.8 	 23.4118 	 0.100505 	 0 	 0 	 NaN 	 NaN 	 0 	 0 	 0 	 NaN 	 NaN 	 NaN 	 NaN 	 0 	 0 	 NaN 	 NaN 	 28.9568 	 17.2933 	 9.70771 	 0.131009 	 74.0993 	 34 	 34 	 110.206 	 41.2371 	 1 	 0 	 0 	 NaN 	 NaN 	 NaN 	 NaN 	 34 	 34 	 34 	 0 	  DCIS 
78 	 1246.92 	 1609.44 	 1205.15 	 108.467 	 4883 	 108.86 	 58.0485 	 0.845964 	 0.933474 	 294.593 	 3773.03 	 718.93 	 0.190545 	 2539.76 	 3413.61 	 5985 	 0.919496 	 378.409 	 570.61 	 675.324 	 565.373 	 0.636103 	 652.554 	 678.437 	 338.331 	 0.500991 	 135 	 696 	 286.148 	 88.8281 	 3 	 1191.13 	 0.243934 	 44.4185 	 21.9317 	 31.835 	 10.2684 	 45 	 45 	 45 	 0 	 82.7738 	 -31.742 	 37.7413 	 0.295047 	 127.916 	 101 	 165 	 106.327 	 37.358 	 2 	 1120.39 	 0.229447 	 14.3235 	 14.3235 	 14.3235 	 0 	 56 	 45 	 50.5 	 7.77817 	  Tumour 
79 	 1383.04 	 591.176 	 1547.29 	 65.7951 	 15911 	 323.353 	 65.4435 	 0.979305 	 0.864634 	 788.365 	 3793.89 	 659.004 	 0.173701 	 1954.63 	 3434.48 	 17365 	 0.827338 	 822.649 	 652.846 	 650.457 	 540.507 	 0.68254 	 754.869 	 592.202 	 235.855 	 0.362599 	 111 	 2485 	 417.523 	 220.203 	 3 	 3653.96 	 0.22965 	 176.98 	 14.1839 	 120.435 	 82.3587 	 50 	 29 	 37 	 11.3578 	 108.516 	 26.6886 	 42.0897 	 0.273917 	 153.659 	 236 	 5304 	 113.496 	 44.527 	 6 	 2949.37 	 0.185367 	 233.98 	 29.6427 	 107.781 	 62.9998 	 58 	 3 	 39.3333 	 20.7332 	  Tumour 
80 	 1320.9 	 683.019 	 1447.25 	 137.713 	 7513 	 160.666 	 61.0651 	 0.924955 	 0.941361 	 408.274 	 3512.85 	 850.519 	 0.242116 	 1911.61 	 3153.43 	 11109 	 0.89315 	 518.902 	 693.584 	 851.83 	 741.879 	 0.603139 	 913.758 	 843.122 	 241.331 	 0.283308 	 30 	 30 	 493.3 	 295.98 	 1 	 0 	 0 	 NaN 	 NaN 	 NaN 	 NaN 	 30 	 30 	 30 	 0 	 119.477 	 -21.5112 	 33.9306 	 0.206115 	 164.619 	 278 	 469 	 170.493 	 101.524 	 2 	 4125.46 	 0.54911 	 14.9893 	 14.9893 	 14.9893 	 0 	 233 	 45 	 139 	 132.936 	  Tumour 
81 	 1292.29 	 312.012 	 1231.77 	 293.466 	 4007 	 81.1323 	 63.5485 	 0.62168 	 0.975414 	 246.794 	 3800.02 	 592.127 	 0.155822 	 2006.07 	 3440.6 	 4866 	 0.9732 	 275.38 	 369.571 	 375.282 	 265.331 	 0.190871 	 300.804 	 384.33 	 86.9102 	 0.231586 	 0 	 0 	 NaN 	 NaN 	 0 	 0 	 0 	 NaN 	 NaN 	 NaN 	 NaN 	 0 	 0 	 NaN 	 NaN 	 48.8081 	 5.77335 	 22.2362 	 0.23668 	 93.9506 	 0 	 0 	 NaN 	 NaN 	 0 	 0 	 0 	 NaN 	 NaN 	 NaN 	 NaN 	 0 	 0 	 NaN 	 NaN 	  DCIS 
82 	 1314.49 	 1494.6 	 1256.98 	 196.041 	 6273 	 99.4768 	 81.5936 	 0.572038 	 0.978627 	 307.22 	 3477.6 	 855.68 	 0.246055 	 2531.74 	 3118.18 	 10463 	 0.876225 	 488.066 	 593.995 	 746.348 	 636.397 	 0.201313 	 879.761 	 734.21 	 248.303 	 0.33269 	 45 	 45 	 249.533 	 52.2133 	 1 	 0 	 0 	 NaN 	 NaN 	 NaN 	 NaN 	 45 	 45 	 45 	 0 	 77.0138 	 -46.3156 	 24.2982 	 0.198911 	 122.156 	 107 	 163 	 103.215 	 34.2462 	 2 	 824.847 	 0.131492 	 12.3246 	 12.3246 	 12.3246 	 0 	 56 	 51 	 53.5 	 3.53553 	  Tumour 
83 	 1317.78 	 1691.04 	 1914.57 	 105.929 	 4831 	 96.5201 	 64.0538 	 0.748059 	 0.97008 	 277.321 	 3196.21 	 1015.37 	 0.31768 	 1924.33 	 2836.8 	 6553 	 0.964812 	 342.711 	 405.646 	 377.913 	 267.962 	 0 	 0 	 0 	 123.187 	 0.325966 	 37 	 37 	 372.784 	 175.464 	 1 	 0 	 0 	 NaN 	 NaN 	 NaN 	 NaN 	 37 	 37 	 37 	 0 	 39.2357 	 13.9137 	 18.224 	 0.215981 	 84.3782 	 113 	 166 	 116.372 	 47.4029 	 2 	 660.027 	 0.136623 	 12.2797 	 12.2797 	 12.2797 	 0 	 57 	 56 	 56.5 	 0.707107 	  DCIS 
84 	 1334.85 	 546.408 	 1307.87 	 65.7951 	 5723 	 143.94 	 51.9167 	 0.932688 	 0.915094 	 378.919 	 3158.23 	 967.072 	 0.306207 	 1430.9 	 2798.81 	 7293 	 0.929637 	 383.848 	 337.952 	 333.576 	 223.625 	 0.272727 	 460.756 	 320.64 	 105.932 	 0.317567 	 0 	 0 	 NaN 	 NaN 	 0 	 0 	 0 	 NaN 	 NaN 	 NaN 	 NaN 	 0 	 0 	 NaN 	 NaN 	 23.8297 	 1.37017 	 9.60931 	 0.139321 	 68.9722 	 0 	 0 	 NaN 	 NaN 	 0 	 0 	 0 	 NaN 	 NaN 	 NaN 	 NaN 	 0 	 0 	 NaN 	 NaN 	  Other 
85 	 1332.46 	 1585.79 	 1285.27 	 105.929 	 5745 	 136.185 	 54.9654 	 0.914932 	 0.948959 	 340.576 	 3168.67 	 844.336 	 0.266464 	 1970.91 	 2809.25 	 7748 	 0.913895 	 416.853 	 560.754 	 613.477 	 503.526 	 0.47449 	 768.237 	 565.98 	 367.193 	 0.598544 	 45 	 45 	 295.2 	 97.88 	 1 	 0 	 0 	 NaN 	 NaN 	 NaN 	 NaN 	 45 	 45 	 45 	 0 	 98.9113 	 11.5295 	 34.7297 	 0.241088 	 144.054 	 144 	 2861 	 117.042 	 48.0729 	 3 	 2062.94 	 0.359084 	 95.6496 	 43.9492 	 75.6592 	 24.8394 	 82 	 31 	 48 	 29.4449 	  Tumour 
86 	 1338.19 	 287.932 	 1276.69 	 306.323 	 2332 	 68.9774 	 45.3565 	 0.753407 	 0.954173 	 202.066 	 3131.1 	 924.591 	 0.295292 	 2113.99 	 2771.69 	 2843 	 0.927569 	 222.409 	 282.226 	 257.321 	 147.37 	 0.238342 	 300.804 	 251.006 	 59.3971 	 0.230829 	 0 	 0 	 NaN 	 NaN 	 0 	 0 	 0 	 NaN 	 NaN 	 NaN 	 NaN 	 0 	 0 	 NaN 	 NaN 	 38.1989 	 19.673 	 13.0504 	 0.15659 	 83.3413 	 0 	 0 	 NaN 	 NaN 	 0 	 0 	 0 	 NaN 	 NaN 	 NaN 	 NaN 	 0 	 0 	 NaN 	 NaN 	  DCIS 
87 	 1333.38 	 1911.59 	 2095.47 	 314.968 	 1954 	 62.2421 	 40.0981 	 0.764833 	 0.978468 	 172.995 	 2650.84 	 693.613 	 0.261658 	 1743.27 	 2291.42 	 3041 	 0.969089 	 224.083 	 353.295 	 291.257 	 181.306 	 0 	 0 	 0 	 51.8087 	 0.17788 	 0 	 0 	 NaN 	 NaN 	 0 	 0 	 0 	 NaN 	 NaN 	 NaN 	 NaN 	 0 	 0 	 NaN 	 NaN 	 34.4425 	 14.8863 	 7.78686 	 0.0978433 	 79.585 	 0 	 0 	 NaN 	 NaN 	 0 	 0 	 0 	 NaN 	 NaN 	 NaN 	 NaN 	 0 	 0 	 NaN 	 NaN 	  Other 
88 	 1344.52 	 465.539 	 1301.73 	 130.648 	 1114 	 60.762 	 24.243 	 0.916958 	 0.940878 	 151.882 	 2466.22 	 662.359 	 0.268573 	 1439.78 	 2106.8 	 1719 	 0.953411 	 174.711 	 348.106 	 309.584 	 199.634 	 0 	 0 	 0 	 46.7915 	 0.151143 	 0 	 0 	 NaN 	 NaN 	 0 	 0 	 0 	 NaN 	 NaN 	 NaN 	 NaN 	 0 	 0 	 NaN 	 NaN 	 20.7157 	 4.95943 	 7.58857 	 0.115226 	 65.8582 	 0 	 0 	 NaN 	 NaN 	 0 	 0 	 0 	 NaN 	 NaN 	 NaN 	 NaN 	 0 	 0 	 NaN 	 NaN 	  Other 
89 	 1391.82 	 1761.13 	 2015.97 	 185 	 5382 	 132.296 	 53.4536 	 0.914739 	 0.937304 	 348.576 	 3071.39 	 898.639 	 0.292584 	 2166.36 	 2711.97 	 7612 	 0.873537 	 445.304 	 223.587 	 223.852 	 113.901 	 0.0338542 	 322 	 221.519 	 67.386 	 0.30103 	 90 	 184 	 217.5 	 20.18 	 2 	 355.456 	 0.0660453 	 17.72 	 17.72 	 17.72 	 0 	 45 	 45 	 45 	 0 	 16.0818 	 6.69756 	 9.417 	 0.153812 	 61.2243 	 96 	 362 	 88.5417 	 19.5729 	 2 	 594.181 	 0.110401 	 37.9649 	 37.9649 	 37.9649 	 0 	 52 	 44 	 48 	 5.65685 	  DCIS 
90 	 1455.74 	 1660.76 	 1986.32 	 144.917 	 4801 	 170.391 	 36.6153 	 0.976638 	 0.926834 	 389.103 	 3126.07 	 1001.22 	 0.32028 	 2008.63 	 2766.66 	 6677 	 0.862773 	 454.517 	 288.952 	 309.289 	 199.339 	 0.217054 	 289.405 	 310.684 	 88.3826 	 0.28576 	 45 	 45 	 226.244 	 28.9244 	 1 	 0 	 0 	 NaN 	 NaN 	 NaN 	 NaN 	 45 	 45 	 45 	 0 	 14.6917 	 2.53626 	 5.87161 	 0.0981314 	 59.8342 	 54 	 54 	 91.8148 	 22.8461 	 1 	 0 	 0 	 NaN 	 NaN 	 NaN 	 NaN 	 54 	 54 	 54 	 0 	  Fib 
91 	 1429.37 	 317.983 	 1368.89 	 276.848 	 5060 	 118.254 	 57.2103 	 0.875183 	 0.919164 	 324.836 	 3352.42 	 988.39 	 0.294829 	 2326.92 	 2993 	 6677 	 0.909673 	 361.078 	 286.434 	 246.349 	 136.398 	 0.144654 	 354.565 	 237.144 	 78.6818 	 0.319391 	 50 	 50 	 227.62 	 30.3 	 1 	 0 	 0 	 NaN 	 NaN 	 NaN 	 NaN 	 50 	 50 	 50 	 0 	 27.7727 	 16.1247 	 10.2132 	 0.140069 	 72.9152 	 101 	 185 	 95.4455 	 26.4768 	 2 	 2606.33 	 0.515085 	 14.8072 	 14.8072 	 14.8072 	 0 	 59 	 42 	 50.5 	 12.0208 	  DCIS 
92 	 1427.12 	 630.07 	 1565.62 	 124.579 	 2314 	 73.216 	 40.8198 	 0.830159 	 0.945261 	 203.238 	 2734.78 	 709.376 	 0.25939 	 1292.17 	 2375.37 	 3932 	 0.919121 	 273.279 	 650.462 	 790.11 	 680.159 	 0.483051 	 841.816 	 764.335 	 238.726 	 0.302143 	 0 	 0 	 NaN 	 NaN 	 0 	 0 	 0 	 NaN 	 NaN 	 NaN 	 NaN 	 0 	 0 	 NaN 	 NaN 	 110.192 	 1.70343 	 41.1287 	 0.264775 	 155.335 	 0 	 0 	 NaN 	 NaN 	 0 	 0 	 0 	 NaN 	 NaN 	 NaN 	 NaN 	 0 	 0 	 NaN 	 NaN 	  Tumour 
93 	 1468.5 	 1499.54 	 1410.91 	 104.043 	 6846 	 136.304 	 64.2359 	 0.88199 	 0.972996 	 350.718 	 3584.03 	 884.185 	 0.246701 	 2571.34 	 3224.61 	 7869 	 0.960571 	 375.73 	 542.714 	 493.278 	 383.327 	 0.218543 	 597.864 	 483.47 	 128.981 	 0.261476 	 45 	 45 	 289.133 	 91.8133 	 1 	 0 	 0 	 NaN 	 NaN 	 NaN 	 NaN 	 45 	 45 	 45 	 0 	 93.4567 	 13.8843 	 23.8775 	 0.172278 	 138.599 	 332 	 1846 	 106.578 	 37.6096 	 6 	 2402.36 	 0.350915 	 57.1706 	 14.5345 	 33.9726 	 13.5438 	 81 	 35 	 55.3333 	 15.2403 	  Tumour 
94 	 1504.02 	 1993.22 	 2265.25 	 441.852 	 3940 	 103.918 	 49.6828 	 0.878308 	 0.960976 	 279.421 	 3011.11 	 1023.4 	 0.339876 	 2084.52 	 2651.69 	 7537 	 0.975032 	 343.12 	 433.816 	 221.276 	 111.326 	 0.0443686 	 299.154 	 219.541 	 76.8897 	 0.347483 	 0 	 0 	 NaN 	 NaN 	 0 	 0 	 0 	 NaN 	 NaN 	 NaN 	 NaN 	 0 	 0 	 NaN 	 NaN 	 43.0261 	 10.3888 	 30.4668 	 0.345552 	 88.1685 	 0 	 0 	 NaN 	 NaN 	 0 	 0 	 0 	 NaN 	 NaN 	 NaN 	 NaN 	 0 	 0 	 NaN 	 NaN 	  DCIS 
95 	 1508.12 	 293.603 	 1446.8 	 232.648 	 5788 	 100.451 	 74.4436 	 0.671401 	 0.9731 	 306.936 	 3511.12 	 960.722 	 0.273623 	 2418.93 	 3151.7 	 6346 	 0.9589 	 314.208 	 337.474 	 282.753 	 172.802 	 0.21147 	 317.542 	 278.279 	 110.24 	 0.389882 	 0 	 0 	 NaN 	 NaN 	 0 	 0 	 0 	 NaN 	 NaN 	 NaN 	 NaN 	 0 	 0 	 NaN 	 NaN 	 37.8534 	 15.6741 	 15.3516 	 0.184968 	 82.9959 	 119 	 184 	 110.95 	 41.9808 	 2 	 1102.07 	 0.190406 	 12.6851 	 12.6851 	 12.6851 	 0 	 63 	 56 	 59.5 	 4.94975 	  DCIS 
96 	 1553.29 	 1560.15 	 1987.38 	 104.043 	 6558 	 183.73 	 46.4913 	 0.967456 	 0.888377 	 460.156 	 2989.8 	 914.437 	 0.305852 	 2025.77 	 2630.38 	 8832 	 0.8729 	 507.813 	 289.929 	 308.314 	 198.364 	 0.169048 	 283.408 	 308.948 	 86.2259 	 0.279669 	 45 	 45 	 272.933 	 75.6133 	 1 	 0 	 0 	 NaN 	 NaN 	 NaN 	 NaN 	 45 	 45 	 45 	 0 	 17.9211 	 2.66535 	 6.58299 	 0.104387 	 63.0636 	 100 	 219 	 90.77 	 21.8012 	 2 	 851.203 	 0.129796 	 22.8396 	 22.8396 	 22.8396 	 0 	 52 	 48 	 50 	 2.82843 	  Fib 
97 	 1515.6 	 1414.02 	 1455.12 	 150.615 	 4547 	 86.6611 	 68.5286 	 0.61212 	 0.945912 	 275.037 	 3020.26 	 560.913 	 0.185717 	 2168.62 	 2660.84 	 8199 	 0.841182 	 453.387 	 479.111 	 544.381 	 434.43 	 0.224868 	 612.129 	 536.314 	 121.831 	 0.223797 	 218 	 988 	 322.739 	 125.419 	 5 	 1387.37 	 0.305118 	 45.247 	 10.9292 	 26.7501 	 10.9821 	 45 	 38 	 43.6 	 3.1305 	 80.218 	 -9.23083 	 16.6895 	 0.133132 	 125.36 	 180 	 1024 	 103.833 	 34.8646 	 4 	 1011.6 	 0.222477 	 39.4859 	 14.2796 	 29.1562 	 9.05421 	 61 	 34 	 45 	 12.9357 	  Tumour 
98 	 1543.87 	 578.632 	 1692.67 	 211.589 	 9495 	 135.97 	 89.7722 	 0.751061 	 0.93713 	 407.789 	 3556.23 	 898.464 	 0.252645 	 2414.68 	 3196.81 	 15011 	 0.91419 	 560.399 	 578.255 	 847.061 	 737.111 	 0.433404 	 933.912 	 812.559 	 221.763 	 0.261803 	 90 	 304 	 335.367 	 138.047 	 2 	 496.015 	 0.0522396 	 32.2025 	 32.2025 	 32.2025 	 0 	 45 	 45 	 45 	 0 	 85.3327 	 -53.9819 	 39.0629 	 0.299389 	 130.475 	 537 	 2071 	 145.313 	 76.3441 	 7 	 1909.05 	 0.201059 	 55.3648 	 13.49 	 32.6793 	 14.3508 	 221 	 35 	 76.7143 	 64.8812 	  Tumour 
99 	 1568.67 	 1940.68 	 2268.06 	 426.842 	 1715 	 51.5398 	 43.1483 	 0.54692 	 0.946468 	 169.338 	 2617.28 	 896.45 	 0.342511 	 1856.19 	 2257.87 	 2416 	 0.960636 	 187.095 	 194.785 	 178.789 	 68.838 	 0.0807453 	 299.154 	 174.126 	 68.4757 	 0.382998 	 0 	 0 	 NaN 	 NaN 	 0 	 0 	 0 	 NaN 	 NaN 	 NaN 	 NaN 	 0 	 0 	 NaN 	 NaN 	 13.1741 	 7.04766 	 9.16678 	 0.15719 	 58.3166 	 50 	 52 	 81.06 	 12.0913 	 1 	 0 	 0 	 NaN 	 NaN 	 NaN 	 NaN 	 50 	 50 	 50 	 0 	  Other 
100 	 1590.47 	 1174.71 	 1544.75 	 226.226 	 8012 	 108.263 	 95.2405 	 0.475503 	 0.973393 	 347.463 	 3224.67 	 773.959 	 0.240012 	 2343.56 	 2865.25 	 11299 	 0.923951 	 454.416 	 717.077 	 838.315 	 728.364 	 0.0260417 	 979.9 	 836.826 	 224.288 	 0.267546 	 68 	 474 	 344.382 	 147.062 	 2 	 1780.17 	 0.222188 	 56.39 	 56.39 	 56.39 	 0 	 38 	 30 	 34 	 5.65685 	 94.9241 	 -72.8751 	 42.4054 	 0.302752 	 140.067 	 785 	 1655 	 134.568 	 65.5994 	 4 	 2863.22 	 0.357367 	 49.5376 	 13.7942 	 27.3624 	 10.1666 	 501 	 50 	 157 	 193 	  Tumour 
101 	 1585.79 	 325.12 	 1526.05 	 158.644 	 919 	 40.852 	 29.3954 	 0.694432 	 0.938713 	 123.882 	 2284.39 	 596.731 	 0.261221 	 1481.91 	 1924.97 	 1424 	 0.974008 	 142.225 	 251.675 	 245.218 	 135.267 	 0 	 0 	 0 	 40.1197 	 0.163608 	 0 	 0 	 NaN 	 NaN 	 0 	 0 	 0 	 NaN 	 NaN 	 NaN 	 NaN 	 0 	 0 	 NaN 	 NaN 	 17.6791 	 0.220806 	 7.51271 	 0.119588 	 62.8215 	 0 	 0 	 NaN 	 NaN 	 0 	 0 	 0 	 NaN 	 NaN 	 NaN 	 NaN 	 0 	 0 	 NaN 	 NaN 	  Other 
102 	 1611.36 	 156.916 	 1551.55 	 306.544 	 3105 	 74.6435 	 53.3663 	 0.699176 	 0.969404 	 218.551 	 3276.66 	 1003.89 	 0.306378 	 2309.27 	 2917.24 	 4000 	 0.976086 	 240.167 	 264.314 	 247.222 	 137.271 	 0 	 0 	 0 	 20.7463 	 0.0839179 	 0 	 0 	 NaN 	 NaN 	 0 	 0 	 0 	 NaN 	 NaN 	 NaN 	 NaN 	 0 	 0 	 NaN 	 NaN 	 20.4955 	 9.78903 	 10.4538 	 0.159264 	 65.638 	 76 	 83 	 93.1316 	 24.1628 	 1 	 0 	 0 	 NaN 	 NaN 	 NaN 	 NaN 	 76 	 76 	 76 	 0 	  DCIS 
103 	 1634.84 	 1622.58 	 2090.56 	 207.408 	 3871 	 109.8 	 45.1284 	 0.911633 	 0.972858 	 275.806 	 3257.42 	 1035.59 	 0.317917 	 2321.73 	 2898.01 	 5257 	 0.966894 	 308.877 	 250.909 	 236.438 	 126.488 	 0 	 0 	 235.498 	 44.8196 	 0.189561 	 74 	 443 	 253.419 	 56.0989 	 2 	 636.252 	 0.164364 	 56.5734 	 56.5734 	 56.5734 	 0 	 45 	 29 	 37 	 11.3137 	 15.4845 	 8.28302 	 6.31391 	 0.104144 	 60.627 	 121 	 583 	 95.9339 	 26.9651 	 2 	 316.512 	 0.0817649 	 56.3897 	 56.3897 	 56.3897 	 0 	 67 	 54 	 60.5 	 9.19239 	  Fib 
104 	 1628.08 	 1368.39 	 1567.23 	 95.5249 	 2380 	 86.0586 	 36.0904 	 0.907815 	 0.956976 	 216.551 	 2520.37 	 726.995 	 0.288448 	 1558.13 	 2160.95 	 3328 	 0.829925 	 290.434 	 551.329 	 549.624 	 439.674 	 0.459916 	 605.853 	 533.397 	 158.531 	 0.288435 	 0 	 0 	 NaN 	 NaN 	 0 	 0 	 0 	 NaN 	 NaN 	 NaN 	 NaN 	 0 	 0 	 NaN 	 NaN 	 113.838 	 20.6882 	 25.4699 	 0.160207 	 158.981 	 0 	 0 	 NaN 	 NaN 	 0 	 0 	 0 	 NaN 	 NaN 	 NaN 	 NaN 	 0 	 0 	 NaN 	 NaN 	  Tumour 
105 	 1674.22 	 457.106 	 1865.91 	 99.0404 	 6845 	 146.04 	 63.1907 	 0.901541 	 0.894537 	 401.103 	 3875.93 	 483.195 	 0.124666 	 1202.26 	 3516.51 	 9487 	 0.799646 	 572.725 	 589.026 	 639.604 	 529.653 	 0.493617 	 788.815 	 585.927 	 281.152 	 0.439572 	 33 	 34 	 331.242 	 133.922 	 1 	 0 	 0 	 NaN 	 NaN 	 NaN 	 NaN 	 33 	 33 	 33 	 0 	 85.8229 	 12.3395 	 26.8911 	 0.20533 	 130.965 	 122 	 505 	 108.721 	 39.7526 	 2 	 1226.17 	 0.179133 	 49.3813 	 49.3813 	 49.3813 	 0 	 64 	 58 	 61 	 4.24264 	  Tumour 
106 	 1707.85 	 201.881 	 1646.59 	 216.954 	 4051 	 177.183 	 30.1195 	 0.985446 	 0.901224 	 391.546 	 2971.33 	 936.953 	 0.315331 	 2030.45 	 2611.91 	 5498 	 0.881655 	 415.446 	 252.491 	 252.551 	 142.601 	 0.157143 	 280.491 	 251.115 	 32.5579 	 0.128916 	 0 	 0 	 NaN 	 NaN 	 0 	 0 	 0 	 NaN 	 NaN 	 NaN 	 NaN 	 0 	 0 	 NaN 	 NaN 	 10.445 	 0.656395 	 5.18897 	 0.0933477 	 55.5875 	 50 	 52 	 83.36 	 14.3912 	 1 	 0 	 0 	 NaN 	 NaN 	 NaN 	 NaN 	 50 	 50 	 50 	 0 	  Fib 
107 	 1693.99 	 1116.35 	 1656.66 	 235.536 	 9004 	 112.159 	 102.623 	 0.403508 	 0.984905 	 362.434 	 3560.22 	 839.736 	 0.235866 	 2512.32 	 3200.8 	 12462 	 0.908309 	 494.6 	 538.629 	 944.368 	 834.417 	 0.25908 	 1327.12 	 870.467 	 564.585 	 0.597844 	 31 	 31 	 308.452 	 111.132 	 1 	 0 	 0 	 NaN 	 NaN 	 NaN 	 NaN 	 31 	 31 	 31 	 0 	 73.758 	 -60.0533 	 39.9564 	 0.336049 	 118.9 	 750 	 1503 	 126.779 	 57.8099 	 6 	 2331.04 	 0.25889 	 52.7191 	 12.1343 	 28.2803 	 12.3528 	 259 	 31 	 125 	 103.578 	  Tumour 
108 	 1657.62 	 328.274 	 1598.11 	 129.988 	 1037 	 41.3002 	 32.9651 	 0.602415 	 0.941016 	 126.225 	 2233.13 	 509.874 	 0.228323 	 1421.86 	 1873.71 	 1503 	 0.905422 	 154.711 	 175.877 	 186.925 	 76.9746 	 0.208955 	 215.107 	 183.213 	 39.3201 	 0.210352 	 0 	 0 	 NaN 	 NaN 	 0 	 0 	 0 	 NaN 	 NaN 	 NaN 	 NaN 	 0 	 0 	 NaN 	 NaN 	 4.02339 	 -2.93595 	 4.30761 	 0.0876138 	 49.1659 	 0 	 0 	 NaN 	 NaN 	 0 	 0 	 0 	 NaN 	 NaN 	 NaN 	 NaN 	 0 	 0 	 NaN 	 NaN 	  Other 
109 	 1723.32 	 1357.81 	 1998.87 	 95.5249 	 6215 	 239.349 	 34.7087 	 0.98943 	 0.841457 	 530.524 	 3205.9 	 993.003 	 0.309742 	 1899.79 	 2846.49 	 15577 	 0.751713 	 791.661 	 398.064 	 452.171 	 342.22 	 0.341538 	 539.455 	 432.896 	 184.766 	 0.40862 	 0 	 0 	 NaN 	 NaN 	 0 	 0 	 0 	 NaN 	 NaN 	 NaN 	 NaN 	 0 	 0 	 NaN 	 NaN 	 20.9288 	 -0.120992 	 5.71112 	 0.0864388 	 66.0713 	 100 	 383 	 101.39 	 32.4213 	 2 	 1426.4 	 0.229509 	 41.9505 	 41.9505 	 41.9505 	 0 	 56 	 44 	 50 	 8.48528 	  Fib 
110 	 1654.26 	 359.763 	 1596.08 	 99.0404 	 494 	 32.9865 	 19.8708 	 0.7982 	 0.893309 	 91.0122 	 2053.57 	 461.561 	 0.22476 	 1218.06 	 1694.15 	 882 	 0.950431 	 114.912 	 269.332 	 253.67 	 143.719 	 0.29 	 210.207 	 259.602 	 46.6662 	 0.183964 	 0 	 0 	 NaN 	 NaN 	 0 	 0 	 0 	 NaN 	 NaN 	 NaN 	 NaN 	 0 	 0 	 NaN 	 NaN 	 8.50125 	 -1.53782 	 4.0707 	 0.0758839 	 53.6437 	 0 	 0 	 NaN 	 NaN 	 0 	 0 	 0 	 NaN 	 NaN 	 NaN 	 NaN 	 0 	 0 	 NaN 	 NaN 	  Other 
111 	 1699.31 	 519.871 	 1857.06 	 166.208 	 6428 	 117.949 	 70.2378 	 0.803359 	 0.959689 	 338.534 	 3003.27 	 719.014 	 0.23941 	 1687.47 	 2643.85 	 13638 	 0.894999 	 544.441 	 686.418 	 892.169 	 782.218 	 0.411111 	 1012.23 	 860.055 	 259.127 	 0.290446 	 154 	 1202 	 362.292 	 164.972 	 4 	 2910.01 	 0.452708 	 50.0882 	 11.9098 	 33.045 	 12.101 	 45 	 20 	 38.5 	 12.3423 	 110.22 	 -8.89145 	 27.6086 	 0.177704 	 155.363 	 554 	 1135 	 150.639 	 81.6702 	 4 	 1713.77 	 0.26661 	 41.1471 	 10.1087 	 26.6763 	 11.3259 	 384 	 28 	 138.5 	 166.384 	  Tumour 
112 	 1709.82 	 147.495 	 1650.97 	 265.006 	 5403 	 133.722 	 52.4409 	 0.919895 	 0.943755 	 338.919 	 3228.08 	 973.331 	 0.30152 	 2149.12 	 2868.66 	 6821 	 0.952521 	 354.475 	 253.893 	 264.585 	 154.634 	 0.187075 	 283.073 	 262.839 	 36.4629 	 0.137812 	 0 	 0 	 NaN 	 NaN 	 0 	 0 	 0 	 NaN 	 NaN 	 NaN 	 NaN 	 0 	 0 	 NaN 	 NaN 	 9.58231 	 2.02566 	 5.05881 	 0.092441 	 54.7248 	 0 	 0 	 NaN 	 NaN 	 0 	 0 	 0 	 NaN 	 NaN 	 NaN 	 NaN 	 0 	 0 	 NaN 	 NaN 	  Fib 
113 	 1736.94 	 1251.4 	 1682.17 	 107.912 	 8380 	 154.686 	 74.0244 	 0.878063 	 0.920272 	 410.475 	 3907.18 	 530.925 	 0.135884 	 2057.71 	 3547.77 	 10102 	 0.884666 	 493.872 	 491.396 	 579.584 	 469.633 	 0.588942 	 604.18 	 573.853 	 225.901 	 0.389764 	 109 	 1629 	 362.394 	 165.074 	 3 	 2177.64 	 0.259862 	 81.8412 	 22.7622 	 60.4712 	 29.2958 	 52 	 18 	 36.3333 	 17.1561 	 77.8543 	 -11.0843 	 21.5022 	 0.174819 	 122.997 	 127 	 362 	 102.654 	 33.6848 	 3 	 1327.23 	 0.158381 	 21.4821 	 11.1288 	 17.4801 	 4.9749 	 46 	 40 	 42.3333 	 3.21455 	  Tumour 
114 	 1818.34 	 389.405 	 2024.62 	 166.544 	 10360 	 209.81 	 65.0079 	 0.950788 	 0.919826 	 515.144 	 3998.19 	 331.61 	 0.08294 	 1646.32 	 3638.77 	 12394 	 0.875344 	 565.754 	 552.54 	 729.748 	 619.797 	 0.480769 	 717.778 	 722.666 	 366.711 	 0.502518 	 359 	 5950 	 451.006 	 253.686 	 6 	 2370.99 	 0.22886 	 166.394 	 18.8214 	 73.8209 	 37.6394 	 115 	 24 	 59.8333 	 33.0479 	 79.5947 	 -14.6309 	 27.0292 	 0.216689 	 124.737 	 874 	 7659 	 112.32 	 43.3516 	 13 	 1539.25 	 0.148576 	 166.619 	 13.134 	 68.5305 	 38.8971 	 139 	 29 	 67.2308 	 34.1471 	  Tumour 
115 	 1808.9 	 978.316 	 1797.05 	 148.054 	 8558 	 110.897 	 98.8034 	 0.45411 	 0.98086 	 357.99 	 3321.82 	 866.852 	 0.260957 	 2317.18 	 2962.4 	 24892 	 0.933543 	 712.24 	 547.831 	 837.479 	 727.528 	 0.0261438 	 1236.94 	 825.561 	 414.828 	 0.495329 	 0 	 0 	 NaN 	 NaN 	 0 	 0 	 0 	 NaN 	 NaN 	 NaN 	 NaN 	 0 	 0 	 NaN 	 NaN 	 54.7479 	 -29.2723 	 20.4334 	 0.204558 	 99.8904 	 110 	 274 	 92.5182 	 23.5494 	 2 	 3128.43 	 0.365556 	 25.0017 	 25.0017 	 25.0017 	 0 	 61 	 49 	 55 	 8.48528 	  Tumour 
116 	 1804.97 	 1087.8 	 1770.81 	 121.342 	 5665 	 94.4745 	 76.5368 	 0.586248 	 0.978073 	 288.35 	 2862.19 	 798.859 	 0.279108 	 1633.91 	 2502.77 	 9711 	 0.90757 	 444.233 	 592.513 	 885.948 	 775.997 	 0.451948 	 1094.38 	 826.396 	 361.258 	 0.407764 	 123 	 503 	 307.179 	 109.859 	 3 	 948.695 	 0.167466 	 44.369 	 8.5422 	 30.5093 	 17.209 	 45 	 36 	 41 	 4.58258 	 102.241 	 -35.5184 	 31.2525 	 0.212048 	 147.384 	 646 	 1159 	 152.085 	 83.1164 	 2 	 693.944 	 0.122497 	 33.2441 	 33.2441 	 33.2441 	 0 	 330 	 316 	 323 	 9.89949 	  Tumour 
117 	 1823.59 	 1176.24 	 1776.55 	 146.414 	 6982 	 125.119 	 74.2304 	 0.804998 	 0.967304 	 352.617 	 3561.36 	 924.453 	 0.259579 	 2387.46 	 3201.94 	 12569 	 0.890471 	 529.269 	 543.535 	 695.866 	 585.916 	 0.513825 	 965.103 	 592.416 	 533.391 	 0.766514 	 135 	 373 	 313.474 	 116.154 	 3 	 896.695 	 0.12843 	 27.8927 	 12.6491 	 19.7143 	 6.87144 	 45 	 45 	 45 	 0 	 76.0283 	 -8.52349 	 45.8019 	 0.377995 	 121.171 	 136 	 383 	 105.368 	 36.3989 	 2 	 2722.7 	 0.38996 	 25.8462 	 25.8462 	 25.8462 	 0 	 90 	 46 	 68 	 31.1127 	  Tumour 
118 	 1816.41 	 1640.5 	 2241.1 	 331.471 	 4662 	 105.405 	 62.2006 	 0.807322 	 0.916274 	 303.563 	 2959.88 	 857.557 	 0.289727 	 2018.95 	 2600.46 	 6568 	 0.926506 	 360.576 	 290.31 	 307.485 	 197.534 	 0.105611 	 273.094 	 308.747 	 90.4594 	 0.294191 	 0 	 0 	 NaN 	 NaN 	 0 	 0 	 0 	 NaN 	 NaN 	 NaN 	 NaN 	 0 	 0 	 NaN 	 NaN 	 32.1319 	 9.30645 	 9.51206 	 0.123095 	 77.2743 	 67 	 73 	 95.9254 	 26.9566 	 1 	 0 	 0 	 NaN 	 NaN 	 NaN 	 NaN 	 67 	 67 	 67 	 0 	  DCIS 
119 	 1825.31 	 1532.93 	 2182.78 	 256.971 	 10067 	 192.618 	 90.0757 	 0.88392 	 0.747309 	 535.026 	 3229.44 	 1037.21 	 0.321174 	 2230.12 	 2870.02 	 12098 	 0.782789 	 545.571 	 267.862 	 217.654 	 107.703 	 0.108932 	 277.94 	 214.18 	 66.2636 	 0.304445 	 30 	 30 	 363.833 	 166.513 	 1 	 0 	 0 	 NaN 	 NaN 	 NaN 	 NaN 	 30 	 30 	 30 	 0 	 29.8418 	 16.2874 	 15.4141 	 0.205565 	 74.9843 	 113 	 256 	 111.602 	 42.633 	 2 	 2135.1 	 0.212089 	 22.117 	 22.117 	 22.117 	 0 	 64 	 49 	 56.5 	 10.6066 	  Fib 
120 	 1822.49 	 1733.83 	 2304.72 	 414.237 	 4941 	 80.4662 	 78.3762 	 0.226436 	 0.980746 	 266.007 	 3568.05 	 838.031 	 0.234871 	 2570.72 	 3208.63 	 6468 	 0.93266 	 333.948 	 358.052 	 331.329 	 221.378 	 0 	 0 	 0 	 84.3786 	 0.254667 	 45 	 45 	 303.356 	 106.036 	 1 	 0 	 0 	 NaN 	 NaN 	 NaN 	 NaN 	 45 	 45 	 45 	 0 	 62.6835 	 30.2159 	 28.4597 	 0.263941 	 107.826 	 125 	 340 	 112.456 	 43.4873 	 2 	 1112.9 	 0.225238 	 30.1953 	 30.1953 	 30.1953 	 0 	 69 	 56 	 62.5 	 9.19239 	  DCIS 
121 	 1866.57 	 1930.78 	 2469.26 	 587.335 	 6463 	 131.955 	 65.1563 	 0.869588 	 0.895028 	 356.777 	 2887.55 	 870.354 	 0.301416 	 1927.38 	 2528.13 	 8505 	 0.863627 	 419.161 	 247.385 	 269.428 	 159.477 	 0.0635359 	 161.565 	 273.792 	 154.722 	 0.57426 	 69 	 324 	 274.594 	 77.2742 	 2 	 644.407 	 0.0997072 	 39.2837 	 39.2837 	 39.2837 	 0 	 37 	 32 	 34.5 	 3.53553 	 18.84 	 7.58038 	 7.76732 	 0.121398 	 63.9825 	 121 	 576 	 93.4545 	 24.4858 	 2 	 119.495 	 0.018489 	 59.1483 	 59.1483 	 59.1483 	 0 	 62 	 59 	 60.5 	 2.12132 	  DCIS 
122 	 1975.37 	 324.912 	 2192.78 	 171.604 	 13297 	 285.491 	 63.3004 	 0.975109 	 0.806465 	 718.365 	 3744.34 	 622.824 	 0.166337 	 1850.83 	 3384.93 	 15968 	 0.783706 	 762.992 	 595.5 	 663.943 	 553.993 	 0.595912 	 735.464 	 637.021 	 229.764 	 0.34606 	 0 	 0 	 NaN 	 NaN 	 0 	 0 	 0 	 NaN 	 NaN 	 NaN 	 NaN 	 0 	 0 	 NaN 	 NaN 	 103.627 	 20.0184 	 44.3434 	 0.298068 	 148.769 	 183 	 2291 	 112.661 	 43.6925 	 4 	 3347.05 	 0.251715 	 98.0834 	 22.9081 	 65.8812 	 32.6634 	 63 	 9 	 45.75 	 25.1578 	  Tumour 
123 	 1896.84 	 1999.52 	 2538.45 	 658.818 	 2188 	 73.225 	 38.4468 	 0.851071 	 0.975479 	 189.823 	 3865.44 	 475.834 	 0.123099 	 2172.31 	 3506.02 	 3652 	 0.942938 	 246.108 	 433.264 	 445.875 	 335.924 	 0.110577 	 160.609 	 458.135 	 312.323 	 0.700473 	 6 	 6 	 443.667 	 246.347 	 1 	 0 	 0 	 NaN 	 NaN 	 NaN 	 NaN 	 6 	 6 	 6 	 0 	 21.8763 	 -2.48252 	 14.5536 	 0.217158 	 67.0187 	 100 	 263 	 103.7 	 34.7313 	 2 	 170.376 	 0.0778682 	 24.7228 	 24.7228 	 24.7228 	 0 	 51 	 49 	 50 	 1.41421 	  DCIS 
124 	 1924.61 	 1069.51 	 2037.09 	 121.342 	 5575 	 121.347 	 61.7147 	 0.861014 	 0.97807 	 320.894 	 3885.82 	 477.021 	 0.122759 	 1585.36 	 3526.41 	 9003 	 0.914474 	 502.191 	 722.018 	 688.062 	 578.111 	 0.215556 	 1219.73 	 629.293 	 407.156 	 0.591744 	 32 	 33 	 470.812 	 273.493 	 1 	 0 	 0 	 NaN 	 NaN 	 NaN 	 NaN 	 32 	 32 	 32 	 0 	 93.2105 	 0.314479 	 50.3056 	 0.363603 	 138.353 	 103 	 537 	 106.078 	 37.1089 	 2 	 132.852 	 0.0238299 	 60.3409 	 60.3409 	 60.3409 	 0 	 52 	 51 	 51.5 	 0.707107 	  Other 
125 	 1965.76 	 1614.3 	 2344.49 	 418.043 	 6149 	 174.031 	 51.0608 	 0.955989 	 0.865082 	 418.919 	 2864.92 	 757.403 	 0.264371 	 2012.1 	 2505.5 	 7916 	 0.894868 	 437.706 	 195.828 	 188.077 	 78.1265 	 0.0489691 	 297.263 	 185.742 	 67.7151 	 0.360039 	 45 	 45 	 157.267 	 -40.0533 	 1 	 0 	 0 	 NaN 	 NaN 	 NaN 	 NaN 	 45 	 45 	 45 	 0 	 21.1242 	 3.41832 	 10.3914 	 0.156812 	 66.2667 	 53 	 53 	 77.6792 	 8.7105 	 1 	 0 	 0 	 NaN 	 NaN 	 NaN 	 NaN 	 53 	 53 	 53 	 0 	  Fib 
126 	 1930.99 	 1340.09 	 2165.64 	 195.819 	 3089 	 93.7461 	 42.9655 	 0.888788 	 0.953984 	 242.108 	 3032.02 	 1060.84 	 0.34988 	 2083.76 	 2672.6 	 4017 	 0.957797 	 262.693 	 263.315 	 236.089 	 126.138 	 0.0977778 	 288.227 	 232.468 	 78.0907 	 0.330768 	 45 	 45 	 320.511 	 123.191 	 1 	 0 	 0 	 NaN 	 NaN 	 NaN 	 NaN 	 45 	 45 	 45 	 0 	 28.4186 	 15.3984 	 12.4041 	 0.168624 	 73.561 	 0 	 0 	 NaN 	 NaN 	 0 	 0 	 0 	 NaN 	 NaN 	 NaN 	 NaN 	 0 	 0 	 NaN 	 NaN 	  DCIS 
127 	 1956.36 	 148.459 	 1896.53 	 178.017 	 2291 	 71.1995 	 41.9279 	 0.808221 	 0.936248 	 198.51 	 3030.43 	 951.12 	 0.313856 	 2156.9 	 2671.02 	 3111 	 0.95225 	 219.681 	 322.99 	 303.948 	 193.998 	 0 	 0 	 0 	 52.0039 	 0.171094 	 0 	 0 	 NaN 	 NaN 	 0 	 0 	 0 	 NaN 	 NaN 	 NaN 	 NaN 	 0 	 0 	 NaN 	 NaN 	 27.8104 	 7.11181 	 10.8933 	 0.149319 	 72.9529 	 0 	 0 	 NaN 	 NaN 	 0 	 0 	 0 	 NaN 	 NaN 	 NaN 	 NaN 	 0 	 0 	 NaN 	 NaN 	  DCIS 
128 	 1981.49 	 423.403 	 2152.02 	 254.778 	 11466 	 141.12 	 104.045 	 0.675587 	 0.959498 	 437.647 	 3762.27 	 656.03 	 0.174371 	 2255.03 	 3402.85 	 14607 	 0.91557 	 541.328 	 596.758 	 847.252 	 737.301 	 0.708333 	 872.576 	 843.885 	 248.601 	 0.293421 	 0 	 0 	 NaN 	 NaN 	 0 	 0 	 0 	 NaN 	 NaN 	 NaN 	 NaN 	 0 	 0 	 NaN 	 NaN 	 90.4566 	 -29.071 	 33.8255 	 0.249452 	 135.599 	 1005 	 2137 	 152.915 	 83.9467 	 5 	 5125.82 	 0.447045 	 54.2034 	 12.9796 	 33.7579 	 11.7817 	 823 	 36 	 201 	 347.821 	  Tumour 
129 	 2024.63 	 1265.12 	 2211.73 	 219.823 	 5616 	 144.163 	 50.6005 	 0.936377 	 0.943231 	 350.818 	 3417.57 	 894.754 	 0.26181 	 2371.77 	 3058.16 	 6619 	 0.931991 	 374.274 	 259.738 	 249.701 	 139.751 	 0.425325 	 256.328 	 248.008 	 43.7304 	 0.175131 	 45 	 45 	 238.2 	 40.88 	 1 	 0 	 0 	 NaN 	 NaN 	 NaN 	 NaN 	 45 	 45 	 45 	 0 	 41.2402 	 13.714 	 18.1715 	 0.21036 	 86.3827 	 63 	 66 	 90.2381 	 21.2693 	 1 	 0 	 0 	 NaN 	 NaN 	 NaN 	 NaN 	 63 	 63 	 63 	 0 	  DCIS 
130 	 2058.38 	 1944.86 	 2621.19 	 719.603 	 3872 	 119.261 	 45.7205 	 0.923597 	 0.902775 	 296.676 	 2988.94 	 832.647 	 0.278576 	 2080.97 	 2629.53 	 7268 	 0.670109 	 515.085 	 291.897 	 309.432 	 199.481 	 0.148492 	 479.469 	 296.265 	 168.479 	 0.54448 	 0 	 0 	 NaN 	 NaN 	 0 	 0 	 0 	 NaN 	 NaN 	 NaN 	 NaN 	 0 	 0 	 NaN 	 NaN 	 14.7684 	 5.57445 	 6.60465 	 0.110241 	 59.9109 	 0 	 0 	 NaN 	 NaN 	 0 	 0 	 0 	 NaN 	 NaN 	 NaN 	 NaN 	 0 	 0 	 NaN 	 NaN 	  DCIS 
131 	 2061.66 	 483.771 	 2198.62 	 297.379 	 12475 	 160.32 	 99.8759 	 0.782238 	 0.969534 	 458.132 	 3748.9 	 714.404 	 0.190563 	 2414.88 	 3389.49 	 24007 	 0.881217 	 705.997 	 619.026 	 1101.14 	 991.193 	 0.53542 	 1091.82 	 1092.3 	 324.661 	 0.294839 	 39 	 39 	 312.692 	 115.372 	 1 	 0 	 0 	 NaN 	 NaN 	 NaN 	 NaN 	 39 	 39 	 39 	 0 	 75.5338 	 -50.3727 	 24.0788 	 0.199532 	 120.676 	 886 	 2759 	 135.1 	 66.1317 	 7 	 5104.53 	 0.409181 	 59.9447 	 12.3294 	 36.9561 	 14.383 	 296 	 46 	 126.571 	 104.513 	  Tumour 
132 	 2059.19 	 336.679 	 2260.83 	 151.076 	 5044 	 109.908 	 59.7438 	 0.839358 	 0.903943 	 340.09 	 3653.97 	 627.7 	 0.171786 	 1998.2 	 3294.55 	 10646 	 0.967203 	 419.22 	 807.182 	 1018.91 	 908.955 	 0.766129 	 973.305 	 1050.47 	 303.991 	 0.29835 	 73 	 75 	 431.562 	 234.242 	 1 	 0 	 0 	 NaN 	 NaN 	 NaN 	 NaN 	 73 	 73 	 73 	 0 	 125.622 	 -19.2025 	 27.4999 	 0.16104 	 170.764 	 225 	 1781 	 109.289 	 40.3201 	 5 	 1538.56 	 0.305028 	 95.9793 	 12.5689 	 48.5301 	 25.6345 	 65 	 15 	 45 	 21.8632 	  Tumour 
133 	 2054.22 	 1341.74 	 2273.61 	 283.648 	 5486 	 106.389 	 66.3944 	 0.781367 	 0.970287 	 300.919 	 3410.71 	 952.349 	 0.279223 	 2363.96 	 3051.29 	 6710 	 0.963665 	 324.919 	 240.179 	 207.409 	 97.4581 	 0.230483 	 268.532 	 198.512 	 83.7326 	 0.403708 	 128 	 796 	 264.289 	 66.9691 	 3 	 960.038 	 0.174998 	 45.1259 	 24.0208 	 33.9126 	 9.4938 	 45 	 38 	 42.6667 	 4.04145 	 26.0865 	 10.5845 	 13.8639 	 0.194639 	 71.2289 	 108 	 179 	 98.3333 	 29.3646 	 2 	 1195.68 	 0.217952 	 14.5484 	 14.5484 	 14.5484 	 0 	 57 	 51 	 54 	 4.24264 	  DCIS 
134 	 2077.34 	 186.782 	 2015.86 	 77.3692 	 4227 	 113.087 	 48.2618 	 0.904361 	 0.941845 	 285.421 	 2606.4 	 681.235 	 0.26137 	 1558.88 	 2246.98 	 9128 	 0.947871 	 429.061 	 351.102 	 399.973 	 290.022 	 0 	 0 	 399.527 	 156.117 	 0.390319 	 0 	 0 	 NaN 	 NaN 	 0 	 0 	 0 	 NaN 	 NaN 	 NaN 	 NaN 	 0 	 0 	 NaN 	 NaN 	 20.686 	 0.382357 	 6.79907 	 0.103285 	 65.8285 	 52 	 53 	 88.1731 	 19.2043 	 1 	 0 	 0 	 NaN 	 NaN 	 NaN 	 NaN 	 52 	 52 	 52 	 0 	  DCIS 
135 	 2100.2 	 1128.17 	 2220.67 	 280.143 	 4874 	 183.12 	 39.2984 	 0.976701 	 0.847063 	 404.357 	 2833.59 	 883.162 	 0.311676 	 1909.67 	 2474.17 	 6645 	 0.869537 	 429.772 	 249.331 	 238.473 	 128.522 	 0.0630372 	 224.818 	 238.263 	 35.1116 	 0.147235 	 0 	 0 	 NaN 	 NaN 	 0 	 0 	 0 	 NaN 	 NaN 	 NaN 	 NaN 	 0 	 0 	 NaN 	 NaN 	 12.7225 	 2.79017 	 6.27477 	 0.108438 	 57.865 	 66 	 68 	 87.0909 	 18.1222 	 1 	 0 	 0 	 NaN 	 NaN 	 NaN 	 NaN 	 66 	 66 	 66 	 0 	  Fib 
136 	 2096.59 	 741.905 	 2138.15 	 61.5224 	 6846 	 107.793 	 81.434 	 0.65519 	 0.952818 	 357.362 	 2083.39 	 475.807 	 0.228381 	 1098.22 	 1723.97 	 18125 	 0.918466 	 573.612 	 635.003 	 876.279 	 766.328 	 0.333333 	 929.462 	 861.931 	 382.103 	 0.436052 	 0 	 0 	 NaN 	 NaN 	 0 	 0 	 0 	 NaN 	 NaN 	 NaN 	 NaN 	 0 	 0 	 NaN 	 NaN 	 97.6887 	 -12.5986 	 22.3672 	 0.156599 	 142.831 	 90 	 175 	 82.8222 	 13.8535 	 2 	 1578.18 	 0.230526 	 18.0278 	 18.0278 	 18.0278 	 0 	 45 	 45 	 45 	 0 	  Tumour 
137 	 2112.06 	 255.697 	 2346.04 	 77.3692 	 4715 	 112.227 	 54.1511 	 0.875889 	 0.975988 	 287.865 	 3971.51 	 367.938 	 0.0926441 	 1823.28 	 3612.1 	 7775 	 0.901554 	 410.174 	 578.922 	 661.713 	 551.762 	 0.697947 	 706.903 	 645.493 	 251.581 	 0.380197 	 88 	 243 	 389.614 	 192.294 	 2 	 3427.67 	 0.726971 	 25.0855 	 25.0855 	 25.0855 	 0 	 57 	 31 	 44 	 18.3848 	 74.8367 	 -28.8223 	 26.1447 	 0.21791 	 119.979 	 172 	 643 	 105.872 	 36.9033 	 3 	 1391.75 	 0.295174 	 54.8312 	 25.4185 	 36.6717 	 14.2 	 59 	 54 	 57.3333 	 2.88675 	  Tumour 
138 	 2119.52 	 1200.45 	 2268.37 	 296.971 	 6885 	 133.596 	 67.2345 	 0.864131 	 0.952546 	 372.333 	 3605.32 	 761.407 	 0.21119 	 2561.8 	 3245.9 	 8227 	 0.957519 	 383.161 	 238.46 	 246.037 	 136.086 	 0.374233 	 247.902 	 246.223 	 21.5136 	 0.0874406 	 45 	 45 	 233.644 	 36.3244 	 1 	 0 	 0 	 NaN 	 NaN 	 NaN 	 NaN 	 45 	 45 	 45 	 0 	 30.2744 	 3.84722 	 14.3774 	 0.190639 	 75.4168 	 111 	 332 	 89.2883 	 20.3195 	 3 	 591.467 	 0.0859066 	 31.7805 	 13.4499 	 21.367 	 8.42265 	 52 	 29 	 37 	 13 	  DCIS 
139 	 2111.15 	 1672.16 	 2496.37 	 563.131 	 4101 	 80.7601 	 66.3084 	 0.570851 	 0.969045 	 254.936 	 3353.44 	 955.229 	 0.28485 	 2428.31 	 2994.02 	 5124 	 0.972665 	 274.652 	 236.246 	 222.279 	 112.328 	 0 	 0 	 0 	 42.0295 	 0.189085 	 90 	 173 	 250.422 	 53.1022 	 2 	 1315.1 	 0.320678 	 16.2788 	 16.2788 	 16.2788 	 0 	 45 	 45 	 45 	 0 	 27.5691 	 5.85323 	 7.58994 	 0.104384 	 72.7115 	 68 	 74 	 100.75 	 31.7812 	 1 	 0 	 0 	 NaN 	 NaN 	 NaN 	 NaN 	 68 	 68 	 68 	 0 	  DCIS 
140 	 2133.61 	 1887.46 	 2643.12 	 724.843 	 4166 	 76.3539 	 69.5596 	 0.41237 	 0.985336 	 241.622 	 3731.93 	 776.473 	 0.208062 	 2346.7 	 3372.52 	 5047 	 0.971698 	 270.593 	 374.167 	 332.622 	 222.671 	 0.282609 	 460.6 	 309.284 	 115.317 	 0.34669 	 0 	 0 	 NaN 	 NaN 	 0 	 0 	 0 	 NaN 	 NaN 	 NaN 	 NaN 	 0 	 0 	 NaN 	 NaN 	 46.6797 	 24.9833 	 17.1799 	 0.187099 	 91.8221 	 109 	 268 	 115.45 	 46.4808 	 2 	 416.856 	 0.100061 	 22.0546 	 22.0546 	 22.0546 	 0 	 58 	 51 	 54.5 	 4.94975 	  DCIS 
141 	 2132.94 	 1465.13 	 2403.12 	 423.086 	 5780 	 129.551 	 59.6717 	 0.887606 	 0.916006 	 352.25 	 3344.36 	 922.16 	 0.275736 	 2005.33 	 2984.94 	 7004 	 0.871578 	 421.647 	 263.462 	 250.939 	 140.988 	 0.314917 	 347.009 	 234.548 	 99.1145 	 0.394974 	 45 	 45 	 237.044 	 39.7244 	 1 	 0 	 0 	 NaN 	 NaN 	 NaN 	 NaN 	 45 	 45 	 45 	 0 	 32.4902 	 15.6407 	 15.5966 	 0.200903 	 77.6327 	 60 	 63 	 86.3333 	 17.3646 	 1 	 0 	 0 	 NaN 	 NaN 	 NaN 	 NaN 	 60 	 60 	 60 	 0 	  DCIS 
142 	 2141.44 	 784.984 	 2147.73 	 61.5224 	 1105 	 76.8941 	 18.8122 	 0.969611 	 0.932489 	 171.38 	 2323.94 	 639.502 	 0.27518 	 1102.29 	 1964.53 	 3051 	 0.802261 	 292.534 	 853.115 	 954.537 	 844.586 	 0.657025 	 829.447 	 1010.55 	 388.24 	 0.406731 	 0 	 0 	 NaN 	 NaN 	 0 	 0 	 0 	 NaN 	 NaN 	 NaN 	 NaN 	 0 	 0 	 NaN 	 NaN 	 117.433 	 -15.4004 	 30.496 	 0.18758 	 162.576 	 0 	 0 	 NaN 	 NaN 	 0 	 0 	 0 	 NaN 	 NaN 	 NaN 	 NaN 	 0 	 0 	 NaN 	 NaN 	  Other 
143 	 2187.62 	 365.455 	 2363.27 	 209.774 	 9044 	 135.285 	 86.2816 	 0.770223 	 0.962025 	 388.09 	 3518.73 	 719.743 	 0.204546 	 2012.63 	 3159.31 	 12539 	 0.90698 	 491.245 	 641.491 	 999.098 	 889.147 	 0.890476 	 973.136 	 1015.52 	 411.116 	 0.411487 	 44 	 44 	 365.227 	 167.907 	 1 	 0 	 0 	 NaN 	 NaN 	 NaN 	 NaN 	 44 	 44 	 44 	 0 	 92.3392 	 -46.1977 	 30.5353 	 0.222105 	 137.482 	 307 	 1242 	 116.541 	 47.572 	 4 	 2109.75 	 0.233276 	 59.0596 	 12.4415 	 34.6634 	 20.4578 	 115 	 33 	 76.75 	 34.0429 	  Tumour 
144 	 2179.66 	 1428.68 	 2425.99 	 436.744 	 6242 	 121.556 	 67.6209 	 0.830986 	 0.957509 	 338.534 	 3563.93 	 870.557 	 0.244269 	 2438.87 	 3204.51 	 7264 	 0.944112 	 356.392 	 268.555 	 269.152 	 159.201 	 0.496774 	 308.474 	 255.49 	 59.3576 	 0.220536 	 90 	 200 	 248.689 	 51.3689 	 2 	 1021.83 	 0.163702 	 19.2354 	 19.2354 	 19.2354 	 0 	 45 	 45 	 45 	 0 	 24.6393 	 10.7368 	 10.4778 	 0.150151 	 69.7818 	 124 	 276 	 102.258 	 33.2893 	 2 	 517.705 	 0.0829389 	 23.0267 	 23.0267 	 23.0267 	 0 	 67 	 57 	 62 	 7.07107 	  DCIS 
145 	 2199.17 	 1577.18 	 2517.6 	 549.023 	 6446 	 134.311 	 63.8875 	 0.879624 	 0.933797 	 349.706 	 3433.85 	 864.471 	 0.25175 	 2491.09 	 3074.44 	 7513 	 0.932597 	 367.806 	 231.345 	 198.754 	 88.8031 	 0.242991 	 242.615 	 193.18 	 45.9747 	 0.231315 	 45 	 45 	 298.8 	 101.48 	 1 	 0 	 0 	 NaN 	 NaN 	 NaN 	 NaN 	 45 	 45 	 45 	 0 	 22.445 	 13.0383 	 8.69513 	 0.12865 	 67.5875 	 98 	 130 	 100.357 	 31.3884 	 2 	 1930.88 	 0.299546 	 9.41818 	 9.41818 	 9.41818 	 0 	 59 	 39 	 49 	 14.1421 	  DCIS 
146 	 2212.97 	 578.895 	 2301.51 	 157.318 	 17907 	 178.824 	 140.56 	 0.618201 	 0.861079 	 712.624 	 3121.82 	 725.208 	 0.232303 	 1606.17 	 2762.4 	 30784 	 0.910258 	 825.678 	 465.725 	 714.949 	 604.998 	 0.705799 	 692.269 	 729.251 	 292.343 	 0.4089 	 38 	 39 	 320.421 	 123.101 	 1 	 0 	 0 	 NaN 	 NaN 	 NaN 	 NaN 	 38 	 38 	 38 	 0 	 64.889 	 2.32707 	 19.2561 	 0.175006 	 110.031 	 1154 	 6066 	 154.208 	 85.2392 	 9 	 5321.44 	 0.297171 	 103.182 	 11.2933 	 53.9158 	 27.9638 	 389 	 42 	 128.222 	 133.303 	  Tumour 
147 	 2182.25 	 1353.57 	 2392.08 	 399.81 	 3153 	 79.8921 	 51.3177 	 0.766421 	 0.935886 	 231.238 	 3179.3 	 927.069 	 0.291595 	 2170.77 	 2819.88 	 4918 	 0.86554 	 352.877 	 305.432 	 280.299 	 170.349 	 0.194079 	 245.034 	 284.69 	 69.6724 	 0.248564 	 120 	 378 	 344.05 	 146.73 	 2 	 978.529 	 0.310348 	 32.7529 	 32.7529 	 32.7529 	 0 	 87 	 33 	 60 	 38.1838 	 15.9007 	 8.59543 	 8.18194 	 0.134035 	 61.0431 	 128 	 316 	 97.4375 	 28.4688 	 2 	 999.952 	 0.317143 	 26.009 	 26.009 	 26.009 	 0 	 80 	 48 	 64 	 22.6274 	  DCIS 
148 	 2217.09 	 246.85 	 2442.59 	 152.315 	 10410 	 148.384 	 93.3158 	 0.777504 	 0.865337 	 471.161 	 3686.53 	 755.039 	 0.20481 	 1882.67 	 3327.11 	 16313 	 0.751024 	 688.968 	 607.464 	 715.67 	 605.719 	 0.632479 	 793.992 	 678.784 	 308.184 	 0.430622 	 223 	 2070 	 477.318 	 279.998 	 3 	 1437.3 	 0.138069 	 83.0407 	 38.1049 	 60.1492 	 20.1066 	 82 	 68 	 74.3333 	 7.0946 	 95.7866 	 10.011 	 29.093 	 0.206437 	 140.929 	 165 	 2231 	 111.133 	 42.1646 	 3 	 1926.01 	 0.185015 	 82.1092 	 42.7029 	 62.9459 	 17.6429 	 69 	 33 	 55 	 19.2873 	  Tumour 
149 	 2184.29 	 1226.85 	 2337.79 	 363.595 	 2142 	 58.9835 	 48.7445 	 0.56307 	 0.910714 	 196.894 	 2746.18 	 875.536 	 0.318819 	 1791.09 	 2386.77 	 3016 	 0.934035 	 220.451 	 241.778 	 227.321 	 117.37 	 0.201087 	 240.432 	 225.066 	 25.1037 	 0.110433 	 0 	 0 	 NaN 	 NaN 	 0 	 0 	 0 	 NaN 	 NaN 	 NaN 	 NaN 	 0 	 0 	 NaN 	 NaN 	 15.7361 	 3.31234 	 8.26778 	 0.135808 	 60.8786 	 0 	 0 	 NaN 	 NaN 	 0 	 0 	 0 	 NaN 	 NaN 	 NaN 	 NaN 	 0 	 0 	 NaN 	 NaN 	  Other 
150 	 2231.26 	 1663.68 	 2591.39 	 635.447 	 6917 	 152.209 	 60.0922 	 0.918767 	 0.953543 	 381.203 	 3281.72 	 995.042 	 0.303207 	 2292.81 	 2922.3 	 9576 	 0.911046 	 444.902 	 290.25 	 278.019 	 168.068 	 0 	 0 	 276.731 	 114.838 	 0.413059 	 148 	 1346 	 324.176 	 126.856 	 3 	 1507.48 	 0.217939 	 68.6374 	 25.2411 	 49.8788 	 19.9345 	 73 	 30 	 49.3333 	 21.8251 	 33.68 	 19.4162 	 12.4118 	 0.157465 	 78.8225 	 185 	 739 	 102.935 	 33.9664 	 3 	 808.371 	 0.116867 	 64.2306 	 25.2715 	 42.8677 	 17.6656 	 69 	 51 	 61.6667 	 9.45163 	  DCIS 
151 	 2239.61 	 754.225 	 2236.46 	 97.0464 	 3468 	 91.7598 	 49.1344 	 0.844556 	 0.94393 	 251.078 	 3235.58 	 966.445 	 0.298692 	 2146.33 	 2876.17 	 6522 	 0.82463 	 410.818 	 481.942 	 590.105 	 480.154 	 0.403409 	 675.535 	 571.009 	 315.681 	 0.534957 	 0 	 0 	 NaN 	 NaN 	 0 	 0 	 0 	 NaN 	 NaN 	 NaN 	 NaN 	 0 	 0 	 NaN 	 NaN 	 55.4729 	 -9.41537 	 16.4898 	 0.16389 	 100.615 	 0 	 0 	 NaN 	 NaN 	 0 	 0 	 0 	 NaN 	 NaN 	 NaN 	 NaN 	 0 	 0 	 NaN 	 NaN 	  DCIS 
152 	 2270.69 	 1546.14 	 2563.14 	 580.266 	 3013 	 91.0905 	 48.8444 	 0.84408 	 0.791021 	 266.309 	 2877.26 	 900.765 	 0.313063 	 1862.68 	 2517.84 	 3959 	 0.839483 	 285.622 	 246.141 	 222.532 	 112.581 	 0.316 	 240.949 	 219.371 	 36.2843 	 0.163052 	 0 	 0 	 NaN 	 NaN 	 0 	 0 	 0 	 NaN 	 NaN 	 NaN 	 NaN 	 0 	 0 	 NaN 	 NaN 	 23.3939 	 10.9137 	 9.53266 	 0.139089 	 68.5363 	 112 	 115 	 137.893 	 68.9241 	 1 	 0 	 0 	 NaN 	 NaN 	 NaN 	 NaN 	 112 	 112 	 112 	 0 	  DCIS 
153 	 2282.84 	 667.374 	 2338.22 	 97.0464 	 8706 	 161.394 	 73.4429 	 0.890464 	 0.903206 	 441.304 	 3786.94 	 553.678 	 0.146207 	 1844.26 	 3427.52 	 11949 	 0.851129 	 531.487 	 475.089 	 487.495 	 377.544 	 0.562092 	 497.891 	 485.158 	 148.346 	 0.304302 	 4 	 4 	 439.75 	 242.43 	 1 	 0 	 0 	 NaN 	 NaN 	 NaN 	 NaN 	 4 	 4 	 4 	 0 	 71.0159 	 -1.99498 	 15.2297 	 0.131112 	 116.158 	 241 	 1905 	 153.846 	 84.8777 	 5 	 1426.29 	 0.163829 	 73.3434 	 10 	 42.8817 	 19.9952 	 58 	 41 	 48.2 	 6.76018 	  Tumour 
154 	 2315.63 	 270.209 	 2520.05 	 187.579 	 11891 	 172.714 	 97.3528 	 0.826003 	 0.860544 	 523.446 	 3765.32 	 642.905 	 0.170744 	 2001.73 	 3405.9 	 13710 	 0.8268 	 593.612 	 827.005 	 929.502 	 819.551 	 0.678 	 999.357 	 886.661 	 469.149 	 0.504731 	 338 	 2349 	 466.571 	 269.251 	 6 	 3175.36 	 0.267039 	 86.8386 	 19.2354 	 44.7881 	 21.5079 	 97 	 45 	 56.3333 	 20.9253 	 83.267 	 1.91909 	 34.2001 	 0.266336 	 128.409 	 225 	 1319 	 118.413 	 49.4446 	 4 	 3596.47 	 0.302453 	 78.7435 	 11.0201 	 42.3718 	 22.2951 	 73 	 38 	 56.25 	 14.6828 	  Tumour 
155 	 2287.63 	 361.846 	 2454.92 	 167.431 	 5259 	 130.9 	 65.7313 	 0.86478 	 0.720411 	 389.605 	 3932.1 	 406.202 	 0.103304 	 1738.26 	 3572.68 	 9465 	 0.739626 	 515.973 	 704.371 	 833.703 	 723.752 	 0.893424 	 808.964 	 843.516 	 258.723 	 0.31033 	 73 	 442 	 421.151 	 223.831 	 2 	 1561.97 	 0.297008 	 57.2194 	 57.2194 	 57.2194 	 0 	 46 	 27 	 36.5 	 13.435 	 109.777 	 -23.4249 	 23.9347 	 0.154498 	 154.92 	 471 	 1327 	 153.985 	 85.0164 	 1 	 0 	 0 	 NaN 	 NaN 	 NaN 	 0 	 448 	 23 	 235.5 	 300.52 	  Tumour 
156 	 2289.38 	 498.861 	 2401.42 	 102.122 	 3101 	 71.1469 	 58.5534 	 0.568052 	 0.894949 	 242.007 	 1887.32 	 268.979 	 0.142519 	 446.409 	 1527.9 	 5811 	 0.8173 	 385.889 	 613.038 	 635.022 	 525.071 	 0.716923 	 615.682 	 646.635 	 199.719 	 0.314508 	 0 	 0 	 NaN 	 NaN 	 0 	 0 	 0 	 NaN 	 NaN 	 NaN 	 NaN 	 0 	 0 	 NaN 	 NaN 	 114.07 	 3.87393 	 19.699 	 0.123728 	 159.213 	 0 	 0 	 NaN 	 NaN 	 0 	 0 	 0 	 NaN 	 NaN 	 NaN 	 NaN 	 0 	 0 	 NaN 	 NaN 	  Tumour 
157 	 2284.78 	 84.779 	 2228.82 	 175.693 	 1190 	 60.302 	 26.5863 	 0.897563 	 0.92034 	 149.64 	 2446.06 	 788.65 	 0.322417 	 1447.53 	 2086.64 	 5179 	 0.938225 	 314.108 	 392.677 	 403.884 	 293.933 	 0 	 0 	 0 	 120.454 	 0.298239 	 76 	 78 	 410.934 	 213.614 	 1 	 0 	 0 	 NaN 	 NaN 	 NaN 	 NaN 	 76 	 76 	 76 	 0 	 20.1718 	 4.15217 	 8.35173 	 0.12787 	 65.3143 	 76 	 81 	 95.8026 	 26.8339 	 1 	 0 	 0 	 NaN 	 NaN 	 NaN 	 NaN 	 76 	 76 	 76 	 0 	  Other 
158 	 2349.23 	 372.946 	 2505.88 	 128.082 	 9336 	 195.796 	 65.4321 	 0.942507 	 0.871465 	 471.872 	 3888.69 	 528.751 	 0.135971 	 1818.62 	 3529.27 	 11000 	 0.810134 	 577.127 	 712.841 	 870.08 	 760.129 	 0.788066 	 869.77 	 862.734 	 423.494 	 0.48673 	 114 	 1248 	 490.614 	 293.294 	 3 	 1623.42 	 0.173888 	 54.4885 	 31.247 	 44.3255 	 10.6364 	 45 	 24 	 38 	 12.1244 	 108.939 	 1.56423 	 23.1506 	 0.150249 	 154.082 	 538 	 5657 	 131.944 	 62.9755 	 8 	 2318.9 	 0.248382 	 165.193 	 10.6674 	 75.6102 	 41.9094 	 177 	 3 	 67.25 	 56.2209 	  Tumour 
159 	 2332.67 	 523.976 	 2433.23 	 65.2993 	 3479 	 97.3104 	 46.7823 	 0.876856 	 0.965852 	 254.451 	 3824.15 	 560.425 	 0.146549 	 1610.72 	 3464.73 	 5786 	 0.728899 	 434.86 	 472.161 	 525.139 	 415.188 	 0.682065 	 537.454 	 522.294 	 113.947 	 0.216985 	 41 	 41 	 418.463 	 221.143 	 1 	 0 	 0 	 NaN 	 NaN 	 NaN 	 NaN 	 41 	 41 	 41 	 0 	 67.0648 	 -15.0936 	 15.2921 	 0.136284 	 112.207 	 74 	 756 	 98.973 	 30.0042 	 3 	 1440.51 	 0.414059 	 41.962 	 23.2418 	 32.6892 	 8.37304 	 37 	 18 	 24.6667 	 10.6927 	  Tumour 
160 	 2344.69 	 1485.08 	 2597.54 	 605.741 	 8105 	 140.87 	 75.6703 	 0.843477 	 0.960308 	 373.647 	 3248.84 	 794.366 	 0.244508 	 2345.59 	 2889.42 	 10396 	 0.883338 	 506.843 	 190.933 	 204.976 	 95.0256 	 0 	 0 	 204.091 	 76.4448 	 0.372944 	 90 	 241 	 176.978 	 -20.3422 	 2 	 267.814 	 0.0330431 	 25 	 25 	 25 	 0 	 45 	 45 	 45 	 0 	 12.6796 	 3.67864 	 6.20577 	 0.107325 	 57.8221 	 92 	 304 	 81.0761 	 12.1073 	 2 	 995.197 	 0.122788 	 32.1617 	 32.1617 	 32.1617 	 0 	 46 	 46 	 46 	 0 	  DCIS 
161 	 2404.96 	 395.159 	 2548.4 	 99.985 	 7998 	 167.015 	 62.0513 	 0.92842 	 0.905263 	 425.103 	 3928.26 	 377.84 	 0.0961851 	 1498.47 	 3568.84 	 9943 	 0.86206 	 476.701 	 612.968 	 655.812 	 545.861 	 0.944724 	 659.274 	 654.482 	 161.829 	 0.246761 	 205 	 3390 	 574.932 	 377.612 	 4 	 1504.21 	 0.188073 	 116.818 	 38.9713 	 69.081 	 25.2038 	 63 	 32 	 51.25 	 13.376 	 77.7889 	 1.38173 	 19.9681 	 0.162433 	 122.931 	 402 	 3661 	 150.44 	 81.4715 	 5 	 4299.92 	 0.537625 	 107.305 	 28.4116 	 57.9235 	 25.1543 	 265 	 12 	 80.4 	 104.78 	  Tumour 
162 	 2369.71 	 589.019 	 2333.35 	 74.793 	 1264 	 58.8502 	 28.3334 	 0.876474 	 0.947526 	 155.539 	 3734.47 	 582.658 	 0.156022 	 1862.88 	 3375.05 	 2794 	 0.924553 	 224.309 	 505.129 	 494.875 	 384.924 	 0.328125 	 517.159 	 490.907 	 46.5754 	 0.0941156 	 3 	 3 	 493.667 	 296.347 	 1 	 0 	 0 	 NaN 	 NaN 	 NaN 	 NaN 	 3 	 3 	 3 	 0 	 60.5917 	 1.51292 	 12.0019 	 0.11351 	 105.734 	 133 	 433 	 112.165 	 43.1967 	 3 	 392.412 	 0.310453 	 23.4835 	 13.592 	 19.1866 	 4.53638 	 62 	 17 	 44.3333 	 24.0069 	  Other 
163 	 2403.67 	 39.3402 	 2351.13 	 247.194 	 6103 	 101.813 	 79.6078 	 0.623404 	 0.944298 	 326.25 	 3186.41 	 836.448 	 0.262505 	 2214.94 	 2826.99 	 7127 	 0.959736 	 334.853 	 302.753 	 305.187 	 195.236 	 0 	 0 	 0 	 65.7004 	 0.215279 	 0 	 0 	 NaN 	 NaN 	 0 	 0 	 0 	 NaN 	 NaN 	 NaN 	 NaN 	 0 	 0 	 NaN 	 NaN 	 17.4836 	 2.95193 	 5.55183 	 0.0886504 	 62.6261 	 85 	 168 	 84.7294 	 15.7607 	 2 	 157.762 	 0.02585 	 16.8761 	 16.8761 	 16.8761 	 0 	 45 	 40 	 42.5 	 3.53553 	  DCIS 
164 	 2391.35 	 928.512 	 2427.08 	 283.387 	 3564 	 84.8257 	 53.9815 	 0.771374 	 0.972177 	 233.865 	 3304.11 	 993.312 	 0.30063 	 2275.33 	 2944.69 	 4206 	 0.972935 	 251.865 	 242.668 	 237.735 	 127.784 	 0.297674 	 250.047 	 236.104 	 22.1996 	 0.0933796 	 45 	 45 	 257.911 	 60.5911 	 1 	 0 	 0 	 NaN 	 NaN 	 NaN 	 NaN 	 45 	 45 	 45 	 0 	 14.3303 	 9.15776 	 6.27086 	 0.105441 	 59.4728 	 0 	 0 	 NaN 	 NaN 	 0 	 0 	 0 	 NaN 	 NaN 	 NaN 	 NaN 	 0 	 0 	 NaN 	 NaN 	  DCIS 
165 	 2440.55 	 956.929 	 2482.97 	 330.248 	 5805 	 168.557 	 45.6101 	 0.962694 	 0.891294 	 412.617 	 3068.67 	 906.94 	 0.295548 	 2171.37 	 2709.26 	 7405 	 0.922626 	 422.333 	 218.029 	 211.454 	 101.503 	 0.174863 	 250.859 	 207.735 	 27.169 	 0.128487 	 0 	 0 	 NaN 	 NaN 	 0 	 0 	 0 	 NaN 	 NaN 	 NaN 	 NaN 	 0 	 0 	 NaN 	 NaN 	 8.50611 	 1.10798 	 5.43138 	 0.10124 	 53.6486 	 0 	 0 	 NaN 	 NaN 	 0 	 0 	 0 	 NaN 	 NaN 	 NaN 	 NaN 	 0 	 0 	 NaN 	 NaN 	  Fib 
166 	 2391.39 	 493.551 	 2342.17 	 65.2993 	 2821 	 73.4374 	 50.0245 	 0.732111 	 0.983269 	 207.296 	 3862.28 	 549.519 	 0.142278 	 1706.95 	 3502.87 	 5239 	 0.811116 	 347.019 	 473.686 	 513.599 	 403.648 	 0.642857 	 505.894 	 520.015 	 93.9507 	 0.182926 	 0 	 0 	 NaN 	 NaN 	 0 	 0 	 0 	 NaN 	 NaN 	 NaN 	 NaN 	 0 	 0 	 NaN 	 NaN 	 62.1698 	 0.0790191 	 11.7728 	 0.109706 	 107.312 	 57 	 873 	 97.2281 	 28.2593 	 3 	 677.592 	 0.240196 	 40.0962 	 31.4274 	 36.5348 	 4.05753 	 39 	 6 	 19 	 17.5784 	  DCIS 
167 	 2438.01 	 1932.75 	 2913.99 	 974.703 	 7450 	 153.49 	 62.6419 	 0.91293 	 0.943874 	 395.831 	 3194.24 	 853.861 	 0.267313 	 2311.87 	 2834.82 	 8704 	 0.929021 	 414.558 	 189.706 	 181.979 	 72.0286 	 0.282353 	 182.167 	 181.491 	 35.5639 	 0.195428 	 0 	 0 	 NaN 	 NaN 	 0 	 0 	 0 	 NaN 	 NaN 	 NaN 	 NaN 	 0 	 0 	 NaN 	 NaN 	 19.2668 	 5.24609 	 14.3523 	 0.22283 	 64.4093 	 93 	 452 	 82.7742 	 13.8054 	 2 	 1461.05 	 0.196115 	 49.23 	 49.23 	 49.23 	 0 	 49 	 44 	 46.5 	 3.53553 	  DCIS 
168 	 2426.11 	 1863.41 	 2864.12 	 913.44 	 5212 	 107.993 	 63.4051 	 0.809496 	 0.971844 	 299.505 	 3175.89 	 820.925 	 0.258486 	 2357.44 	 2816.48 	 6353 	 0.976333 	 318.475 	 182.03 	 150.419 	 40.4678 	 0.209302 	 166.926 	 148.879 	 40.0675 	 0.266373 	 32 	 33 	 199.156 	 1.83625 	 1 	 0 	 0 	 NaN 	 NaN 	 NaN 	 NaN 	 32 	 32 	 32 	 0 	 13.1613 	 7.60901 	 6.74807 	 0.11574 	 58.3037 	 92 	 465 	 82.2174 	 13.2486 	 2 	 914.473 	 0.175455 	 50.9691 	 50.9691 	 50.9691 	 0 	 59 	 33 	 46 	 18.3848 	  DCIS 
169 	 2424.56 	 1291.28 	 2583.76 	 611.904 	 2323 	 80.392 	 37.2226 	 0.886351 	 0.973596 	 200.451 	 2781.48 	 876.682 	 0.315186 	 1881.48 	 2422.06 	 4042 	 0.889525 	 281.563 	 348.716 	 335.479 	 225.528 	 0 	 0 	 0 	 95.5141 	 0.28471 	 0 	 0 	 NaN 	 NaN 	 0 	 0 	 0 	 NaN 	 NaN 	 NaN 	 NaN 	 0 	 0 	 NaN 	 NaN 	 27.418 	 9.75906 	 8.59627 	 0.11847 	 72.5605 	 0 	 0 	 NaN 	 NaN 	 0 	 0 	 0 	 NaN 	 NaN 	 NaN 	 NaN 	 0 	 0 	 NaN 	 NaN 	  Other 
170 	 2427.71 	 1425.4 	 2643.48 	 653.312 	 981 	 46.7857 	 27.6797 	 0.806211 	 0.927221 	 137.539 	 1963.09 	 386.534 	 0.196901 	 1142.31 	 1603.67 	 1574 	 0.939141 	 160.953 	 170.784 	 177.302 	 67.3514 	 0.172662 	 148.417 	 182.852 	 58.5334 	 0.330133 	 0 	 0 	 NaN 	 NaN 	 0 	 0 	 0 	 NaN 	 NaN 	 NaN 	 NaN 	 0 	 0 	 NaN 	 NaN 	 10.4569 	 -3.75551 	 9.18748 	 0.165244 	 55.5994 	 0 	 0 	 NaN 	 NaN 	 0 	 0 	 0 	 NaN 	 NaN 	 NaN 	 NaN 	 0 	 0 	 NaN 	 NaN 	  Other 
171 	 2452.43 	 1493.45 	 2695.76 	 703.472 	 5289 	 101.828 	 66.4868 	 0.757416 	 0.980716 	 286.735 	 3599.99 	 801.167 	 0.222547 	 2674.52 	 3240.57 	 6377 	 0.978218 	 308.25 	 194.533 	 181.402 	 71.4515 	 0.0902256 	 147.792 	 182.663 	 69.5581 	 0.383447 	 0 	 0 	 NaN 	 NaN 	 0 	 0 	 0 	 NaN 	 NaN 	 NaN 	 NaN 	 0 	 0 	 NaN 	 NaN 	 6.80005 	 -0.127496 	 5.60248 	 0.107859 	 51.9425 	 0 	 0 	 NaN 	 NaN 	 0 	 0 	 0 	 NaN 	 NaN 	 NaN 	 NaN 	 0 	 0 	 NaN 	 NaN 	  DCIS 
172 	 2502.77 	 336.816 	 2661.34 	 160.59 	 6672 	 115.885 	 75.518 	 0.75851 	 0.922566 	 344.392 	 3409.69 	 887.272 	 0.260221 	 2165.03 	 3050.27 	 12906 	 0.737444 	 649.47 	 527.487 	 583.521 	 473.571 	 0.355357 	 824.337 	 529.694 	 316.965 	 0.543194 	 0 	 0 	 NaN 	 NaN 	 0 	 0 	 0 	 NaN 	 NaN 	 NaN 	 NaN 	 0 	 0 	 NaN 	 NaN 	 23.3829 	 4.00526 	 8.10627 	 0.118296 	 68.5253 	 106 	 324 	 100.283 	 31.3143 	 2 	 631.213 	 0.0946063 	 35.0538 	 35.0538 	 35.0538 	 0 	 58 	 48 	 53 	 7.07107 	  Tumour 
173 	 2514.77 	 1937.7 	 2979.95 	 1028.65 	 2378 	 70.0161 	 44.3521 	 0.773779 	 0.934014 	 207.966 	 1883.15 	 344.668 	 0.183027 	 1137.19 	 1523.74 	 3223 	 0.959512 	 226.309 	 166.738 	 164.103 	 54.1523 	 0.221649 	 196.395 	 159.635 	 33.594 	 0.204713 	 0 	 0 	 NaN 	 NaN 	 0 	 0 	 0 	 NaN 	 NaN 	 NaN 	 NaN 	 0 	 0 	 NaN 	 NaN 	 5.24062 	 -0.472413 	 4.35702 	 0.0864777 	 50.3831 	 0 	 0 	 NaN 	 NaN 	 0 	 0 	 0 	 NaN 	 NaN 	 NaN 	 NaN 	 0 	 0 	 NaN 	 NaN 	  DCIS 
174 	 2506.39 	 858.04 	 2519.46 	 293.615 	 743 	 57.2911 	 17.1043 	 0.954394 	 0.917284 	 135.196 	 2064.83 	 540.61 	 0.261819 	 1292.77 	 1705.41 	 1344 	 0.953868 	 152.853 	 239.025 	 232.453 	 122.502 	 0 	 0 	 0 	 26.7525 	 0.115088 	 0 	 0 	 NaN 	 NaN 	 0 	 0 	 0 	 NaN 	 NaN 	 NaN 	 NaN 	 0 	 0 	 NaN 	 NaN 	 17.1859 	 4.98507 	 5.41559 	 0.0868881 	 62.3284 	 0 	 0 	 NaN 	 NaN 	 0 	 0 	 0 	 NaN 	 NaN 	 NaN 	 NaN 	 0 	 0 	 NaN 	 NaN 	  Other 
175 	 2521.02 	 1534.07 	 2775.9 	 783.564 	 3865 	 91.2079 	 54.6294 	 0.800783 	 0.960965 	 269.522 	 2801.86 	 867.324 	 0.309553 	 1928.64 	 2442.44 	 4918 	 0.973861 	 273.823 	 199.428 	 208.635 	 98.6845 	 0 	 0 	 208.686 	 78.1684 	 0.374665 	 38 	 38 	 280.816 	 83.4958 	 1 	 0 	 0 	 NaN 	 NaN 	 NaN 	 NaN 	 38 	 38 	 38 	 0 	 15.5921 	 1.02563 	 11.535 	 0.189925 	 60.7345 	 0 	 0 	 NaN 	 NaN 	 0 	 0 	 0 	 NaN 	 NaN 	 NaN 	 NaN 	 0 	 0 	 NaN 	 NaN 	  DCIS 
176 	 2545.71 	 1075.65 	 2619 	 486.261 	 3133 	 90.1913 	 45.4035 	 0.864046 	 0.956933 	 238.551 	 3074.47 	 923.233 	 0.30029 	 1937.08 	 2715.06 	 6019 	 0.900105 	 380.676 	 303.599 	 330.837 	 220.887 	 0 	 0 	 330.702 	 117.164 	 0.354143 	 45 	 45 	 239.067 	 41.7467 	 1 	 0 	 0 	 NaN 	 NaN 	 NaN 	 NaN 	 45 	 45 	 45 	 0 	 24.6871 	 10.1802 	 8.48993 	 0.121581 	 69.8296 	 51 	 52 	 88.1569 	 19.1881 	 1 	 0 	 0 	 NaN 	 NaN 	 NaN 	 NaN 	 51 	 51 	 51 	 0 	  DCIS 
177 	 2571.93 	 1220.1 	 2692.36 	 623.963 	 4239 	 101.821 	 53.3907 	 0.851497 	 0.970467 	 269.078 	 3266.99 	 1022.56 	 0.312999 	 2174.27 	 2907.58 	 8087 	 0.84486 	 449.446 	 346.023 	 345.565 	 235.614 	 0.197917 	 436.671 	 335.237 	 128.609 	 0.372171 	 0 	 0 	 NaN 	 NaN 	 0 	 0 	 0 	 NaN 	 NaN 	 NaN 	 NaN 	 0 	 0 	 NaN 	 NaN 	 18.135 	 3.9192 	 9.1484 	 0.144576 	 63.2774 	 32 	 33 	 95.2188 	 26.25 	 1 	 0 	 0 	 NaN 	 NaN 	 NaN 	 NaN 	 32 	 32 	 32 	 0 	  DCIS 
178 	 2621.47 	 1368.58 	 2794.57 	 779.133 	 5428 	 99.3656 	 73.7471 	 0.670201 	 0.893645 	 313.948 	 3456.84 	 931.05 	 0.269336 	 2361.59 	 3097.42 	 8378 	 0.794048 	 457.872 	 289.969 	 317.842 	 207.891 	 0.326316 	 317.871 	 317.121 	 53.1176 	 0.167119 	 0 	 0 	 NaN 	 NaN 	 0 	 0 	 0 	 NaN 	 NaN 	 NaN 	 NaN 	 0 	 0 	 NaN 	 NaN 	 30.3732 	 -0.191411 	 9.34304 	 0.123723 	 75.5157 	 45 	 45 	 86.5333 	 17.5646 	 1 	 0 	 0 	 NaN 	 NaN 	 NaN 	 NaN 	 45 	 45 	 45 	 0 	  DCIS 
179 	 2619.64 	 447.001 	 2565.88 	 160.59 	 1847 	 58.4901 	 41.1741 	 0.71025 	 0.959481 	 172.652 	 2615.43 	 811.27 	 0.310186 	 1702.85 	 2256.02 	 2587 	 0.984774 	 191.681 	 288.172 	 278.548 	 168.597 	 0 	 0 	 0 	 88.5997 	 0.318077 	 0 	 0 	 NaN 	 NaN 	 0 	 0 	 0 	 NaN 	 NaN 	 NaN 	 NaN 	 0 	 0 	 NaN 	 NaN 	 24.0243 	 3.52222 	 11.1182 	 0.160745 	 69.1668 	 55 	 61 	 138.036 	 69.0676 	 1 	 0 	 0 	 NaN 	 NaN 	 NaN 	 NaN 	 55 	 55 	 55 	 0 	  DCIS 
180 	 2660.98 	 1311.23 	 2808.74 	 746.74 	 5360 	 87.2217 	 79.4554 	 0.412498 	 0.963163 	 295.907 	 3662.69 	 804.759 	 0.219718 	 1866.51 	 3303.27 	 6605 	 0.925848 	 348.777 	 305.701 	 322.135 	 212.184 	 0.62963 	 311.15 	 327.823 	 50.8443 	 0.157836 	 90 	 168 	 265.578 	 68.2578 	 2 	 491.451 	 0.0916886 	 15.2643 	 15.2643 	 15.2643 	 0 	 45 	 45 	 45 	 0 	 43.0969 	 -11.4341 	 13.0278 	 0.147641 	 88.2394 	 106 	 242 	 96.5755 	 27.6067 	 2 	 405.859 	 0.0757199 	 21.9777 	 21.9777 	 21.9777 	 0 	 56 	 50 	 53 	 4.24264 	  DCIS 
181 	 2667.22 	 1175.3 	 2765.69 	 636.805 	 5785 	 89.0398 	 83.4573 	 0.348514 	 0.958734 	 305.907 	 3893.73 	 529.262 	 0.135927 	 1332.39 	 3534.31 	 7091 	 0.932045 	 350.291 	 370.877 	 390.767 	 280.817 	 0.797342 	 410.133 	 379.425 	 73.2547 	 0.187464 	 88 	 318 	 319.898 	 122.578 	 2 	 655.539 	 0.113317 	 36.438 	 36.438 	 36.438 	 0 	 45 	 43 	 44 	 1.41421 	 49.8769 	 10.9279 	 16.019 	 0.168586 	 95.0194 	 158 	 922 	 115.127 	 46.1578 	 3 	 171.443 	 0.0296357 	 65.327 	 9.49937 	 45.0149 	 27.6049 	 58 	 45 	 52.6667 	 6.80686 	  DCIS 
182 	 2683.13 	 353.846 	 2623.22 	 180.801 	 8007 	 129.431 	 79.6562 	 0.788191 	 0.977536 	 363.262 	 3352.03 	 922.916 	 0.275331 	 1938.02 	 2992.61 	 9661 	 0.960911 	 399.019 	 375.016 	 343.332 	 233.382 	 0 	 0 	 0 	 54.9496 	 0.160048 	 0 	 0 	 NaN 	 NaN 	 0 	 0 	 0 	 NaN 	 NaN 	 NaN 	 NaN 	 0 	 0 	 NaN 	 NaN 	 39.8773 	 20.3516 	 13.3716 	 0.157276 	 85.0197 	 73 	 75 	 105.288 	 36.3189 	 1 	 0 	 0 	 NaN 	 NaN 	 NaN 	 NaN 	 73 	 73 	 73 	 0 	  DCIS 
183 	 2689.11 	 1093.82 	 2760.48 	 589.207 	 6599 	 100.16 	 85.0621 	 0.527967 	 0.961813 	 314.652 	 3953.03 	 396.371 	 0.10027 	 1321.75 	 3593.61 	 8467 	 0.913179 	 379.563 	 320.141 	 343.862 	 233.911 	 0.221557 	 361.095 	 344.269 	 59.2078 	 0.172185 	 42 	 155 	 262.357 	 65.0371 	 2 	 2028.72 	 0.307428 	 25.1609 	 25.1609 	 25.1609 	 0 	 32 	 10 	 21 	 15.5563 	 47.6851 	 5.52683 	 14.368 	 0.154782 	 92.8275 	 260 	 1545 	 97.6923 	 28.7236 	 6 	 1996.96 	 0.302615 	 79.4348 	 12.2916 	 37.3234 	 18.2028 	 71 	 5 	 43.3333 	 22.169 	  DCIS 
184 	 2703.06 	 1246.06 	 2823.98 	 715.291 	 6023 	 104.489 	 75.7698 	 0.688598 	 0.921089 	 331.848 	 3674.01 	 789.379 	 0.214855 	 1674.8 	 3314.59 	 9557 	 0.856976 	 479.73 	 326.399 	 368.675 	 258.724 	 0.374384 	 373.921 	 367.126 	 81.9572 	 0.222302 	 52 	 53 	 293.173 	 95.8531 	 1 	 0 	 0 	 NaN 	 NaN 	 NaN 	 NaN 	 52 	 52 	 52 	 0 	 63.2064 	 -10.0868 	 18.5744 	 0.171431 	 108.349 	 144 	 458 	 89.8056 	 20.8368 	 3 	 1102.36 	 0.183025 	 23.6363 	 14.4614 	 20.0412 	 4.3817 	 53 	 45 	 48 	 4.3589 	  DCIS 
185 	 2693.42 	 1573.64 	 2947.16 	 955.806 	 2224 	 62.8427 	 45.9631 	 0.68195 	 0.955737 	 185.823 	 2383.34 	 473.988 	 0.198876 	 1680.18 	 2023.92 	 3034 	 0.967783 	 208.995 	 169.008 	 166.028 	 56.077 	 0 	 0 	 0 	 32.9951 	 0.198732 	 0 	 0 	 NaN 	 NaN 	 0 	 0 	 0 	 NaN 	 NaN 	 NaN 	 NaN 	 0 	 0 	 NaN 	 NaN 	 4.96319 	 0.0330325 	 4.65007 	 0.0928052 	 50.1057 	 0 	 0 	 NaN 	 NaN 	 0 	 0 	 0 	 NaN 	 NaN 	 NaN 	 NaN 	 0 	 0 	 NaN 	 NaN 	  DCIS 
186 	 2713.25 	 225.442 	 2651.08 	 238 	 6196 	 115.97 	 71.3638 	 0.788243 	 0.968428 	 324.836 	 3236.2 	 860.003 	 0.265745 	 2223.89 	 2876.78 	 7554 	 0.948637 	 362.392 	 350.028 	 338.826 	 228.875 	 0 	 0 	 0 	 70.7919 	 0.208933 	 80 	 237 	 253.525 	 56.205 	 2 	 2540.12 	 0.409961 	 27.1526 	 27.1526 	 27.1526 	 0 	 45 	 35 	 40 	 7.07107 	 15.9936 	 0.866176 	 7.17504 	 0.117362 	 61.1361 	 113 	 224 	 95.3363 	 26.3675 	 2 	 691.633 	 0.111626 	 18.7726 	 18.7726 	 18.7726 	 0 	 60 	 53 	 56.5 	 4.94975 	  DCIS 
187 	 2714.45 	 899.188 	 2731.21 	 489.474 	 842 	 46.618 	 24.3522 	 0.852714 	 0.888186 	 127.296 	 2193.08 	 586.724 	 0.267535 	 1288.11 	 1833.66 	 1419 	 0.946 	 149.054 	 297.645 	 267.323 	 157.372 	 0 	 0 	 0 	 38.9681 	 0.145772 	 0 	 0 	 0 	 -197.32 	 0 	 0 	 0 	 NaN 	 NaN 	 NaN 	 NaN 	 0 	 0 	 NaN 	 NaN 	 13.0226 	 3.69684 	 7.3373 	 0.126146 	 58.1651 	 0 	 0 	 0 	 -68.9688 	 0 	 0 	 0 	 NaN 	 NaN 	 NaN 	 NaN 	 0 	 0 	 NaN 	 NaN 	  Other 
188 	 2749.32 	 619.404 	 2712.77 	 374.219 	 1560 	 55.9971 	 37.1734 	 0.74787 	 0.952381 	 162.853 	 2596.68 	 903.348 	 0.347886 	 1446.79 	 2237.26 	 2895 	 0.94269 	 224.652 	 455.019 	 473.66 	 363.709 	 0 	 0 	 0 	 153.41 	 0.323882 	 0 	 0 	 0 	 -197.32 	 0 	 0 	 0 	 NaN 	 NaN 	 NaN 	 NaN 	 0 	 0 	 NaN 	 NaN 	 14.153 	 -2.90092 	 4.80143 	 0.0809746 	 59.2955 	 0 	 0 	 0 	 -68.9688 	 0 	 0 	 0 	 NaN 	 NaN 	 NaN 	 NaN 	 0 	 0 	 NaN 	 NaN 	  Other 
