rownames 	XLoc 	YLoc 	NNDistSame 	NNDistOpp 	dapi_Area 	dapi_MajorAxisLength 	dapi_MinorAxisLength 	dapi_Eccentricity 	dapi_Solidity 	dapi_Perimeter 	dapi_MeanIntensity 	dapi_PixelSD 	dapi_PixelCV 	dapi_NucAdjustedInt 	dapi_BackAdjustedInt 	memb_Area 	memb_Solidity 	memb_Perimeter 	memb_MeanIntensity 	memb_MembraneIntensity 	memb_temp 	memb_pcTouch 	memb_OverLapIntensity 	memb_nonLapIntensity 	memb_PixelSD 	memb_PixelCV 	cent_Area 	cent_ConvexArea 	cent_MeanIntensity 	cent_BackAdjustedInt 	cent_CN 	cent_AreaSD 	cent_CoeffVar 	cent_MaxSpotDist 	cent_MinSpotDist 	cent_MeanSpotDist 	cent_SDSpotDist 	cent_SpotAreaMax 	cent_SpotAreaMin 	cent_SpotAreaMean 	cent_SpotAreaSD 	nucl_BackgroundAdjust 	nucl_NuclearAdjustedInt 	nucl_PixelSD 	nucl_PixelCV 	nucl_MeanIntensity 	Her2_Area 	Her2_ConvexArea 	Her2_MeanIntensity 	Her2_BackAdjustedInt 	Her2_CN 	Her2_AreaSD 	Her2_CoeffVar 	Her2_MaxSpotDist 	Her2_MinSpotDist 	Her2_MeanSpotDist 	Her2_SDSpotDist 	Her2_SpotAreaMax 	Her2_SpotAreaMin 	Her2_SpotAreaMean 	Her2_SpotAreaSD 	CellLabels 	
1 	 41.8991 	 533.302 	 290.291 	 635.028 	 4558 	 86.2906 	 67.7624 	 0.619139 	 0.969994 	 263.078 	 1436.51 	 481.134 	 0.334932 	 485.347 	 1285.99 	 5913 	 0.917598 	 333.362 	 389.687 	 409.635 	 228.697 	 0 	 0 	 0 	 85.9277 	 0.209767 	 104 	 833 	 494.577 	 119.936 	 3 	 604.905 	 0.132713 	 58.8451 	 19.4467 	 41.1712 	 17.8967 	 45 	 14 	 34.6667 	 17.8979 	 26.3537 	 -16.8713 	 5.90712 	 0.0832269 	 70.9761 	 108 	 153 	 121.917 	 32.7301 	 2 	 158.975 	 0.0348783 	 10.4967 	 10.4967 	 10.4967 	 0 	 58 	 50 	 54 	 5.65685 	  DCIS 
2 	 54.7366 	 823.116 	 272.415 	 683.769 	 4868 	 87.3153 	 71.4863 	 0.574202 	 0.971269 	 274.836 	 1409.4 	 529.83 	 0.375926 	 523.222 	 1258.88 	 11026 	 0.857721 	 516.475 	 1505.78 	 1319.99 	 1139.05 	 0 	 0 	 0 	 648.388 	 0.491208 	 0 	 0 	 NaN 	 NaN 	 0 	 0 	 0 	 NaN 	 NaN 	 NaN 	 NaN 	 0 	 0 	 NaN 	 NaN 	 85.1738 	 18.2624 	 37.5635 	 0.289403 	 129.796 	 114 	 511 	 288.132 	 198.945 	 3 	 1434.52 	 0.294684 	 48.4617 	 20.1794 	 32.6164 	 12.9208 	 44 	 29 	 38 	 7.93725 	  DCIS 
3 	 328.704 	 347.897 	 341.459 	 396.97 	 5609 	 96.0083 	 77.2893 	 0.593239 	 0.940634 	 333.848 	 983.455 	 261.993 	 0.2664 	 185.34 	 832.933 	 8258 	 0.774817 	 490.558 	 352.329 	 409.394 	 228.457 	 0 	 0 	 0 	 201.306 	 0.491718 	 0 	 0 	 NaN 	 NaN 	 0 	 0 	 0 	 NaN 	 NaN 	 NaN 	 NaN 	 0 	 0 	 NaN 	 NaN 	 25.6029 	 -25.5915 	 15.7306 	 0.224002 	 70.2254 	 84 	 127 	 97.5595 	 8.37296 	 2 	 2521.67 	 0.449575 	 10.2269 	 10.2269 	 10.2269 	 0 	 43 	 41 	 42 	 1.41421 	  DCIS 
4 	 307.636 	 924.27 	 472.903 	 533.279 	 1482 	 61.6017 	 31.2361 	 0.861908 	 0.957364 	 164.267 	 824.118 	 184.684 	 0.224099 	 -42.5642 	 673.596 	 2133 	 0.97264 	 183.397 	 231.199 	 222.747 	 41.8096 	 0 	 0 	 0 	 38.1299 	 0.17118 	 0 	 0 	 NaN 	 NaN 	 0 	 0 	 0 	 NaN 	 NaN 	 NaN 	 NaN 	 0 	 0 	 NaN 	 NaN 	 11.6407 	 -35.1163 	 4.32643 	 0.0768963 	 56.2632 	 0 	 0 	 NaN 	 NaN 	 0 	 0 	 0 	 NaN 	 NaN 	 NaN 	 NaN 	 0 	 0 	 NaN 	 NaN 	  Other 
5 	 346.776 	 682.229 	 339.45 	 359.651 	 4219 	 134.03 	 41.533 	 0.950776 	 0.904007 	 341.262 	 1107.02 	 362.238 	 0.327219 	 417.614 	 956.497 	 5596 	 0.922519 	 350.534 	 310.078 	 302.36 	 121.423 	 0.05 	 354.133 	 301.812 	 28.4918 	 0.0942314 	 0 	 0 	 NaN 	 NaN 	 0 	 0 	 0 	 NaN 	 NaN 	 NaN 	 NaN 	 0 	 0 	 NaN 	 NaN 	 15.3937 	 -22.4252 	 5.9761 	 0.099575 	 60.0161 	 58 	 60 	 111.207 	 22.0203 	 1 	 0 	 0 	 NaN 	 NaN 	 NaN 	 NaN 	 58 	 58 	 58 	 0 	  Fib 
6 	 416.687 	 724.609 	 421.294 	 319.681 	 6096 	 110.429 	 78.7111 	 0.701393 	 0.815082 	 371.404 	 1325.51 	 455.965 	 0.343993 	 569.384 	 1174.98 	 7360 	 0.829202 	 393.647 	 603.987 	 740.889 	 559.952 	 0.317365 	 661.387 	 746.504 	 498.093 	 0.672291 	 243 	 505 	 683.095 	 308.453 	 3 	 3354.6 	 0.550296 	 21.4009 	 16.4447 	 18.3671 	 2.3778 	 153 	 45 	 81 	 62.3538 	 62.8179 	 9.19443 	 26.896 	 0.250335 	 107.44 	 42 	 44 	 127.619 	 38.4325 	 1 	 0 	 0 	 NaN 	 NaN 	 NaN 	 NaN 	 42 	 42 	 42 	 0 	  DCIS 
7 	 452.881 	 808.084 	 494.516 	 350.053 	 9141 	 131.271 	 93.4482 	 0.702307 	 0.915015 	 412.718 	 1350.59 	 341.895 	 0.253145 	 879.654 	 1200.07 	 11082 	 0.914809 	 444.617 	 548.074 	 662.829 	 481.892 	 0.542105 	 655.869 	 666.056 	 499.817 	 0.754066 	 0 	 0 	 NaN 	 NaN 	 0 	 0 	 0 	 NaN 	 NaN 	 NaN 	 NaN 	 0 	 0 	 NaN 	 NaN 	 51.0353 	 -0.878636 	 19.6207 	 0.205113 	 95.6577 	 168 	 504 	 134.411 	 45.2241 	 3 	 5906.67 	 0.646173 	 34.0684 	 11.0138 	 23.4283 	 10.4015 	 82 	 36 	 56 	 23.5797 	  DCIS 
8 	 461.605 	 308.914 	 476 	 314.841 	 3453 	 91.7834 	 48.3246 	 0.850171 	 0.956245 	 250.451 	 1025.35 	 343.868 	 0.335367 	 707.356 	 874.826 	 4468 	 0.975972 	 264.167 	 310.601 	 298.373 	 117.435 	 0 	 0 	 0 	 25.6488 	 0.0859622 	 0 	 0 	 NaN 	 NaN 	 0 	 0 	 0 	 NaN 	 NaN 	 NaN 	 NaN 	 0 	 0 	 NaN 	 NaN 	 16.0193 	 5.23759 	 5.51522 	 0.0909476 	 60.6418 	 0 	 0 	 NaN 	 NaN 	 0 	 0 	 0 	 NaN 	 NaN 	 NaN 	 NaN 	 0 	 0 	 NaN 	 NaN 	  DCIS 
9 	 487.206 	 958.738 	 616.037 	 460.977 	 3492 	 85.4897 	 53.203 	 0.782753 	 0.953838 	 248.149 	 1046.9 	 258.28 	 0.246711 	 666.759 	 896.375 	 4382 	 0.93234 	 272.392 	 431.002 	 496.712 	 315.775 	 0.323009 	 477 	 502.607 	 199.343 	 0.401324 	 0 	 0 	 NaN 	 NaN 	 0 	 0 	 0 	 NaN 	 NaN 	 NaN 	 NaN 	 0 	 0 	 NaN 	 NaN 	 56.5211 	 -8.53075 	 17.7181 	 0.175178 	 101.143 	 0 	 0 	 NaN 	 NaN 	 0 	 0 	 0 	 NaN 	 NaN 	 NaN 	 NaN 	 0 	 0 	 NaN 	 NaN 	  DCIS 
10 	 476.949 	 621.533 	 444.011 	 216.539 	 2182 	 74.8589 	 38.3452 	 0.858846 	 0.969778 	 195.782 	 1444.66 	 469.092 	 0.324707 	 882.443 	 1294.14 	 2997 	 0.980694 	 218.024 	 333.511 	 342.119 	 161.181 	 0 	 0 	 0 	 125.588 	 0.36709 	 0 	 0 	 NaN 	 NaN 	 0 	 0 	 0 	 NaN 	 NaN 	 NaN 	 NaN 	 0 	 0 	 NaN 	 NaN 	 29.4005 	 3.06038 	 9.25077 	 0.124972 	 74.0229 	 39 	 40 	 111.744 	 22.557 	 1 	 0 	 0 	 NaN 	 NaN 	 NaN 	 NaN 	 39 	 39 	 39 	 0 	  DCIS 
11 	 514.411 	 869.209 	 579.379 	 368.061 	 5819 	 90.5354 	 83.6752 	 0.381846 	 0.956915 	 309.848 	 1101.2 	 244.78 	 0.222285 	 668.92 	 950.677 	 5548 	 0.914305 	 313.061 	 415.834 	 472.063 	 291.126 	 0.826087 	 483.301 	 465.828 	 47.0519 	 0.0996728 	 135 	 218 	 466.119 	 91.4772 	 2 	 3985.77 	 0.684958 	 19.5576 	 19.5576 	 19.5576 	 0 	 90 	 45 	 67.5 	 31.8198 	 56.324 	 4.006 	 12.1563 	 0.120423 	 100.946 	 144 	 758 	 110.66 	 21.4732 	 3 	 815.584 	 0.140159 	 52.9427 	 25.2993 	 36.5331 	 12.9963 	 56 	 42 	 48 	 7.2111 	  DCIS 
12 	 520.92 	 1005.09 	 672.477 	 491.418 	 4329 	 80.891 	 69.205 	 0.517747 	 0.958592 	 262.492 	 1183.83 	 340.38 	 0.287525 	 770.124 	 1033.3 	 5059 	 0.940509 	 293.078 	 408.706 	 467.448 	 286.511 	 0.296 	 466.284 	 460.174 	 100.422 	 0.214831 	 270 	 2666 	 521.752 	 147.111 	 6 	 541.514 	 0.12509 	 61.7171 	 12.7279 	 40.8102 	 13.7238 	 45 	 45 	 45 	 0 	 46.7446 	 0.699338 	 11.682 	 0.127858 	 91.3671 	 196 	 884 	 120.418 	 31.2318 	 4 	 937.91 	 0.216657 	 57.2547 	 8.32051 	 33.3051 	 18.2566 	 67 	 29 	 49 	 15.5778 	  DCIS 
13 	 517.12 	 533.54 	 475.001 	 160.078 	 4223 	 112.618 	 48.6028 	 0.902079 	 0.938653 	 299.22 	 1306.33 	 530.709 	 0.40626 	 852.34 	 1155.81 	 7492 	 0.923001 	 385.002 	 547.175 	 649.248 	 468.31 	 0.107937 	 1215.97 	 610.867 	 434.451 	 0.669161 	 90 	 217 	 462.433 	 87.792 	 2 	 1080.19 	 0.255788 	 21.5407 	 21.5407 	 21.5407 	 0 	 45 	 45 	 45 	 0 	 40.3603 	 3.1325 	 11.6948 	 0.137613 	 84.9827 	 37 	 38 	 80.8649 	 -8.3217 	 1 	 0 	 0 	 NaN 	 NaN 	 NaN 	 NaN 	 37 	 37 	 37 	 0 	  DCIS 
14 	 548.958 	 799.237 	 572.543 	 289.8 	 3462 	 92.117 	 53.8441 	 0.811381 	 0.794766 	 302.108 	 695.91 	 97.8935 	 0.14067 	 331.72 	 545.388 	 4475 	 0.737962 	 340.333 	 721.951 	 633.972 	 453.034 	 0.830986 	 591.25 	 675.502 	 261.851 	 0.413033 	 0 	 0 	 NaN 	 NaN 	 0 	 0 	 0 	 NaN 	 NaN 	 NaN 	 NaN 	 0 	 0 	 NaN 	 NaN 	 82.5856 	 2.01274 	 23.8354 	 0.187374 	 127.208 	 57 	 58 	 126.351 	 37.1643 	 1 	 0 	 0 	 NaN 	 NaN 	 NaN 	 NaN 	 57 	 57 	 57 	 0 	  DCIS 
15 	 556.308 	 42.3073 	 710.828 	 511.517 	 3553 	 69.3201 	 65.8548 	 0.312218 	 0.976904 	 226.551 	 1555.07 	 594.792 	 0.382486 	 1183.6 	 1404.55 	 6237 	 0.954838 	 322.551 	 464.858 	 526.986 	 346.049 	 0 	 0 	 0 	 185.192 	 0.351418 	 0 	 0 	 NaN 	 NaN 	 0 	 0 	 0 	 NaN 	 NaN 	 NaN 	 NaN 	 0 	 0 	 NaN 	 NaN 	 20.032 	 2.7179 	 6.13616 	 0.0949071 	 64.6544 	 60 	 62 	 114.05 	 24.8634 	 1 	 0 	 0 	 NaN 	 NaN 	 NaN 	 NaN 	 60 	 60 	 60 	 0 	  DCIS 
16 	 581.598 	 896.326 	 650.668 	 369.424 	 5857 	 118.324 	 66.3649 	 0.8279 	 0.89584 	 332.735 	 1114.36 	 261.285 	 0.234472 	 718.882 	 963.833 	 7447 	 0.848854 	 390.233 	 352.139 	 408.505 	 227.567 	 0.700906 	 419.832 	 404.349 	 66.3884 	 0.162516 	 0 	 0 	 NaN 	 NaN 	 0 	 0 	 0 	 NaN 	 NaN 	 NaN 	 NaN 	 0 	 0 	 NaN 	 NaN 	 42.221 	 -7.49976 	 12.5548 	 0.144568 	 86.8434 	 53 	 55 	 116.528 	 27.3417 	 1 	 0 	 0 	 NaN 	 NaN 	 NaN 	 NaN 	 53 	 53 	 53 	 0 	  DCIS 
17 	 571.934 	 666.351 	 546.433 	 164.785 	 6693 	 160.553 	 56.5721 	 0.935865 	 0.910365 	 397.948 	 600.606 	 175.793 	 0.292693 	 235.475 	 450.084 	 14665 	 0.945763 	 511.127 	 766.829 	 830.324 	 649.386 	 0.411905 	 1030.49 	 781.361 	 432.026 	 0.52031 	 0 	 0 	 NaN 	 NaN 	 0 	 0 	 0 	 NaN 	 NaN 	 NaN 	 NaN 	 0 	 0 	 NaN 	 NaN 	 86.8748 	 1.60819 	 31.6722 	 0.240858 	 131.497 	 0 	 0 	 NaN 	 NaN 	 0 	 0 	 0 	 NaN 	 NaN 	 NaN 	 NaN 	 0 	 0 	 NaN 	 NaN 	  DCIS 
18 	 588.368 	 483.284 	 548.285 	 105.152 	 4753 	 95.4662 	 63.6959 	 0.744871 	 0.973178 	 273.664 	 1535.92 	 625.875 	 0.407492 	 1163.51 	 1385.4 	 6563 	 0.927895 	 357.889 	 663.05 	 859.549 	 678.611 	 0.37037 	 862.9 	 845.687 	 350.885 	 0.40822 	 45 	 45 	 539.044 	 164.403 	 1 	 0 	 0 	 NaN 	 NaN 	 NaN 	 NaN 	 45 	 45 	 45 	 0 	 69.2619 	 5.63104 	 21.1244 	 0.18549 	 113.884 	 88 	 114 	 127.307 	 38.1203 	 2 	 177.727 	 0.0373926 	 8.82853 	 8.82853 	 8.82853 	 0 	 46 	 42 	 44 	 2.82843 	  DCIS 
19 	 604.424 	 817.292 	 629.682 	 287.425 	 4105 	 96.2508 	 65.7454 	 0.730359 	 0.724241 	 328.191 	 1271.44 	 260.264 	 0.2047 	 823.052 	 1120.92 	 4673 	 0.741746 	 338.919 	 444.604 	 500.728 	 319.79 	 0.939929 	 512.808 	 491.446 	 107.487 	 0.214662 	 0 	 0 	 NaN 	 NaN 	 0 	 0 	 0 	 NaN 	 NaN 	 NaN 	 NaN 	 0 	 0 	 NaN 	 NaN 	 66.0538 	 -26.0028 	 19.5162 	 0.176336 	 110.676 	 107 	 187 	 122.645 	 33.4583 	 2 	 831.855 	 0.202644 	 14.7509 	 14.7509 	 14.7509 	 0 	 56 	 51 	 53.5 	 3.53553 	  DCIS 
20 	 623.081 	 938.656 	 708.8 	 403.629 	 3890 	 96.4315 	 55.4081 	 0.818445 	 0.916588 	 271.421 	 1195.25 	 328.304 	 0.274674 	 661.757 	 1044.73 	 4579 	 0.898548 	 291.806 	 362.967 	 377.249 	 196.312 	 0.685714 	 385.393 	 373.381 	 60.1088 	 0.159335 	 45 	 45 	 361.6 	 -13.0413 	 1 	 0 	 0 	 NaN 	 NaN 	 NaN 	 NaN 	 45 	 45 	 45 	 0 	 45.7442 	 5.42402 	 11.8522 	 0.131157 	 90.3666 	 0 	 0 	 NaN 	 NaN 	 0 	 0 	 0 	 NaN 	 NaN 	 NaN 	 NaN 	 0 	 0 	 NaN 	 NaN 	  DCIS 
21 	 676.776 	 539.45 	 NaN 	 105.152 	 19249 	 169.127 	 145.866 	 0.506121 	 0.968844 	 544.056 	 962.444 	 226.984 	 0.235841 	 620.373 	 811.922 	 39433 	 0.897837 	 955.786 	 655.79 	 1047.73 	 866.791 	 0.528373 	 1090.32 	 1035.32 	 426.693 	 0.407255 	 0 	 0 	 NaN 	 NaN 	 0 	 0 	 0 	 NaN 	 NaN 	 NaN 	 NaN 	 0 	 0 	 NaN 	 NaN 	 54.6864 	 -33.101 	 19.4907 	 0.196263 	 99.3088 	 757 	 3066 	 148.225 	 59.038 	 10 	 7345.21 	 0.381589 	 92.0066 	 10.3973 	 36.9286 	 18.2972 	 172 	 32 	 75.7 	 41.0989 	  Tumour 
22 	 642.552 	 760.477 	 642.441 	 223.6 	 5434 	 105.328 	 66.8836 	 0.772511 	 0.96058 	 299.806 	 1384.78 	 338.526 	 0.244462 	 985.128 	 1234.26 	 7229 	 0.901259 	 371.688 	 662.211 	 702.443 	 521.505 	 0.75082 	 655.048 	 722.016 	 379.364 	 0.540064 	 0 	 0 	 NaN 	 NaN 	 0 	 0 	 0 	 NaN 	 NaN 	 NaN 	 NaN 	 0 	 0 	 NaN 	 NaN 	 76.1525 	 -16.5483 	 24.7185 	 0.204665 	 120.775 	 105 	 139 	 128.438 	 39.2515 	 2 	 769.679 	 0.141641 	 10.5961 	 10.5961 	 10.5961 	 0 	 53 	 52 	 52.5 	 0.707107 	  DCIS 
23 	 672.484 	 862.715 	 711.196 	 324.039 	 4741 	 78.8078 	 77.6978 	 0.167241 	 0.929426 	 285.421 	 739.364 	 154.661 	 0.209181 	 367.705 	 588.842 	 5668 	 0.920728 	 303.078 	 393.018 	 414.4 	 233.463 	 0.523077 	 426.199 	 407.31 	 56.9878 	 0.137519 	 0 	 0 	 NaN 	 NaN 	 0 	 0 	 0 	 NaN 	 NaN 	 NaN 	 NaN 	 0 	 0 	 NaN 	 NaN 	 50.3915 	 -2.31245 	 15.8691 	 0.167019 	 95.0139 	 0 	 0 	 NaN 	 NaN 	 0 	 0 	 0 	 NaN 	 NaN 	 NaN 	 NaN 	 0 	 0 	 NaN 	 NaN 	  DCIS 
24 	 679.197 	 946.297 	 759.169 	 407.005 	 4891 	 99.882 	 63.1726 	 0.774583 	 0.962795 	 283.765 	 1428.6 	 465.615 	 0.325924 	 1050.51 	 1278.08 	 5897 	 0.975356 	 299.137 	 401.279 	 414.756 	 233.818 	 0.447368 	 395.513 	 419.884 	 40.6462 	 0.0980002 	 90 	 528 	 566.511 	 191.87 	 2 	 675.475 	 0.138106 	 62.5859 	 62.5859 	 62.5859 	 0 	 45 	 45 	 45 	 0 	 51.6681 	 5.78147 	 14.8633 	 0.154359 	 96.2905 	 108 	 687 	 122.352 	 33.1653 	 2 	 738.586 	 0.151009 	 69.4455 	 69.4455 	 69.4455 	 0 	 59 	 49 	 54 	 7.07107 	  DCIS 
25 	 676.809 	 369.412 	 655.836 	 170 	 3875 	 104.54 	 50.4465 	 0.875865 	 0.936669 	 280.492 	 1704.19 	 718.729 	 0.421742 	 1282.42 	 1553.67 	 6117 	 0.856963 	 395.161 	 718.893 	 799.243 	 618.305 	 0.304734 	 631.243 	 829.256 	 376.467 	 0.471029 	 45 	 45 	 656 	 281.359 	 1 	 0 	 0 	 NaN 	 NaN 	 NaN 	 NaN 	 45 	 45 	 45 	 0 	 59.5742 	 -11.6962 	 16.8108 	 0.161337 	 104.197 	 81 	 317 	 127.741 	 38.5542 	 2 	 862.101 	 0.222478 	 38.7982 	 38.7982 	 38.7982 	 0 	 47 	 34 	 40.5 	 9.19239 	  DCIS 
26 	 719.356 	 703.578 	 698.262 	 170.262 	 6196 	 104.943 	 76.327 	 0.686301 	 0.953084 	 326.25 	 1139.66 	 271.589 	 0.238307 	 749.556 	 989.141 	 7703 	 0.930314 	 379.304 	 592.008 	 731.572 	 550.635 	 0.811321 	 682.837 	 751.083 	 369.723 	 0.505382 	 0 	 0 	 NaN 	 NaN 	 0 	 0 	 0 	 NaN 	 NaN 	 NaN 	 NaN 	 0 	 0 	 NaN 	 NaN 	 52.6689 	 -26.3878 	 14.7062 	 0.151157 	 97.2913 	 48 	 48 	 121.771 	 32.5843 	 1 	 0 	 0 	 NaN 	 NaN 	 NaN 	 NaN 	 48 	 48 	 48 	 0 	  DCIS 
27 	 705.382 	 316.132 	 697.609 	 224.751 	 4335 	 123.01 	 47.0459 	 0.923974 	 0.903878 	 316.936 	 1950.34 	 630.03 	 0.323036 	 1423.51 	 1799.82 	 5261 	 0.867007 	 358.777 	 520.442 	 658.414 	 477.476 	 0.726384 	 642.381 	 656.959 	 320.44 	 0.486684 	 0 	 0 	 NaN 	 NaN 	 0 	 0 	 0 	 NaN 	 NaN 	 NaN 	 NaN 	 0 	 0 	 NaN 	 NaN 	 56.7151 	 -10.4163 	 12.7137 	 0.125459 	 101.337 	 107 	 768 	 127.047 	 37.8602 	 3 	 1012.28 	 0.233513 	 75.4642 	 28.3675 	 50.4083 	 21.1914 	 43 	 30 	 35.6667 	 6.65833 	  DCIS 
28 	 750.339 	 778.407 	 749.192 	 249.9 	 5440 	 99.4214 	 70.2938 	 0.707184 	 0.963514 	 293.865 	 1229.31 	 315.19 	 0.256397 	 707.562 	 1078.78 	 6727 	 0.965968 	 318.735 	 311.162 	 394.445 	 213.508 	 0.20438 	 431.554 	 388.496 	 91.5993 	 0.232223 	 0 	 0 	 NaN 	 NaN 	 0 	 0 	 0 	 NaN 	 NaN 	 NaN 	 NaN 	 0 	 0 	 NaN 	 NaN 	 26.0507 	 -14.5011 	 12.397 	 0.175413 	 70.6732 	 113 	 1110 	 105.15 	 15.9639 	 3 	 954.748 	 0.175505 	 45.4569 	 30.4654 	 39.8825 	 7.3355 	 47 	 20 	 37.6667 	 15.308 	  DCIS 
29 	 753.257 	 277.352 	 755.683 	 272.8 	 2120 	 67.0019 	 42.8028 	 0.769348 	 0.910262 	 203.681 	 1435.21 	 439.532 	 0.30625 	 1068.41 	 1284.69 	 3208 	 0.773385 	 291.664 	 454.116 	 471.96 	 291.022 	 0.526104 	 479.718 	 468.48 	 77.1238 	 0.163412 	 90 	 106 	 669.189 	 294.548 	 1 	 0 	 0 	 NaN 	 NaN 	 NaN 	 NaN 	 90 	 90 	 90 	 0 	 45.2097 	 -1.96074 	 8.46279 	 0.0942068 	 89.8321 	 75 	 215 	 124.12 	 34.9334 	 2 	 278.67 	 0.131448 	 24.9342 	 24.9342 	 24.9342 	 0 	 46 	 29 	 37.5 	 12.0208 	  DCIS 
30 	 764.387 	 324.677 	 751.364 	 231.009 	 4021 	 92.9321 	 57.6322 	 0.78448 	 0.888619 	 277.723 	 2315.39 	 696.145 	 0.300659 	 1439.2 	 2164.87 	 4737 	 0.8619 	 314.978 	 520.438 	 660.364 	 479.427 	 0.903346 	 649.617 	 668.802 	 288.689 	 0.437166 	 0 	 0 	 NaN 	 NaN 	 0 	 0 	 0 	 NaN 	 NaN 	 NaN 	 NaN 	 0 	 0 	 NaN 	 NaN 	 44.5686 	 -25.1018 	 12.4438 	 0.139519 	 89.191 	 85 	 215 	 123.435 	 34.2487 	 2 	 853.917 	 0.212364 	 23.4109 	 23.4109 	 23.4109 	 0 	 47 	 38 	 42.5 	 6.36396 	  DCIS 
31 	 780.267 	 387.49 	 752.303 	 183.611 	 3858 	 94.7469 	 54.2665 	 0.819729 	 0.951887 	 268.108 	 1679.94 	 576.591 	 0.343221 	 1042.8 	 1529.42 	 4649 	 0.88603 	 319.037 	 684.296 	 793.375 	 612.437 	 0.791519 	 736.429 	 836.602 	 360.828 	 0.454801 	 45 	 45 	 600.422 	 225.781 	 1 	 0 	 0 	 NaN 	 NaN 	 NaN 	 NaN 	 45 	 45 	 45 	 0 	 70.3911 	 -41.1421 	 34.2545 	 0.29783 	 115.013 	 52 	 54 	 124.058 	 34.8711 	 1 	 0 	 0 	 NaN 	 NaN 	 NaN 	 NaN 	 52 	 52 	 52 	 0 	  DCIS 
32 	 796.026 	 607.803 	 757.721 	 137.557 	 4266 	 101.463 	 57.3928 	 0.824645 	 0.833855 	 297.078 	 1045.27 	 204.141 	 0.195299 	 700.862 	 894.748 	 5115 	 0.798969 	 354.191 	 752.043 	 844.407 	 663.47 	 0.81457 	 859.817 	 831.52 	 541.733 	 0.641554 	 0 	 0 	 NaN 	 NaN 	 0 	 0 	 0 	 NaN 	 NaN 	 NaN 	 NaN 	 0 	 0 	 NaN 	 NaN 	 53.8668 	 -22.2943 	 28.7825 	 0.29224 	 98.4892 	 54 	 55 	 111.426 	 22.2394 	 1 	 0 	 0 	 NaN 	 NaN 	 NaN 	 NaN 	 54 	 54 	 54 	 0 	  DCIS 
33 	 797.442 	 681.245 	 769.369 	 185.914 	 5634 	 101.281 	 71.3481 	 0.709747 	 0.970877 	 296.936 	 1430.91 	 370.006 	 0.25858 	 1055.04 	 1280.39 	 6908 	 0.966559 	 327.38 	 389.206 	 451.556 	 270.619 	 0.324232 	 604.284 	 427.42 	 245.199 	 0.543009 	 73 	 218 	 506.452 	 131.811 	 2 	 4066.15 	 0.721717 	 24.8781 	 24.8781 	 24.8781 	 0 	 45 	 28 	 36.5 	 12.0208 	 51.8449 	 8.73173 	 15.0791 	 0.156313 	 96.4673 	 144 	 706 	 118.681 	 29.494 	 3 	 1265.78 	 0.224667 	 56.8478 	 16.8955 	 38.5182 	 18.0484 	 54 	 42 	 48 	 6 	  DCIS 
34 	 807.886 	 39.9812 	 910.936 	 515.909 	 1381 	 65.7815 	 28.7513 	 0.899426 	 0.904388 	 185.723 	 922.548 	 249.847 	 0.270822 	 467.033 	 772.026 	 1895 	 0.92665 	 190.125 	 340.849 	 344.799 	 163.861 	 0.260355 	 319 	 348.488 	 34.1965 	 0.0991781 	 0 	 0 	 NaN 	 NaN 	 0 	 0 	 0 	 NaN 	 NaN 	 NaN 	 NaN 	 0 	 0 	 NaN 	 NaN 	 9.7925 	 -0.200015 	 3.36513 	 0.061842 	 54.4149 	 0 	 0 	 NaN 	 NaN 	 0 	 0 	 0 	 NaN 	 NaN 	 NaN 	 NaN 	 0 	 0 	 NaN 	 NaN 	  DCIS 
35 	 818.032 	 251.56 	 825.31 	 319.766 	 1825 	 72.0676 	 32.7757 	 0.890598 	 0.937339 	 194.066 	 934.861 	 200.94 	 0.214941 	 544.996 	 784.339 	 2610 	 0.897216 	 233.865 	 503.356 	 515.736 	 334.799 	 0.48731 	 500.594 	 519.101 	 46.1551 	 0.0894937 	 0 	 0 	 NaN 	 NaN 	 0 	 0 	 0 	 NaN 	 NaN 	 NaN 	 NaN 	 0 	 0 	 NaN 	 NaN 	 65.0768 	 -4.04368 	 16.5006 	 0.150417 	 109.699 	 45 	 45 	 99.8889 	 10.7023 	 1 	 0 	 0 	 NaN 	 NaN 	 NaN 	 NaN 	 45 	 45 	 45 	 0 	  DCIS 
36 	 828.287 	 75.8522 	 909.2 	 487.001 	 1982 	 64.6933 	 41.0501 	 0.772894 	 0.932267 	 190.208 	 1139.04 	 355.425 	 0.312038 	 629.944 	 988.523 	 2763 	 0.966084 	 205.622 	 341.312 	 351.271 	 170.333 	 0.264706 	 319.067 	 356.149 	 40.0789 	 0.114097 	 0 	 0 	 NaN 	 NaN 	 0 	 0 	 0 	 NaN 	 NaN 	 NaN 	 NaN 	 0 	 0 	 NaN 	 NaN 	 17.9982 	 -6.38752 	 9.0486 	 0.144499 	 62.6206 	 48 	 50 	 109.708 	 20.5218 	 1 	 0 	 0 	 NaN 	 NaN 	 NaN 	 NaN 	 48 	 48 	 48 	 0 	  DCIS 
37 	 832.275 	 350.028 	 810.919 	 244.43 	 5888 	 123.425 	 63.79 	 0.856086 	 0.921296 	 344.936 	 1250.79 	 399.433 	 0.319346 	 543.834 	 1100.26 	 8744 	 0.872568 	 469.747 	 557.568 	 723.717 	 542.779 	 0.769976 	 776.126 	 688.601 	 412.464 	 0.569925 	 0 	 0 	 NaN 	 NaN 	 0 	 0 	 0 	 NaN 	 NaN 	 NaN 	 NaN 	 0 	 0 	 NaN 	 NaN 	 36.1542 	 -8.53461 	 20.5725 	 0.254683 	 80.7767 	 180 	 1442 	 130.183 	 40.9968 	 4 	 772.447 	 0.13119 	 64.5368 	 19.105 	 38.9523 	 16.8325 	 45 	 45 	 45 	 0 	  DCIS 
38 	 841.651 	 218.676 	 859.416 	 360.035 	 2456 	 88.3617 	 38.8051 	 0.898408 	 0.901615 	 234.995 	 1169.27 	 387.251 	 0.331192 	 756.466 	 1018.74 	 3718 	 0.833632 	 313.421 	 462.222 	 470.846 	 289.908 	 0.316176 	 506.128 	 463.959 	 100.615 	 0.21369 	 0 	 0 	 NaN 	 NaN 	 0 	 0 	 0 	 NaN 	 NaN 	 NaN 	 NaN 	 0 	 0 	 NaN 	 NaN 	 50.0274 	 0.209713 	 18.8313 	 0.198957 	 94.6498 	 0 	 0 	 NaN 	 NaN 	 0 	 0 	 0 	 NaN 	 NaN 	 NaN 	 NaN 	 0 	 0 	 NaN 	 NaN 	  DCIS 
39 	 872.302 	 823.844 	 879.535 	 345.326 	 5112 	 137.958 	 50.7724 	 0.929815 	 0.9303 	 353.262 	 1051.52 	 327.905 	 0.31184 	 736.825 	 900.994 	 6586 	 0.949265 	 364.877 	 300.388 	 308.769 	 127.832 	 0 	 0 	 0 	 76.0729 	 0.246375 	 0 	 0 	 NaN 	 NaN 	 0 	 0 	 0 	 NaN 	 NaN 	 NaN 	 NaN 	 0 	 0 	 NaN 	 NaN 	 17.0857 	 0.926864 	 5.96213 	 0.0966182 	 61.7081 	 105 	 601 	 114.143 	 24.9563 	 2 	 875.454 	 0.171255 	 60.3489 	 60.3489 	 60.3489 	 0 	 54 	 51 	 52.5 	 2.12132 	  DCIS 
40 	 879.13 	 386.687 	 849.638 	 252.8 	 2474 	 85.7609 	 39.6668 	 0.886605 	 0.873588 	 235.539 	 1695.91 	 334.095 	 0.197001 	 746.868 	 1545.39 	 3137 	 0.868975 	 254.167 	 553.618 	 623.752 	 442.815 	 0.862832 	 649.738 	 602.191 	 356.539 	 0.571604 	 0 	 0 	 NaN 	 NaN 	 0 	 0 	 0 	 NaN 	 NaN 	 NaN 	 NaN 	 0 	 0 	 NaN 	 NaN 	 60.0158 	 1.41293 	 30.5322 	 0.291788 	 104.638 	 51 	 51 	 119.627 	 30.4409 	 1 	 0 	 0 	 NaN 	 NaN 	 NaN 	 NaN 	 51 	 51 	 51 	 0 	  DCIS 
41 	 890.384 	 541.075 	 848.038 	 213.009 	 5055 	 93.0446 	 70.3948 	 0.653912 	 0.968205 	 282.593 	 1460.98 	 443.188 	 0.303349 	 1111.34 	 1310.46 	 7697 	 0.822241 	 441.245 	 560.278 	 726.449 	 545.512 	 0.49734 	 772.952 	 721.036 	 423.287 	 0.582679 	 0 	 0 	 NaN 	 NaN 	 0 	 0 	 0 	 NaN 	 NaN 	 NaN 	 NaN 	 0 	 0 	 NaN 	 NaN 	 39.4983 	 -20.1349 	 20.7338 	 0.246477 	 84.1207 	 87 	 142 	 117.425 	 28.2387 	 2 	 175.442 	 0.0347065 	 12.2561 	 12.2561 	 12.2561 	 0 	 50 	 37 	 43.5 	 9.19239 	  DCIS 
42 	 896.697 	 452.442 	 858.828 	 236.578 	 4408 	 81.73 	 70.6771 	 0.502179 	 0.935285 	 269.823 	 1176.97 	 263.12 	 0.223557 	 200.132 	 1026.45 	 8569 	 0.909467 	 429.304 	 761.814 	 1037.61 	 856.677 	 0.899457 	 965.77 	 1096.14 	 375.652 	 0.362034 	 0 	 0 	 NaN 	 NaN 	 0 	 0 	 0 	 NaN 	 NaN 	 NaN 	 NaN 	 0 	 0 	 NaN 	 NaN 	 83.9316 	 -0.483044 	 15.9777 	 0.124288 	 128.554 	 0 	 0 	 NaN 	 NaN 	 0 	 0 	 0 	 NaN 	 NaN 	 NaN 	 NaN 	 0 	 0 	 NaN 	 NaN 	  DCIS 
43 	 897.675 	 196.816 	 919.583 	 407.192 	 4868 	 118.755 	 52.8673 	 0.895442 	 0.943594 	 313.907 	 1621.21 	 577.228 	 0.356048 	 1212.27 	 1470.69 	 5782 	 0.927346 	 336.149 	 475.205 	 477.134 	 296.197 	 0.391753 	 491.939 	 473.545 	 70.1786 	 0.147084 	 45 	 45 	 697.378 	 322.736 	 1 	 0 	 0 	 NaN 	 NaN 	 NaN 	 NaN 	 45 	 45 	 45 	 0 	 53.552 	 5.29636 	 8.78715 	 0.0895056 	 98.1744 	 80 	 167 	 119.787 	 30.6009 	 2 	 453.19 	 0.0930958 	 18.0015 	 18.0015 	 18.0015 	 0 	 45 	 35 	 40 	 7.07107 	  DCIS 
44 	 920.961 	 278.343 	 915.241 	 357.291 	 3892 	 89.5438 	 57.9384 	 0.762456 	 0.880344 	 280.735 	 2026.47 	 448.585 	 0.221363 	 1003.35 	 1875.94 	 4569 	 0.87512 	 298.434 	 422.338 	 457.106 	 276.169 	 0.640816 	 465.516 	 450.754 	 63.8626 	 0.139711 	 0 	 0 	 NaN 	 NaN 	 0 	 0 	 0 	 NaN 	 NaN 	 NaN 	 NaN 	 0 	 0 	 NaN 	 NaN 	 46.171 	 2.88363 	 8.34495 	 0.0919113 	 90.7934 	 91 	 128 	 129.473 	 40.286 	 2 	 733.786 	 0.188537 	 10.4423 	 10.4423 	 10.4423 	 0 	 48 	 43 	 45.5 	 3.53553 	  DCIS 
45 	 911.977 	 383.251 	 882.836 	 282.066 	 1381 	 69.948 	 26.1094 	 0.927723 	 0.929341 	 172.083 	 1232.86 	 293.358 	 0.237949 	 662.6 	 1082.34 	 1915 	 0.870455 	 209.782 	 457.552 	 529.626 	 348.688 	 0.983957 	 544.62 	 514.289 	 182.275 	 0.344158 	 45 	 45 	 448.956 	 74.3143 	 1 	 0 	 0 	 NaN 	 NaN 	 NaN 	 NaN 	 45 	 45 	 45 	 0 	 44.4094 	 -8.42268 	 11.3841 	 0.127865 	 89.0319 	 0 	 0 	 NaN 	 NaN 	 0 	 0 	 0 	 NaN 	 NaN 	 NaN 	 NaN 	 0 	 0 	 NaN 	 NaN 	  DCIS 
46 	 947.553 	 355.812 	 923.128 	 327.002 	 3917 	 90.3223 	 57.1848 	 0.774055 	 0.901911 	 272.35 	 1018.87 	 192.439 	 0.188875 	 582.654 	 868.348 	 5635 	 0.910339 	 328.534 	 504.904 	 588.842 	 407.904 	 0.485612 	 615.852 	 578.273 	 316.375 	 0.537283 	 0 	 0 	 NaN 	 NaN 	 0 	 0 	 0 	 NaN 	 NaN 	 NaN 	 NaN 	 0 	 0 	 NaN 	 NaN 	 44.529 	 -16.3565 	 14.4306 	 0.161867 	 89.1514 	 95 	 101 	 148.811 	 59.624 	 1 	 0 	 0 	 NaN 	 NaN 	 NaN 	 NaN 	 95 	 95 	 95 	 0 	  DCIS 
47 	 941.974 	 499.85 	 900.605 	 267.854 	 3331 	 83.758 	 52.953 	 0.774793 	 0.942291 	 250.593 	 1115.25 	 308.286 	 0.276426 	 687.231 	 964.733 	 4290 	 0.934641 	 275.421 	 953.835 	 861.966 	 681.028 	 0.491453 	 847.565 	 868.037 	 387.044 	 0.449025 	 0 	 0 	 NaN 	 NaN 	 0 	 0 	 0 	 NaN 	 NaN 	 NaN 	 NaN 	 0 	 0 	 NaN 	 NaN 	 87.5166 	 15.8916 	 37.8074 	 0.286119 	 132.139 	 0 	 0 	 NaN 	 NaN 	 0 	 0 	 0 	 NaN 	 NaN 	 NaN 	 NaN 	 0 	 0 	 NaN 	 NaN 	  DCIS 
48 	 952.248 	 217.701 	 962.977 	 422.689 	 4322 	 107.27 	 51.8693 	 0.875322 	 0.964732 	 277.765 	 1636.92 	 514.109 	 0.314072 	 1292.77 	 1486.4 	 5504 	 0.95622 	 314.534 	 487.714 	 512.167 	 331.229 	 0.454545 	 482.817 	 520.922 	 47.7679 	 0.0932664 	 109 	 316 	 675.477 	 300.836 	 3 	 2295.09 	 0.531026 	 24.2239 	 13.592 	 17.6934 	 5.11346 	 45 	 19 	 36.3333 	 15.0111 	 62.3898 	 7.58392 	 11.6272 	 0.108653 	 107.012 	 90 	 110 	 130.256 	 41.069 	 1 	 0 	 0 	 NaN 	 NaN 	 NaN 	 NaN 	 90 	 90 	 90 	 0 	  DCIS 
49 	 1025.81 	 590.013 	 985.65 	 352.707 	 4072 	 104.877 	 50.0857 	 0.878595 	 0.971142 	 271.037 	 1031.59 	 248.457 	 0.240848 	 730.885 	 881.071 	 5234 	 0.965683 	 300.309 	 316.249 	 330.037 	 149.1 	 0 	 0 	 0 	 95.0351 	 0.287953 	 0 	 0 	 NaN 	 NaN 	 0 	 0 	 0 	 NaN 	 NaN 	 NaN 	 NaN 	 0 	 0 	 NaN 	 NaN 	 15.8054 	 3.21998 	 5.34616 	 0.0884718 	 60.4278 	 62 	 63 	 104.935 	 15.7489 	 1 	 0 	 0 	 NaN 	 NaN 	 NaN 	 NaN 	 62 	 62 	 62 	 0 	  DCIS 
50 	 1065.97 	 1009.02 	 1129.23 	 610.099 	 4727 	 89.3791 	 67.9822 	 0.649214 	 0.974438 	 270.451 	 1147.98 	 327.067 	 0.284905 	 839.404 	 997.463 	 5665 	 0.981462 	 287.823 	 309.539 	 322.756 	 141.818 	 0 	 0 	 0 	 61.999 	 0.192093 	 0 	 0 	 NaN 	 NaN 	 0 	 0 	 0 	 NaN 	 NaN 	 NaN 	 NaN 	 0 	 0 	 NaN 	 NaN 	 17.2511 	 2.29285 	 4.69331 	 0.0758533 	 61.8735 	 94 	 351 	 102.787 	 13.6007 	 2 	 141.225 	 0.0298762 	 38.0825 	 38.0825 	 38.0825 	 0 	 53 	 41 	 47 	 8.48528 	  DCIS 
51 	 1087.13 	 806.464 	 1080.07 	 489.274 	 4133 	 93.2975 	 56.6812 	 0.794295 	 0.968596 	 262.007 	 1034.7 	 295.498 	 0.285587 	 717.2 	 884.183 	 5285 	 0.973476 	 284.693 	 331.437 	 358.312 	 177.374 	 0 	 0 	 0 	 79.3983 	 0.22159 	 45 	 45 	 503.867 	 129.225 	 1 	 0 	 0 	 NaN 	 NaN 	 NaN 	 NaN 	 45 	 45 	 45 	 0 	 25.5649 	 -0.600665 	 8.87559 	 0.126456 	 70.1873 	 58 	 59 	 117.983 	 28.7962 	 1 	 0 	 0 	 NaN 	 NaN 	 NaN 	 NaN 	 58 	 58 	 58 	 0 	  DCIS 
52 	 1118.54 	 704.901 	 1090.65 	 472.144 	 1828 	 53.7355 	 43.9163 	 0.576258 	 0.97234 	 165.439 	 928.585 	 215.931 	 0.232538 	 666.75 	 778.063 	 2470 	 0.972441 	 187.196 	 307.069 	 321.72 	 140.782 	 0 	 0 	 0 	 57.0292 	 0.177264 	 0 	 0 	 NaN 	 NaN 	 0 	 0 	 0 	 NaN 	 NaN 	 NaN 	 NaN 	 0 	 0 	 NaN 	 NaN 	 20.3962 	 1.3837 	 12.1167 	 0.186358 	 65.0186 	 0 	 0 	 NaN 	 NaN 	 0 	 0 	 0 	 NaN 	 NaN 	 NaN 	 NaN 	 0 	 0 	 NaN 	 NaN 	  Other 
53 	 1165.47 	 128.126 	 1193.8 	 638.016 	 4097 	 93.7101 	 57.3924 	 0.790513 	 0.945971 	 271.137 	 1172.69 	 345.488 	 0.294611 	 772.873 	 1022.17 	 6084 	 0.895364 	 356.492 	 504.157 	 578.201 	 397.264 	 0.329073 	 495.252 	 590.987 	 103.999 	 0.179866 	 0 	 0 	 NaN 	 NaN 	 0 	 0 	 0 	 NaN 	 NaN 	 NaN 	 NaN 	 0 	 0 	 NaN 	 NaN 	 30.4564 	 -0.377749 	 7.97343 	 0.106201 	 75.0788 	 42 	 42 	 103.524 	 14.3372 	 1 	 0 	 0 	 NaN 	 NaN 	 NaN 	 NaN 	 42 	 42 	 42 	 0 	  DCIS 
54 	 1214.53 	 151.993 	 1233.32 	 662.731 	 4486 	 116.065 	 50.5796 	 0.900051 	 0.938297 	 306.25 	 1381.36 	 564.878 	 0.40893 	 1052.38 	 1230.84 	 6115 	 0.888808 	 380.534 	 417.96 	 448.427 	 267.49 	 0.312121 	 487.155 	 439.612 	 127.816 	 0.285031 	 0 	 0 	 NaN 	 NaN 	 0 	 0 	 0 	 NaN 	 NaN 	 NaN 	 NaN 	 0 	 0 	 NaN 	 NaN 	 34.199 	 3.19415 	 9.11742 	 0.115672 	 78.8214 	 55 	 57 	 120.545 	 31.3589 	 1 	 0 	 0 	 NaN 	 NaN 	 NaN 	 NaN 	 55 	 55 	 55 	 0 	  DCIS 
55 	 1286.88 	 302.434 	 1266.25 	 654.423 	 4409 	 84.9965 	 66.6822 	 0.620093 	 0.972002 	 259.321 	 1969.17 	 905.389 	 0.459782 	 1588.74 	 1818.65 	 5320 	 0.976326 	 279.078 	 376.963 	 377.169 	 196.232 	 0.237288 	 372.804 	 378.111 	 94.9238 	 0.251674 	 0 	 0 	 NaN 	 NaN 	 0 	 0 	 0 	 NaN 	 NaN 	 NaN 	 NaN 	 0 	 0 	 NaN 	 NaN 	 21.1292 	 10.4379 	 7.28277 	 0.110762 	 65.7516 	 125 	 241 	 128.272 	 39.0854 	 2 	 726.785 	 0.164841 	 20.5733 	 20.5733 	 20.5733 	 0 	 63 	 62 	 62.5 	 0.707107 	  DCIS 
56 	 1272.97 	 927.385 	 1292.52 	 711.168 	 1884 	 78.4332 	 31.4931 	 0.915847 	 0.923077 	 202.167 	 905.573 	 311.21 	 0.343661 	 575.286 	 755.051 	 2628 	 0.959124 	 212.711 	 363.99 	 317.745 	 136.807 	 0 	 0 	 0 	 36.4212 	 0.114624 	 45 	 45 	 480.244 	 105.603 	 1 	 0 	 0 	 NaN 	 NaN 	 NaN 	 NaN 	 45 	 45 	 45 	 0 	 16.2199 	 4.76504 	 8.07816 	 0.132772 	 60.8424 	 99 	 284 	 114.03 	 24.8437 	 2 	 269.684 	 0.143144 	 27.8905 	 27.8905 	 27.8905 	 0 	 56 	 43 	 49.5 	 9.19239 	  Fib 
57 	 1296.23 	 623.617 	 1257.3 	 624.809 	 2992 	 73.0987 	 53.4055 	 0.682813 	 0.963607 	 223.279 	 1252.32 	 514.377 	 0.41074 	 874.991 	 1101.8 	 9717 	 0.898474 	 439.304 	 780.82 	 932.995 	 752.057 	 0 	 0 	 0 	 396.704 	 0.425194 	 0 	 0 	 0 	 -374.641 	 0 	 0 	 0 	 NaN 	 NaN 	 NaN 	 NaN 	 0 	 0 	 NaN 	 NaN 	 40.5674 	 -3.88691 	 19.7222 	 0.231508 	 85.1898 	 241 	 788 	 199.568 	 110.382 	 3 	 1205.94 	 0.403056 	 29.3771 	 22.5131 	 26.1209 	 3.08171 	 123 	 54 	 80.3333 	 37.2872 	  DCIS 
58 	 1302.67 	 379.639 	 1270.25 	 645.877 	 5595 	 127.104 	 58.6212 	 0.887292 	 0.908279 	 346.049 	 1332.36 	 461.601 	 0.346453 	 959.489 	 1181.84 	 6807 	 0.899802 	 410.877 	 374.871 	 398.235 	 217.297 	 0.176796 	 380.953 	 400.773 	 119.085 	 0.299031 	 0 	 0 	 0 	 -374.641 	 0 	 0 	 0 	 NaN 	 NaN 	 NaN 	 NaN 	 0 	 0 	 NaN 	 NaN 	 17.6301 	 4.47227 	 4.73125 	 0.0760009 	 62.2525 	 41 	 41 	 98.9024 	 9.71587 	 1 	 0 	 0 	 NaN 	 NaN 	 NaN 	 NaN 	 41 	 41 	 41 	 0 	  DCIS 
