rownames 	XLoc 	YLoc 	NNDistSame 	NNDistOpp 	dapi_Area 	dapi_MajorAxisLength 	dapi_MinorAxisLength 	dapi_Eccentricity 	dapi_Solidity 	dapi_Perimeter 	dapi_MeanIntensity 	dapi_PixelSD 	dapi_PixelCV 	dapi_NucAdjustedInt 	dapi_BackAdjustedInt 	memb_Area 	memb_Solidity 	memb_Perimeter 	memb_MeanIntensity 	memb_MembraneIntensity 	memb_temp 	memb_pcTouch 	memb_OverLapIntensity 	memb_nonLapIntensity 	memb_PixelSD 	memb_PixelCV 	cent_Area 	cent_ConvexArea 	cent_MeanIntensity 	cent_BackAdjustedInt 	cent_CN 	cent_AreaSD 	cent_CoeffVar 	cent_MaxSpotDist 	cent_MinSpotDist 	cent_MeanSpotDist 	cent_SDSpotDist 	cent_SpotAreaMax 	cent_SpotAreaMin 	cent_SpotAreaMean 	cent_SpotAreaSD 	nucl_BackgroundAdjust 	nucl_NuclearAdjustedInt 	nucl_PixelSD 	nucl_PixelCV 	nucl_MeanIntensity 	Her2_Area 	Her2_ConvexArea 	Her2_MeanIntensity 	Her2_BackAdjustedInt 	Her2_CN 	Her2_AreaSD 	Her2_CoeffVar 	Her2_MaxSpotDist 	Her2_MinSpotDist 	Her2_MeanSpotDist 	Her2_SDSpotDist 	Her2_SpotAreaMax 	Her2_SpotAreaMin 	Her2_SpotAreaMean 	Her2_SpotAreaSD 	CellLabels 	
1 	 34.2931 	 686.516 	 92.9624 	 954.112 	 3460 	 71.0008 	 63.4101 	 0.449878 	 0.979061 	 228.066 	 1870.39 	 510.986 	 0.273198 	 818.138 	 1631.8 	 4248 	 0.980383 	 248.024 	 113.888 	 106.121 	 41.0745 	 0 	 0 	 0 	 40.2002 	 0.378816 	 0 	 0 	 NaN 	 NaN 	 0 	 0 	 0 	 NaN 	 NaN 	 NaN 	 NaN 	 0 	 0 	 NaN 	 NaN 	 32.6829 	 -20.131 	 9.07023 	 0.115402 	 78.5965 	 45 	 45 	 157 	 57.7447 	 1 	 0 	 0 	 NaN 	 NaN 	 NaN 	 NaN 	 45 	 45 	 45 	 0 	  DCIS 
2 	 78.1118 	 830.309 	 119.474 	 933.3 	 4623 	 90.8562 	 65.2736 	 0.695602 	 0.976346 	 265.765 	 1446.37 	 352.693 	 0.243846 	 483.562 	 1207.79 	 5714 	 0.982462 	 286.936 	 104.706 	 97.6371 	 32.5911 	 0 	 0 	 0 	 18.7948 	 0.192496 	 45 	 45 	 340.533 	 -63.1333 	 1 	 0 	 0 	 NaN 	 NaN 	 NaN 	 NaN 	 45 	 45 	 45 	 0 	 39.5818 	 -16.9008 	 9.40269 	 0.109979 	 85.4953 	 90 	 360 	 121.011 	 21.7558 	 2 	 369.3 	 0.0798832 	 41.5933 	 41.5933 	 41.5933 	 0 	 45 	 45 	 45 	 0 	  DCIS 
3 	 67.5021 	 465.835 	 223.6 	 928.238 	 2097 	 96.2551 	 30.2359 	 0.949383 	 0.822998 	 274.492 	 1158.64 	 225.354 	 0.194498 	 310.036 	 920.053 	 4064 	 0.78199 	 330.635 	 226.159 	 217.696 	 152.65 	 0 	 0 	 0 	 96.3233 	 0.442467 	 24 	 24 	 1445.83 	 1042.17 	 1 	 0 	 0 	 NaN 	 NaN 	 NaN 	 NaN 	 24 	 24 	 24 	 0 	 81.5375 	 4.15458 	 34.0923 	 0.267493 	 127.451 	 0 	 0 	 NaN 	 NaN 	 0 	 0 	 0 	 NaN 	 NaN 	 NaN 	 NaN 	 0 	 0 	 NaN 	 NaN 	  DCIS 
4 	 124.529 	 705.529 	 92.9624 	 865.342 	 4607 	 95.0521 	 62.1613 	 0.75652 	 0.969691 	 267.522 	 1911.23 	 615.366 	 0.321975 	 1035.81 	 1672.64 	 5684 	 0.975292 	 289.279 	 139.108 	 127.54 	 62.4937 	 0 	 0 	 0 	 31.9865 	 0.250796 	 134 	 200 	 673.843 	 270.177 	 2 	 604.302 	 0.13117 	 11.1803 	 11.1803 	 11.1803 	 0 	 89 	 45 	 67 	 31.1127 	 50.3944 	 -15.3487 	 10.4597 	 0.108606 	 96.308 	 135 	 382 	 125.259 	 26.0039 	 3 	 376.801 	 0.0817889 	 18.0278 	 17 	 17.6759 	 0.523712 	 45 	 45 	 45 	 0 	  DCIS 
5 	 117.42 	 970.416 	 294.92 	 939.694 	 2743 	 64.5283 	 56.1867 	 0.491762 	 0.961444 	 210.167 	 1674.82 	 477.529 	 0.285123 	 731.146 	 1436.23 	 3517 	 0.95988 	 228.995 	 119.251 	 112.57 	 47.524 	 0.065 	 105.692 	 112.348 	 14.3055 	 0.127081 	 0 	 0 	 NaN 	 NaN 	 0 	 0 	 0 	 NaN 	 NaN 	 NaN 	 NaN 	 0 	 0 	 NaN 	 NaN 	 34.5804 	 -14.4636 	 9.04716 	 0.112395 	 80.494 	 90 	 127 	 145.789 	 46.5336 	 2 	 96.822 	 0.0352978 	 10.4403 	 10.4403 	 10.4403 	 0 	 45 	 45 	 45 	 0 	  DCIS 
6 	 162.463 	 148.174 	 553.99 	 943.808 	 8435 	 128.555 	 84.2528 	 0.755296 	 0.975257 	 362.132 	 1757.43 	 476.189 	 0.270957 	 383.982 	 1518.85 	 11748 	 0.965483 	 423.103 	 258.493 	 297 	 231.954 	 0 	 0 	 0 	 143.116 	 0.481872 	 0 	 0 	 NaN 	 NaN 	 0 	 0 	 0 	 NaN 	 NaN 	 NaN 	 NaN 	 0 	 0 	 NaN 	 NaN 	 88.5748 	 8.28281 	 14.9575 	 0.111218 	 134.488 	 45 	 45 	 183.889 	 84.6336 	 1 	 0 	 0 	 NaN 	 NaN 	 NaN 	 NaN 	 45 	 45 	 45 	 0 	  DCIS 
7 	 171.389 	 904.696 	 257.474 	 865.807 	 5458 	 90.1008 	 77.8037 	 0.504317 	 0.981478 	 285.907 	 1576.95 	 378.038 	 0.239727 	 1020.25 	 1338.37 	 6635 	 0.972874 	 308.936 	 106.276 	 110.452 	 45.4058 	 0.0481481 	 106.615 	 110.907 	 22.2004 	 0.200996 	 21 	 21 	 368.286 	 -35.381 	 1 	 0 	 0 	 NaN 	 NaN 	 NaN 	 NaN 	 21 	 21 	 21 	 0 	 30.8847 	 -9.04228 	 8.88372 	 0.115676 	 76.7983 	 135 	 547 	 128.793 	 29.5373 	 3 	 1079.18 	 0.197724 	 29.4279 	 16.7631 	 24.1972 	 5.91548 	 45 	 45 	 45 	 0 	  DCIS 
8 	 198.687 	 1019.24 	 370.741 	 886.046 	 2974 	 80.442 	 48.2553 	 0.800093 	 0.977004 	 222.953 	 1995.2 	 565.431 	 0.283396 	 1528.55 	 1756.61 	 3619 	 0.988258 	 238.569 	 87.7074 	 86.5676 	 21.5216 	 0 	 0 	 0 	 24.9035 	 0.287677 	 45 	 45 	 243.333 	 -160.333 	 1 	 0 	 0 	 NaN 	 NaN 	 NaN 	 NaN 	 45 	 45 	 45 	 0 	 28.8961 	 13.2399 	 11.5979 	 0.155032 	 74.8097 	 90 	 233 	 132.878 	 33.6225 	 2 	 100.901 	 0.0339277 	 23.3238 	 23.3238 	 23.3238 	 0 	 45 	 45 	 45 	 0 	  DCIS 
9 	 257.358 	 699.119 	 223.323 	 733.42 	 13764 	 140.532 	 126.414 	 0.436831 	 0.964676 	 471.487 	 1519.08 	 390.239 	 0.256892 	 1001.81 	 1280.49 	 15352 	 0.963112 	 486.416 	 173.689 	 173.978 	 108.932 	 0.0865385 	 191.194 	 173.555 	 28.9963 	 0.166666 	 45 	 45 	 545.756 	 142.089 	 1 	 0 	 0 	 NaN 	 NaN 	 NaN 	 NaN 	 45 	 45 	 45 	 0 	 85.2598 	 -3.472 	 17.2688 	 0.131649 	 131.173 	 225 	 1422 	 158.156 	 58.9002 	 4 	 1126.57 	 0.0818492 	 76.7219 	 15 	 42.8578 	 27.9773 	 90 	 45 	 56.25 	 22.5 	  DCIS 
10 	 267.134 	 91.6678 	 638.995 	 877.462 	 2724 	 78.1998 	 45.2051 	 0.815986 	 0.938987 	 222.409 	 1386.77 	 200.756 	 0.144765 	 333.853 	 1148.19 	 3875 	 0.962016 	 248.836 	 386.166 	 374.348 	 309.302 	 0 	 0 	 0 	 163.865 	 0.437734 	 0 	 0 	 NaN 	 NaN 	 0 	 0 	 0 	 NaN 	 NaN 	 NaN 	 NaN 	 0 	 0 	 NaN 	 NaN 	 147.196 	 9.03805 	 29.1502 	 0.150952 	 193.109 	 0 	 0 	 NaN 	 NaN 	 0 	 0 	 0 	 NaN 	 NaN 	 NaN 	 NaN 	 0 	 0 	 NaN 	 NaN 	  DCIS 
11 	 350.766 	 764.355 	 326.218 	 652.435 	 5840 	 107.298 	 70.1602 	 0.756595 	 0.969456 	 309.806 	 1610.98 	 453.563 	 0.281544 	 1127.54 	 1372.4 	 7083 	 0.979126 	 326.877 	 154.592 	 164.424 	 99.3785 	 0.133094 	 188.541 	 162.811 	 20.0697 	 0.12206 	 45 	 45 	 499.4 	 95.7333 	 1 	 0 	 0 	 NaN 	 NaN 	 NaN 	 NaN 	 45 	 45 	 45 	 0 	 66.8088 	 -12.9924 	 15.6913 	 0.139203 	 112.722 	 90 	 206 	 168.311 	 69.0558 	 2 	 1544.25 	 0.264426 	 20.2485 	 20.2485 	 20.2485 	 0 	 45 	 45 	 45 	 0 	  DCIS 
12 	 383.634 	 520.48 	 387.8 	 607.701 	 2248 	 68.7935 	 41.9315 	 0.792765 	 0.965636 	 190.794 	 1014.4 	 137.908 	 0.135951 	 536.569 	 775.809 	 7227 	 0.85913 	 422.86 	 288.156 	 315.409 	 250.363 	 0.448179 	 309.031 	 317.186 	 95.3036 	 0.302159 	 0 	 0 	 NaN 	 NaN 	 0 	 0 	 0 	 NaN 	 NaN 	 NaN 	 NaN 	 0 	 0 	 NaN 	 NaN 	 82.3911 	 -21.9179 	 13.7385 	 0.107077 	 128.305 	 0 	 0 	 NaN 	 NaN 	 0 	 0 	 0 	 NaN 	 NaN 	 NaN 	 NaN 	 0 	 0 	 NaN 	 NaN 	  DCIS 
13 	 388.711 	 593.553 	 366.98 	 596.215 	 3549 	 78.411 	 58.2455 	 0.669489 	 0.947664 	 248.108 	 1510.36 	 349.067 	 0.231115 	 863.15 	 1271.77 	 5643 	 0.850875 	 355.806 	 219.43 	 241.265 	 176.219 	 0.456311 	 287.631 	 228.157 	 96.9181 	 0.401708 	 0 	 0 	 NaN 	 NaN 	 0 	 0 	 0 	 NaN 	 NaN 	 NaN 	 NaN 	 0 	 0 	 NaN 	 NaN 	 71.9706 	 -19.1044 	 22.9822 	 0.194956 	 117.884 	 0 	 0 	 NaN 	 NaN 	 0 	 0 	 0 	 NaN 	 NaN 	 NaN 	 NaN 	 0 	 0 	 NaN 	 NaN 	  DCIS 
14 	 385.014 	 260.779 	 551.976 	 694.119 	 4959 	 112.088 	 57.1666 	 0.860167 	 0.960488 	 293.421 	 1977.7 	 568.525 	 0.287468 	 1377.98 	 1739.11 	 5778 	 0.959801 	 317.948 	 183.334 	 175.03 	 109.984 	 0 	 0 	 175.663 	 60.3548 	 0.344826 	 0 	 0 	 NaN 	 NaN 	 0 	 0 	 0 	 NaN 	 NaN 	 NaN 	 NaN 	 0 	 0 	 NaN 	 NaN 	 57.398 	 -4.00667 	 17.1616 	 0.166115 	 103.312 	 88 	 99 	 170.818 	 71.5629 	 1 	 0 	 0 	 NaN 	 NaN 	 NaN 	 NaN 	 88 	 88 	 88 	 0 	  DCIS 
15 	 402.766 	 143.633 	 656.514 	 732.101 	 5432 	 96.5497 	 72.9852 	 0.654647 	 0.965517 	 296.635 	 1567.31 	 343.889 	 0.219414 	 994.803 	 1328.72 	 8222 	 0.965137 	 354.919 	 168.896 	 176.074 	 111.028 	 0 	 0 	 175.747 	 61.6639 	 0.350216 	 0 	 0 	 NaN 	 NaN 	 0 	 0 	 0 	 NaN 	 NaN 	 NaN 	 NaN 	 0 	 0 	 NaN 	 NaN 	 62.6543 	 -0.435465 	 12.4206 	 0.114404 	 108.568 	 90 	 258 	 131.044 	 31.7891 	 2 	 849.33 	 0.156357 	 26.4197 	 26.4197 	 26.4197 	 0 	 45 	 45 	 45 	 0 	  DCIS 
16 	 396.781 	 901.804 	 421.893 	 656.512 	 923 	 45.3163 	 26.248 	 0.815173 	 0.947639 	 124.711 	 995.387 	 152.985 	 0.153694 	 583.912 	 756.8 	 1458 	 0.975904 	 144.569 	 132.6 	 146.898 	 81.8524 	 0 	 0 	 0 	 20.418 	 0.138994 	 0 	 0 	 NaN 	 NaN 	 0 	 0 	 0 	 NaN 	 NaN 	 NaN 	 NaN 	 0 	 0 	 NaN 	 NaN 	 44.8307 	 -15.3262 	 15.631 	 0.172254 	 90.7443 	 0 	 0 	 NaN 	 NaN 	 0 	 0 	 0 	 NaN 	 NaN 	 NaN 	 NaN 	 0 	 0 	 NaN 	 NaN 	  DCIS 
17 	 445.838 	 373.122 	 518.015 	 588.804 	 5574 	 91.8461 	 77.3765 	 0.538762 	 0.980302 	 286.735 	 1674.93 	 521.942 	 0.311621 	 1228.72 	 1436.34 	 7612 	 0.855569 	 419.505 	 188.627 	 191.209 	 126.163 	 0 	 0 	 0 	 32.339 	 0.169129 	 45 	 45 	 629.956 	 226.289 	 1 	 0 	 0 	 NaN 	 NaN 	 NaN 	 NaN 	 45 	 45 	 45 	 0 	 71.7134 	 -6.65857 	 19.8187 	 0.168487 	 117.627 	 90 	 123 	 166.644 	 67.3891 	 2 	 989.604 	 0.177539 	 10.198 	 10.198 	 10.198 	 0 	 45 	 45 	 45 	 0 	  DCIS 
18 	 468.226 	 779.882 	 443.852 	 544.232 	 5005 	 124.692 	 52.0532 	 0.908697 	 0.948276 	 322.492 	 1652.96 	 380.949 	 0.230464 	 1124.65 	 1414.37 	 5717 	 0.901593 	 350.777 	 163.475 	 174.679 	 109.633 	 0.458194 	 184.628 	 171.261 	 18.9538 	 0.108506 	 90 	 278 	 469.467 	 65.8 	 2 	 466.423 	 0.0931914 	 29.1548 	 29.1548 	 29.1548 	 0 	 45 	 45 	 45 	 0 	 77.3591 	 -1.06362 	 12.8184 	 0.103984 	 123.273 	 90 	 161 	 146.189 	 46.9336 	 2 	 1125.77 	 0.224928 	 16.0312 	 16.0312 	 16.0312 	 0 	 45 	 45 	 45 	 0 	  DCIS 
19 	 450.315 	 680.218 	 416.059 	 539.56 	 3566 	 99.2492 	 55.0791 	 0.831878 	 0.815086 	 289.421 	 1319.14 	 217.508 	 0.164886 	 795.694 	 1080.56 	 4141 	 0.768845 	 317.563 	 157.61 	 168.147 	 103.101 	 0.529412 	 165.59 	 169.497 	 15.2992 	 0.0909873 	 0 	 0 	 NaN 	 NaN 	 0 	 0 	 0 	 NaN 	 NaN 	 NaN 	 NaN 	 0 	 0 	 NaN 	 NaN 	 61.8464 	 -2.90498 	 12.5582 	 0.116539 	 107.76 	 43 	 43 	 161.674 	 62.4191 	 1 	 0 	 0 	 NaN 	 NaN 	 NaN 	 NaN 	 43 	 43 	 43 	 0 	  DCIS 
20 	 459.897 	 588.027 	 437.352 	 525.461 	 7385 	 141.927 	 73.4618 	 0.855621 	 0.862633 	 398.96 	 1518.36 	 371.783 	 0.244858 	 981.736 	 1279.77 	 10624 	 0.848224 	 529.872 	 188.639 	 203.6 	 138.554 	 0.615044 	 191.219 	 208.88 	 68.8304 	 0.338067 	 0 	 0 	 NaN 	 NaN 	 0 	 0 	 0 	 NaN 	 NaN 	 NaN 	 NaN 	 0 	 0 	 NaN 	 NaN 	 67.8374 	 -25.9894 	 18.7406 	 0.164751 	 113.751 	 45 	 45 	 162.911 	 63.6558 	 1 	 0 	 0 	 NaN 	 NaN 	 NaN 	 NaN 	 45 	 45 	 45 	 0 	  DCIS 
21 	 461.318 	 942.27 	 497.347 	 620.322 	 4965 	 81.4536 	 78.4923 	 0.267188 	 0.983558 	 270.35 	 1520.98 	 358.481 	 0.235691 	 997.476 	 1282.39 	 5959 	 0.983983 	 288.794 	 152.838 	 155.72 	 90.6745 	 0 	 0 	 0 	 35.5031 	 0.227993 	 91 	 96 	 575.912 	 172.245 	 1 	 0 	 0 	 NaN 	 NaN 	 NaN 	 NaN 	 91 	 91 	 91 	 0 	 60.9998 	 3.34237 	 12.1893 	 0.114011 	 106.913 	 90 	 106 	 163.911 	 64.6558 	 1 	 0 	 0 	 NaN 	 NaN 	 NaN 	 NaN 	 90 	 90 	 90 	 0 	  DCIS 
22 	 498.652 	 843.548 	 490.789 	 539.4 	 5108 	 110.935 	 60.7212 	 0.836899 	 0.958529 	 304.25 	 1710.48 	 599.337 	 0.350392 	 1145.38 	 1471.89 	 6133 	 0.946889 	 334.049 	 191.732 	 177.944 	 112.898 	 0.297203 	 181.765 	 177.205 	 29.3127 	 0.16473 	 0 	 0 	 NaN 	 NaN 	 0 	 0 	 0 	 NaN 	 NaN 	 NaN 	 NaN 	 0 	 0 	 NaN 	 NaN 	 79.3045 	 2.87752 	 17.6291 	 0.140787 	 125.218 	 90 	 358 	 173.633 	 74.378 	 2 	 839.558 	 0.164361 	 40.2616 	 40.2616 	 40.2616 	 0 	 45 	 45 	 45 	 0 	  DCIS 
23 	 511.808 	 721.043 	 479.208 	 485.85 	 7536 	 116.256 	 83.1855 	 0.698573 	 0.977052 	 343.12 	 1997.2 	 583.716 	 0.292267 	 1354.79 	 1758.61 	 8638 	 0.970889 	 361.505 	 167.163 	 181.105 	 116.059 	 0.591503 	 180.083 	 182.097 	 16.215 	 0.089534 	 90 	 514 	 654.856 	 251.189 	 2 	 993.612 	 0.131849 	 60.1082 	 60.1082 	 60.1082 	 0 	 45 	 45 	 45 	 0 	 71.278 	 -17.1961 	 17.7063 	 0.151089 	 117.192 	 164 	 815 	 175.146 	 75.891 	 4 	 1712.04 	 0.227182 	 55.6634 	 15 	 33.389 	 15.2157 	 45 	 29 	 41 	 8 	  DCIS 
24 	 506.269 	 151.389 	 714.199 	 636.536 	 6204 	 110.772 	 73.9391 	 0.744618 	 0.957703 	 332.534 	 1740 	 548.5 	 0.31523 	 1179.61 	 1501.41 	 6492 	 0.954566 	 341.019 	 178.176 	 167.524 	 102.478 	 0.243056 	 215.186 	 162.379 	 59.7189 	 0.356479 	 45 	 45 	 594.911 	 191.244 	 1 	 0 	 0 	 NaN 	 NaN 	 NaN 	 NaN 	 45 	 45 	 45 	 0 	 78.4065 	 7.49792 	 26.1222 	 0.21012 	 124.32 	 45 	 45 	 144.622 	 45.3669 	 1 	 0 	 0 	 NaN 	 NaN 	 NaN 	 NaN 	 45 	 45 	 45 	 0 	  DCIS 
25 	 505.453 	 584.54 	 481.918 	 480.651 	 2077 	 62.5102 	 44.105 	 0.708645 	 0.907383 	 191.581 	 1717.03 	 451.22 	 0.262792 	 1156.87 	 1478.44 	 2523 	 0.93031 	 205.723 	 158.959 	 166.624 	 101.578 	 0.786127 	 169.419 	 164.833 	 25.936 	 0.155656 	 0 	 0 	 NaN 	 NaN 	 0 	 0 	 0 	 NaN 	 NaN 	 NaN 	 NaN 	 0 	 0 	 NaN 	 NaN 	 53.5361 	 -2.76308 	 12.9455 	 0.130171 	 99.4497 	 0 	 0 	 NaN 	 NaN 	 0 	 0 	 0 	 NaN 	 NaN 	 NaN 	 NaN 	 0 	 0 	 NaN 	 NaN 	  DCIS 
26 	 543.702 	 604.021 	 516.71 	 441.041 	 2750 	 73.1324 	 49.0456 	 0.741782 	 0.941136 	 215.238 	 1773.07 	 481.035 	 0.271301 	 1213.24 	 1534.48 	 3579 	 0.941594 	 238.995 	 167.401 	 175.543 	 110.497 	 0.290476 	 190.033 	 172.922 	 23.8979 	 0.136137 	 90 	 165 	 608.244 	 204.578 	 2 	 368.572 	 0.134026 	 16.1245 	 16.1245 	 16.1245 	 0 	 45 	 45 	 45 	 0 	 61.0417 	 -15.5813 	 13.7176 	 0.128255 	 106.955 	 45 	 45 	 185.044 	 85.7891 	 1 	 0 	 0 	 NaN 	 NaN 	 NaN 	 NaN 	 45 	 45 	 45 	 0 	  DCIS 
27 	 549.794 	 464.785 	 561.729 	 458.53 	 2639 	 84.8044 	 40.8866 	 0.8761 	 0.954085 	 219.037 	 2035.85 	 621.597 	 0.305325 	 1272.18 	 1797.27 	 5031 	 0.895993 	 315.362 	 171.292 	 160.966 	 95.9199 	 0.212121 	 181.036 	 158.739 	 39.4298 	 0.244958 	 0 	 0 	 NaN 	 NaN 	 0 	 0 	 0 	 NaN 	 NaN 	 NaN 	 NaN 	 0 	 0 	 NaN 	 NaN 	 77.1209 	 10.3917 	 12.9499 	 0.105254 	 123.034 	 45 	 45 	 152.067 	 52.8113 	 1 	 0 	 0 	 NaN 	 NaN 	 NaN 	 NaN 	 45 	 45 	 45 	 0 	  DCIS 
28 	 564.28 	 121.445 	 775.407 	 601.626 	 5794 	 112.083 	 66.119 	 0.807469 	 0.971985 	 310.149 	 1427.12 	 429.861 	 0.301208 	 1000.95 	 1188.54 	 7114 	 0.956569 	 358.434 	 162.903 	 167.508 	 102.462 	 0.229508 	 215.186 	 162.487 	 53.8744 	 0.321623 	 45 	 45 	 421.978 	 18.3111 	 1 	 0 	 0 	 NaN 	 NaN 	 NaN 	 NaN 	 45 	 45 	 45 	 0 	 67.59 	 -5.33989 	 29.2811 	 0.257975 	 113.504 	 90 	 117 	 161.011 	 61.7558 	 2 	 198.645 	 0.0342847 	 8.94427 	 8.94427 	 8.94427 	 0 	 45 	 45 	 45 	 0 	  DCIS 
29 	 589.944 	 736.061 	 558.155 	 414.609 	 2542 	 61.6339 	 53.381 	 0.499872 	 0.945333 	 201.338 	 1628.03 	 466.892 	 0.286784 	 992.707 	 1389.44 	 3126 	 0.951309 	 220.51 	 181.997 	 186.969 	 121.923 	 0.520619 	 184.079 	 187.136 	 18.1505 	 0.0970774 	 90 	 156 	 607.856 	 204.189 	 2 	 599.724 	 0.235926 	 13.9284 	 13.9284 	 13.9284 	 0 	 45 	 45 	 45 	 0 	 87.7532 	 -2.70316 	 12.4091 	 0.0928362 	 133.667 	 0 	 0 	 NaN 	 NaN 	 0 	 0 	 0 	 NaN 	 NaN 	 NaN 	 NaN 	 0 	 0 	 NaN 	 NaN 	  DCIS 
30 	 609.908 	 797.399 	 586.409 	 419.039 	 5114 	 83.3295 	 79.4001 	 0.303456 	 0.961459 	 284.693 	 1544.27 	 376.914 	 0.244072 	 973.401 	 1305.69 	 6191 	 0.972663 	 302.451 	 150.717 	 160.906 	 95.86 	 0.206767 	 171.8 	 159.059 	 15.174 	 0.0943038 	 25 	 26 	 554.28 	 150.613 	 1 	 0 	 0 	 NaN 	 NaN 	 NaN 	 NaN 	 25 	 25 	 25 	 0 	 62.8791 	 -8.30151 	 12.0163 	 0.110451 	 108.793 	 90 	 317 	 156.756 	 57.5002 	 2 	 779.699 	 0.152464 	 33.8378 	 33.8378 	 33.8378 	 0 	 45 	 45 	 45 	 0 	  DCIS 
31 	 593.494 	 553.238 	 574.836 	 396.122 	 931 	 46.9355 	 25.5756 	 0.838494 	 0.959794 	 124.569 	 1014.58 	 115.947 	 0.114281 	 449.006 	 775.992 	 1905 	 0.879096 	 193.338 	 192.795 	 188.102 	 123.056 	 0 	 0 	 188.883 	 21.7402 	 0.115577 	 0 	 0 	 NaN 	 NaN 	 0 	 0 	 0 	 NaN 	 NaN 	 NaN 	 NaN 	 0 	 0 	 NaN 	 NaN 	 118.321 	 9.41306 	 16.712 	 0.101757 	 164.234 	 0 	 0 	 NaN 	 NaN 	 0 	 0 	 0 	 NaN 	 NaN 	 NaN 	 NaN 	 0 	 0 	 NaN 	 NaN 	  DCIS 
32 	 631.908 	 649.692 	 599.144 	 355.259 	 6884 	 142.832 	 66.6797 	 0.884342 	 0.890441 	 373.203 	 1538.58 	 416.926 	 0.270982 	 862.736 	 1299.99 	 8428 	 0.914695 	 389.99 	 176.392 	 187.717 	 122.671 	 0 	 0 	 187.288 	 12.7527 	 0.0679361 	 135 	 487 	 540.459 	 136.793 	 3 	 1011.72 	 0.146966 	 45.8803 	 17.4929 	 30.745 	 12.7788 	 45 	 45 	 45 	 0 	 98.5399 	 -6.12982 	 17.632 	 0.12206 	 144.454 	 135 	 278 	 150.289 	 51.0336 	 3 	 2217.07 	 0.322061 	 18.868 	 10.198 	 14.1608 	 3.91995 	 45 	 45 	 45 	 0 	  DCIS 
33 	 629.35 	 446.428 	 641.955 	 391.959 	 5439 	 103.948 	 67.0161 	 0.764431 	 0.966246 	 302.392 	 1599.16 	 427.945 	 0.267607 	 1010.73 	 1360.57 	 6655 	 0.965052 	 321.22 	 175.572 	 182.766 	 117.72 	 0.20438 	 181.732 	 182.752 	 33.8324 	 0.185113 	 45 	 45 	 588.311 	 184.644 	 1 	 0 	 0 	 NaN 	 NaN 	 NaN 	 NaN 	 45 	 45 	 45 	 0 	 86.1537 	 -6.21818 	 14.3938 	 0.108989 	 132.067 	 45 	 45 	 172.333 	 73.078 	 1 	 0 	 0 	 NaN 	 NaN 	 NaN 	 NaN 	 45 	 45 	 45 	 0 	  DCIS 
34 	 648.034 	 970.942 	 676.5 	 493.852 	 4526 	 97.1396 	 62.4024 	 0.76637 	 0.934545 	 289.179 	 1647.66 	 501.542 	 0.304397 	 962.296 	 1409.07 	 5621 	 0.948852 	 303.137 	 134.559 	 136.178 	 71.1318 	 0 	 0 	 0 	 31.9785 	 0.234829 	 90 	 237 	 454.511 	 50.8444 	 2 	 1124.67 	 0.248491 	 23.8537 	 23.8537 	 23.8537 	 0 	 45 	 45 	 45 	 0 	 53.0577 	 -3.09949 	 15.2906 	 0.154495 	 98.9713 	 0 	 0 	 NaN 	 NaN 	 0 	 0 	 0 	 NaN 	 NaN 	 NaN 	 NaN 	 0 	 0 	 NaN 	 NaN 	  DCIS 
35 	 644.874 	 290.718 	 728.105 	 452.134 	 6868 	 144.068 	 61.4707 	 0.904404 	 0.976956 	 354.35 	 1462.01 	 290.131 	 0.198446 	 1011.3 	 1223.43 	 8153 	 0.966568 	 384.108 	 142.863 	 144.636 	 79.5898 	 0.0346821 	 175.25 	 143.528 	 26.7327 	 0.184828 	 44 	 406 	 502.523 	 98.8561 	 2 	 3870.46 	 0.56355 	 72.9082 	 72.9082 	 72.9082 	 0 	 33 	 11 	 22 	 15.5563 	 57.1564 	 -8.96796 	 13.6251 	 0.132193 	 103.07 	 45 	 45 	 157.156 	 57.9002 	 1 	 0 	 0 	 NaN 	 NaN 	 NaN 	 NaN 	 45 	 45 	 45 	 0 	  DCIS 
36 	 673.707 	 188.804 	 810.928 	 472.341 	 5296 	 131.678 	 52.6233 	 0.916673 	 0.970319 	 325.404 	 1681.13 	 544.664 	 0.323987 	 1150.61 	 1442.54 	 6677 	 0.959201 	 349.889 	 156.018 	 164.273 	 99.2273 	 0.100346 	 181.897 	 162.698 	 27.3449 	 0.166459 	 21 	 21 	 599.667 	 196 	 1 	 0 	 0 	 NaN 	 NaN 	 NaN 	 NaN 	 21 	 21 	 21 	 0 	 58.4506 	 -9.7462 	 14.2292 	 0.136342 	 104.364 	 45 	 45 	 200.533 	 101.278 	 1 	 0 	 0 	 NaN 	 NaN 	 NaN 	 NaN 	 45 	 45 	 45 	 0 	  DCIS 
37 	 674.974 	 552.344 	 655.062 	 315.379 	 5406 	 112.438 	 63.4743 	 0.825414 	 0.963636 	 304.149 	 1961.62 	 481.05 	 0.245232 	 1143.14 	 1723.03 	 7249 	 0.968212 	 341.605 	 158.784 	 160.218 	 95.172 	 0 	 0 	 159.254 	 26.4443 	 0.165052 	 0 	 0 	 NaN 	 NaN 	 0 	 0 	 0 	 NaN 	 NaN 	 NaN 	 NaN 	 0 	 0 	 NaN 	 NaN 	 77.0995 	 -11.5002 	 16.7038 	 0.135788 	 123.013 	 90 	 203 	 159.533 	 60.278 	 2 	 408.534 	 0.0755705 	 22.0227 	 22.0227 	 22.0227 	 0 	 45 	 45 	 45 	 0 	  DCIS 
38 	 692.062 	 850.995 	 678.13 	 379.381 	 3273 	 77.1614 	 56.5619 	 0.680193 	 0.911953 	 248.693 	 1774.56 	 465.124 	 0.262107 	 729.118 	 1535.97 	 4343 	 0.950744 	 263.563 	 146.9 	 152.739 	 87.6925 	 0 	 0 	 152.47 	 17.7953 	 0.116508 	 0 	 0 	 NaN 	 NaN 	 0 	 0 	 0 	 NaN 	 NaN 	 NaN 	 NaN 	 0 	 0 	 NaN 	 NaN 	 63.8157 	 -4.01022 	 15.6337 	 0.142475 	 109.729 	 45 	 45 	 146.778 	 47.5225 	 1 	 0 	 0 	 NaN 	 NaN 	 NaN 	 NaN 	 45 	 45 	 45 	 0 	  DCIS 
39 	 750.411 	 968.235 	 769.166 	 428.239 	 5106 	 105.909 	 62.6492 	 0.806277 	 0.955822 	 301.605 	 1634.03 	 381.922 	 0.23373 	 940.698 	 1395.44 	 6310 	 0.964684 	 316.877 	 142.874 	 145.567 	 80.5212 	 0 	 0 	 0 	 21.2121 	 0.145721 	 0 	 0 	 NaN 	 NaN 	 0 	 0 	 0 	 NaN 	 NaN 	 NaN 	 NaN 	 0 	 0 	 NaN 	 NaN 	 58.6618 	 -1.0162 	 15.3573 	 0.146853 	 104.575 	 45 	 45 	 172.289 	 73.0336 	 1 	 0 	 0 	 NaN 	 NaN 	 NaN 	 NaN 	 45 	 45 	 45 	 0 	  DCIS 
40 	 759.313 	 24.6452 	 981.768 	 524.432 	 4188 	 98.1787 	 55.4216 	 0.825435 	 0.983329 	 263.137 	 1890.01 	 676.365 	 0.357863 	 1366.07 	 1651.43 	 4869 	 0.967992 	 291.823 	 220.55 	 207.66 	 142.614 	 0 	 0 	 0 	 70.6485 	 0.340212 	 5 	 5 	 756.6 	 352.933 	 1 	 0 	 0 	 NaN 	 NaN 	 NaN 	 NaN 	 5 	 5 	 5 	 0 	 83.5305 	 17.3307 	 22.7662 	 0.175877 	 129.444 	 0 	 0 	 NaN 	 NaN 	 0 	 0 	 0 	 NaN 	 NaN 	 NaN 	 NaN 	 0 	 0 	 NaN 	 NaN 	  DCIS 
41 	 749.457 	 282.479 	 821.736 	 360.494 	 2094 	 92.9372 	 30.073 	 0.946199 	 0.93108 	 224.007 	 1317.17 	 298.953 	 0.226967 	 769.284 	 1078.58 	 4181 	 0.842604 	 329.362 	 184.973 	 197.507 	 132.461 	 0.0611511 	 193.529 	 197.61 	 68.4152 	 0.346393 	 0 	 0 	 NaN 	 NaN 	 0 	 0 	 0 	 NaN 	 NaN 	 NaN 	 NaN 	 0 	 0 	 NaN 	 NaN 	 59.2378 	 -3.30472 	 13.1056 	 0.124635 	 105.151 	 0 	 0 	 NaN 	 NaN 	 0 	 0 	 0 	 NaN 	 NaN 	 NaN 	 NaN 	 0 	 0 	 NaN 	 NaN 	  DCIS 
42 	 767.658 	 690.703 	 734.011 	 231.625 	 3731 	 81.0282 	 60.8655 	 0.660114 	 0.945994 	 271.078 	 1340.07 	 293.445 	 0.218977 	 839.334 	 1101.48 	 4781 	 0.970367 	 268.794 	 146.811 	 149.979 	 84.9326 	 0 	 0 	 0 	 17.2735 	 0.115173 	 0 	 0 	 NaN 	 NaN 	 0 	 0 	 0 	 NaN 	 NaN 	 NaN 	 NaN 	 0 	 0 	 NaN 	 NaN 	 58.0532 	 -3.7352 	 10.9004 	 0.104846 	 103.967 	 45 	 45 	 156.6 	 57.3447 	 1 	 0 	 0 	 NaN 	 NaN 	 NaN 	 NaN 	 45 	 45 	 45 	 0 	  DCIS 
43 	 778.452 	 591.794 	 750.041 	 207.781 	 3097 	 101.092 	 41.4173 	 0.91222 	 0.94048 	 256.309 	 1552.88 	 429.137 	 0.27635 	 1051.27 	 1314.29 	 4647 	 0.953426 	 290.35 	 151.927 	 151.371 	 86.3245 	 0 	 0 	 0 	 50.6523 	 0.334625 	 32 	 343 	 648.969 	 245.302 	 2 	 467.635 	 0.150996 	 65.4093 	 65.4093 	 65.4093 	 0 	 18 	 14 	 16 	 2.82843 	 46.9233 	 -8.11954 	 13.9409 	 0.150165 	 92.8369 	 45 	 45 	 160.022 	 60.7669 	 1 	 0 	 0 	 NaN 	 NaN 	 NaN 	 NaN 	 45 	 45 	 45 	 0 	  DCIS 
44 	 789.06 	 871.262 	 777.098 	 326.4 	 3366 	 74.0626 	 58.7518 	 0.608868 	 0.960891 	 226.108 	 1760.48 	 474.822 	 0.269711 	 1151.63 	 1521.9 	 4215 	 0.953836 	 252.208 	 130.087 	 140.806 	 75.7604 	 0.211982 	 158.87 	 138.211 	 21.1756 	 0.150388 	 0 	 0 	 NaN 	 NaN 	 0 	 0 	 0 	 NaN 	 NaN 	 NaN 	 NaN 	 0 	 0 	 NaN 	 NaN 	 51.3 	 -4.01874 	 15.1814 	 0.156165 	 97.2136 	 45 	 45 	 117.022 	 17.7669 	 1 	 0 	 0 	 NaN 	 NaN 	 NaN 	 NaN 	 45 	 45 	 45 	 0 	  DCIS 
45 	 827.088 	 831.974 	 806.148 	 272.485 	 1448 	 44.0594 	 42.3723 	 0.274081 	 0.973118 	 142.569 	 1742.92 	 385.448 	 0.221151 	 967.242 	 1504.33 	 2086 	 0.965741 	 171.882 	 144.004 	 143.289 	 78.2435 	 0.203947 	 166.065 	 142.132 	 47.7815 	 0.333461 	 0 	 0 	 NaN 	 NaN 	 0 	 0 	 0 	 NaN 	 NaN 	 NaN 	 NaN 	 0 	 0 	 NaN 	 NaN 	 53.0657 	 -5.57627 	 19.8491 	 0.200538 	 98.9793 	 0 	 0 	 NaN 	 NaN 	 0 	 0 	 0 	 NaN 	 NaN 	 NaN 	 NaN 	 0 	 0 	 NaN 	 NaN 	  DCIS 
46 	 836.926 	 921.992 	 836.68 	 345.323 	 2216 	 58.8809 	 49.3058 	 0.546619 	 0.923718 	 195.238 	 2214.56 	 406.757 	 0.183674 	 1165.49 	 1975.97 	 2797 	 0.942703 	 214.208 	 135.769 	 140.318 	 75.2724 	 0.357542 	 135.625 	 141.51 	 13.7365 	 0.0978949 	 45 	 45 	 522.133 	 118.467 	 1 	 0 	 0 	 NaN 	 NaN 	 NaN 	 NaN 	 45 	 45 	 45 	 0 	 59.4682 	 -3.31752 	 11.8338 	 0.112294 	 105.382 	 45 	 45 	 156.333 	 57.078 	 1 	 0 	 0 	 NaN 	 NaN 	 NaN 	 NaN 	 45 	 45 	 45 	 0 	  DCIS 
47 	 854.229 	 754.383 	 822.733 	 194.672 	 3801 	 75.3963 	 66.4317 	 0.472929 	 0.945287 	 246.836 	 1912.07 	 613.078 	 0.320636 	 1380.59 	 1673.48 	 4691 	 0.96622 	 266.936 	 126.956 	 145.325 	 80.2786 	 0.153509 	 159.029 	 142.879 	 39.7751 	 0.273699 	 0 	 0 	 NaN 	 NaN 	 0 	 0 	 0 	 NaN 	 NaN 	 NaN 	 NaN 	 0 	 0 	 NaN 	 NaN 	 47.0927 	 -6.5631 	 13.0951 	 0.140798 	 93.0063 	 90 	 358 	 123.1 	 23.8447 	 2 	 694.353 	 0.182676 	 38.9102 	 38.9102 	 38.9102 	 0 	 45 	 45 	 45 	 0 	  DCIS 
48 	 873.622 	 953.431 	 881.111 	 360.514 	 3521 	 98.2042 	 46.6893 	 0.879753 	 0.944728 	 254.492 	 1362.18 	 250.126 	 0.183622 	 722.652 	 1123.59 	 4472 	 0.9611 	 271.907 	 141.188 	 152.846 	 87.8005 	 0.20614 	 133.106 	 154.594 	 17.6914 	 0.115746 	 0 	 0 	 NaN 	 NaN 	 0 	 0 	 0 	 NaN 	 NaN 	 NaN 	 NaN 	 0 	 0 	 NaN 	 NaN 	 70.4244 	 -9.97118 	 13.2088 	 0.113538 	 116.338 	 90 	 210 	 135.856 	 36.6002 	 2 	 642.524 	 0.182483 	 20.6155 	 20.6155 	 20.6155 	 0 	 45 	 45 	 45 	 0 	  DCIS 
49 	 894.71 	 865.168 	 879.207 	 270.416 	 2843 	 85.8444 	 43.3777 	 0.86294 	 0.967995 	 223.723 	 1579.57 	 294.216 	 0.186263 	 751.268 	 1340.98 	 3820 	 0.972258 	 246.794 	 133.698 	 143.363 	 78.3172 	 0 	 0 	 144.042 	 15.5169 	 0.108235 	 71 	 237 	 444.803 	 41.1362 	 2 	 461.732 	 0.16241 	 28.3704 	 28.3704 	 28.3704 	 0 	 45 	 26 	 35.5 	 13.435 	 49.3052 	 -9.9821 	 10.3252 	 0.108436 	 95.2188 	 135 	 199 	 127.496 	 28.241 	 3 	 773.482 	 0.272066 	 18.2483 	 8.544 	 12.2641 	 4.68084 	 45 	 45 	 45 	 0 	  DCIS 
50 	 914.767 	 774.356 	 885.285 	 178.314 	 2841 	 67.6669 	 54.027 	 0.602092 	 0.964031 	 209.338 	 1653.99 	 457.547 	 0.276632 	 1085.28 	 1415.41 	 3570 	 0.922958 	 241.966 	 154.957 	 144.889 	 79.8434 	 0.379808 	 149.519 	 143.852 	 21.3531 	 0.147375 	 0 	 0 	 NaN 	 NaN 	 0 	 0 	 0 	 NaN 	 NaN 	 NaN 	 NaN 	 0 	 0 	 NaN 	 NaN 	 50.7583 	 -0.486327 	 9.7188 	 0.100534 	 96.6719 	 0 	 0 	 NaN 	 NaN 	 0 	 0 	 0 	 NaN 	 NaN 	 NaN 	 NaN 	 0 	 0 	 NaN 	 NaN 	  DCIS 
51 	 943.522 	 373.491 	 962.651 	 145.774 	 3827 	 108.062 	 45.5256 	 0.906925 	 0.957468 	 277.865 	 1569.47 	 457.868 	 0.291734 	 1063.71 	 1330.88 	 5017 	 0.946068 	 319.179 	 157.405 	 160.964 	 95.9182 	 0 	 0 	 0 	 32.4448 	 0.201566 	 0 	 0 	 NaN 	 NaN 	 0 	 0 	 0 	 NaN 	 NaN 	 NaN 	 NaN 	 0 	 0 	 NaN 	 NaN 	 62.2596 	 -0.486024 	 14.1131 	 0.130467 	 108.173 	 0 	 0 	 NaN 	 NaN 	 0 	 0 	 0 	 NaN 	 NaN 	 NaN 	 NaN 	 0 	 0 	 NaN 	 NaN 	  DCIS 
52 	 934 	 1003.34 	 953.864 	 396.295 	 4107 	 76.7812 	 68.7004 	 0.446556 	 0.971381 	 248.208 	 2316.25 	 603.836 	 0.260695 	 1427.42 	 2077.67 	 4818 	 0.961293 	 269.38 	 131.836 	 133.732 	 68.6859 	 0.195745 	 131.391 	 135.389 	 29.3798 	 0.219692 	 35 	 37 	 502.8 	 99.1333 	 1 	 0 	 0 	 NaN 	 NaN 	 NaN 	 NaN 	 35 	 35 	 35 	 0 	 49.5283 	 -9.76843 	 12.0292 	 0.126037 	 95.4419 	 180 	 551 	 152.417 	 53.1613 	 4 	 624.1 	 0.15196 	 35 	 15 	 21.5427 	 7.93697 	 45 	 45 	 45 	 0 	  DCIS 
53 	 985.072 	 609.8 	 182.483 	 79.6994 	 12435 	 167.979 	 94.7453 	 0.825755 	 0.973462 	 478.416 	 1085.39 	 297.933 	 0.274495 	 690.443 	 846.799 	 14744 	 0.862424 	 614.139 	 144.09 	 178.824 	 113.778 	 0.348337 	 202.427 	 174.256 	 38.4157 	 0.214824 	 60 	 424 	 411.967 	 8.3 	 3 	 2939.92 	 0.236423 	 45.2314 	 9.92904 	 31.1134 	 16.7096 	 26 	 12 	 20 	 7.2111 	 60.6985 	 -3.18319 	 14.2552 	 0.133711 	 106.612 	 1610 	 2983 	 273.315 	 174.06 	 6 	 6295.86 	 0.506302 	 82.7341 	 10.3078 	 39.2987 	 20.5011 	 724 	 52 	 268.333 	 313.947 	  Tumour 
54 	 959.352 	 876.003 	 944.111 	 267.268 	 1989 	 62.5125 	 42.5948 	 0.731929 	 0.917859 	 184.024 	 1558.15 	 382.45 	 0.245452 	 1015.83 	 1319.56 	 2557 	 0.922772 	 208.409 	 133.79 	 135.676 	 70.63 	 0.318436 	 135.368 	 134.943 	 11.85 	 0.0873404 	 0 	 0 	 NaN 	 NaN 	 0 	 0 	 0 	 NaN 	 NaN 	 NaN 	 NaN 	 0 	 0 	 NaN 	 NaN 	 59.0587 	 4.74326 	 18.1868 	 0.173253 	 104.972 	 0 	 0 	 NaN 	 NaN 	 0 	 0 	 0 	 NaN 	 NaN 	 NaN 	 NaN 	 0 	 0 	 NaN 	 NaN 	  DCIS 
55 	 975.259 	 92.2695 	 1113.33 	 368.201 	 5236 	 91.2461 	 73.6986 	 0.589606 	 0.96963 	 282.593 	 1560.93 	 320.511 	 0.205333 	 911.697 	 1322.34 	 7272 	 0.912307 	 365.304 	 282.622 	 319.178 	 254.132 	 0 	 0 	 0 	 53.995 	 0.169169 	 90 	 350 	 980.1 	 576.433 	 2 	 1143.35 	 0.218363 	 39.8121 	 39.8121 	 39.8121 	 0 	 45 	 45 	 45 	 0 	 96.8007 	 -18.2912 	 15.2963 	 0.107181 	 142.714 	 179 	 382 	 178.291 	 79.0352 	 3 	 783.067 	 0.149554 	 24.7588 	 11.0454 	 17.7561 	 6.13702 	 89 	 45 	 59.6667 	 25.4034 	  DCIS 
56 	 973.014 	 919.001 	 967.236 	 309.233 	 2951 	 81.599 	 46.9707 	 0.817711 	 0.939211 	 229.38 	 1969 	 489.775 	 0.248743 	 1306.17 	 1730.42 	 3651 	 0.914808 	 254.593 	 135.789 	 135.85 	 70.8045 	 0.658879 	 145.426 	 130.66 	 22.6655 	 0.166841 	 0 	 0 	 NaN 	 NaN 	 0 	 0 	 0 	 NaN 	 NaN 	 NaN 	 NaN 	 0 	 0 	 NaN 	 NaN 	 59.6459 	 8.28052 	 12.8652 	 0.121876 	 105.559 	 0 	 0 	 NaN 	 NaN 	 0 	 0 	 0 	 NaN 	 NaN 	 NaN 	 NaN 	 0 	 0 	 NaN 	 NaN 	  DCIS 
57 	 968.289 	 768.649 	 937.593 	 159.906 	 2108 	 56.2128 	 48.2077 	 0.514329 	 0.967416 	 177.64 	 1774.84 	 613.363 	 0.345588 	 1267.51 	 1536.25 	 2773 	 0.975035 	 197.882 	 143.104 	 143.534 	 78.4877 	 0.252809 	 138.933 	 145.392 	 28.2125 	 0.196557 	 64 	 126 	 512.781 	 109.115 	 2 	 619.346 	 0.293807 	 12.9369 	 12.9369 	 12.9369 	 0 	 45 	 19 	 32 	 18.3848 	 57.8293 	 6.1275 	 10.8731 	 0.104809 	 103.743 	 45 	 45 	 152.733 	 53.478 	 1 	 0 	 0 	 NaN 	 NaN 	 NaN 	 NaN 	 45 	 45 	 45 	 0 	  DCIS 
58 	 996.738 	 963.826 	 1002.05 	 354.203 	 3799 	 82.9845 	 60.9908 	 0.678104 	 0.908852 	 264.25 	 2606.69 	 701.629 	 0.269164 	 1894.37 	 2368.1 	 4522 	 0.905124 	 283.605 	 140.1 	 141.177 	 76.1315 	 0.675325 	 147.462 	 138.124 	 25.15 	 0.178144 	 0 	 0 	 NaN 	 NaN 	 0 	 0 	 0 	 NaN 	 NaN 	 NaN 	 NaN 	 0 	 0 	 NaN 	 NaN 	 52.3781 	 -5.26633 	 13.6966 	 0.139347 	 98.2917 	 135 	 663 	 154 	 54.7447 	 3 	 214.202 	 0.0563839 	 53.0094 	 23.0868 	 35.9956 	 13.7544 	 45 	 45 	 45 	 0 	  DCIS 
59 	 1009.33 	 685.648 	 975.001 	 79.6994 	 3674 	 80.0263 	 60.3165 	 0.657208 	 0.960272 	 247.38 	 1697.64 	 471.178 	 0.277548 	 1120.93 	 1459.06 	 4820 	 0.898416 	 309.22 	 169.088 	 175.698 	 110.652 	 0.538168 	 172.681 	 175.247 	 31.7195 	 0.180534 	 119 	 389 	 612.244 	 208.577 	 2 	 799.769 	 0.217683 	 29.8044 	 29.8044 	 29.8044 	 0 	 74 	 45 	 59.5 	 20.5061 	 70.0589 	 -9.83305 	 19.02 	 0.164004 	 115.973 	 45 	 45 	 153.178 	 53.9225 	 1 	 0 	 0 	 NaN 	 NaN 	 NaN 	 NaN 	 45 	 45 	 45 	 0 	  DCIS 
60 	 1044.44 	 338.679 	 1068.27 	 111.83 	 2758 	 66.9078 	 53.291 	 0.60466 	 0.938095 	 229.522 	 1167.44 	 224.544 	 0.192338 	 671.309 	 928.857 	 4184 	 0.85475 	 300.936 	 134.533 	 151.721 	 86.6754 	 0.167939 	 236.386 	 143.604 	 52.0424 	 0.343013 	 0 	 0 	 NaN 	 NaN 	 0 	 0 	 0 	 NaN 	 NaN 	 NaN 	 NaN 	 0 	 0 	 NaN 	 NaN 	 34.0868 	 -3.17536 	 12.765 	 0.159562 	 80.0004 	 45 	 45 	 164.333 	 65.078 	 1 	 0 	 0 	 NaN 	 NaN 	 NaN 	 NaN 	 45 	 45 	 45 	 0 	  DCIS 
61 	 1069.15 	 447.715 	 182.483 	 111.83 	 10668 	 152.317 	 89.9822 	 0.80685 	 0.954887 	 443.103 	 1095 	 239.232 	 0.218476 	 563.372 	 856.414 	 13180 	 0.936479 	 497.588 	 148.367 	 176.033 	 110.987 	 0.11215 	 217.396 	 172.662 	 32.1778 	 0.182794 	 45 	 45 	 458.467 	 54.8 	 1 	 0 	 0 	 NaN 	 NaN 	 NaN 	 NaN 	 45 	 45 	 45 	 0 	 70.3785 	 -14.5963 	 18.4527 	 0.158676 	 116.292 	 1049 	 3092 	 197.421 	 98.166 	 6 	 4043.64 	 0.379044 	 92.2231 	 11.8551 	 51.1568 	 28.9276 	 379 	 56 	 174.833 	 119.655 	  Tumour 
62 	 1052.67 	 928.798 	 1047.34 	 326.167 	 2824 	 66.2137 	 55.9134 	 0.535652 	 0.950522 	 216.167 	 1652.14 	 380.651 	 0.230399 	 955.268 	 1413.55 	 3610 	 0.940594 	 242.794 	 161.837 	 161.918 	 96.8723 	 0.413462 	 166.895 	 159.018 	 16.8121 	 0.103831 	 0 	 0 	 NaN 	 NaN 	 0 	 0 	 0 	 NaN 	 NaN 	 NaN 	 NaN 	 0 	 0 	 NaN 	 NaN 	 69.5234 	 -7.47654 	 14.0147 	 0.121405 	 115.437 	 45 	 45 	 150.156 	 50.9002 	 1 	 0 	 0 	 NaN 	 NaN 	 NaN 	 NaN 	 45 	 45 	 45 	 0 	  DCIS 
63 	 1063.48 	 806.407 	 1035.86 	 210.95 	 1238 	 53.3127 	 31.2534 	 0.810146 	 0.928732 	 147.539 	 1048.23 	 165.71 	 0.158086 	 635.245 	 809.641 	 1863 	 0.953917 	 171.539 	 111.786 	 118.627 	 53.5807 	 0.0733333 	 169.091 	 116.318 	 30.1049 	 0.253778 	 0 	 0 	 NaN 	 NaN 	 0 	 0 	 0 	 NaN 	 NaN 	 NaN 	 NaN 	 0 	 0 	 NaN 	 NaN 	 28.0864 	 -7.39669 	 9.29999 	 0.125676 	 74 	 0 	 0 	 NaN 	 NaN 	 0 	 0 	 0 	 NaN 	 NaN 	 NaN 	 NaN 	 0 	 0 	 NaN 	 NaN 	  DCIS 
64 	 1065.77 	 863.728 	 1047.07 	 266.603 	 2545 	 66.0863 	 49.4898 	 0.66272 	 0.965844 	 197.823 	 1303.56 	 252.908 	 0.194013 	 717.615 	 1064.97 	 3403 	 0.958052 	 226.309 	 150.355 	 149.907 	 84.8612 	 0.298969 	 152.19 	 148.533 	 22.1126 	 0.147508 	 0 	 0 	 NaN 	 NaN 	 0 	 0 	 0 	 NaN 	 NaN 	 NaN 	 NaN 	 0 	 0 	 NaN 	 NaN 	 62.5139 	 1.61874 	 14.9336 	 0.137729 	 108.428 	 0 	 0 	 NaN 	 NaN 	 0 	 0 	 0 	 NaN 	 NaN 	 NaN 	 NaN 	 0 	 0 	 NaN 	 NaN 	  DCIS 
65 	 1067.33 	 673.892 	 1033.08 	 104.019 	 2612 	 61.6584 	 54.3052 	 0.473595 	 0.977179 	 197.095 	 1493.94 	 380.681 	 0.254816 	 827.001 	 1255.36 	 3250 	 0.950292 	 222.167 	 176.189 	 177.026 	 111.98 	 0.597938 	 180.56 	 175.853 	 28.2055 	 0.15933 	 0 	 0 	 NaN 	 NaN 	 0 	 0 	 0 	 NaN 	 NaN 	 NaN 	 NaN 	 0 	 0 	 NaN 	 NaN 	 80.782 	 11.0018 	 19.2821 	 0.152192 	 126.696 	 0 	 0 	 NaN 	 NaN 	 0 	 0 	 0 	 NaN 	 NaN 	 NaN 	 NaN 	 0 	 0 	 NaN 	 NaN 	  DCIS 
66 	 1066.34 	 629.71 	 1033.57 	 83.4326 	 902 	 37.0901 	 33.5563 	 0.425998 	 0.886922 	 132.225 	 1447.98 	 349.369 	 0.24128 	 630.47 	 1209.4 	 1189 	 0.91251 	 147.054 	 199.984 	 199.992 	 134.946 	 1.03125 	 196.295 	 199.033 	 22.989 	 0.11495 	 0 	 0 	 NaN 	 NaN 	 0 	 0 	 0 	 NaN 	 NaN 	 NaN 	 NaN 	 0 	 0 	 NaN 	 NaN 	 76.6319 	 -2.8059 	 15.9877 	 0.130463 	 122.545 	 0 	 0 	 NaN 	 NaN 	 0 	 0 	 0 	 NaN 	 NaN 	 NaN 	 NaN 	 0 	 0 	 NaN 	 NaN 	  DCIS 
67 	 1104.33 	 595.019 	 1073.95 	 119.942 	 3943 	 96.3345 	 53.8549 	 0.82914 	 0.911887 	 277.563 	 1989.16 	 614.844 	 0.309097 	 1334.37 	 1750.57 	 4834 	 0.880189 	 308.877 	 180.742 	 183.862 	 118.816 	 0.515385 	 191.403 	 182.479 	 20.0508 	 0.109054 	 0 	 0 	 NaN 	 NaN 	 0 	 0 	 0 	 NaN 	 NaN 	 NaN 	 NaN 	 0 	 0 	 NaN 	 NaN 	 69.4463 	 -15.4545 	 15.9893 	 0.138603 	 115.36 	 90 	 106 	 149.1 	 49.8447 	 1 	 0 	 0 	 NaN 	 NaN 	 NaN 	 NaN 	 90 	 90 	 90 	 0 	  DCIS 
68 	 1106.12 	 737.078 	 1073.17 	 175.414 	 2969 	 68.5023 	 56.0708 	 0.574472 	 0.951908 	 220.066 	 1670.89 	 545.483 	 0.326462 	 1058.64 	 1432.3 	 3644 	 0.928881 	 241.38 	 143.228 	 144.473 	 79.4274 	 0.26087 	 154.444 	 143.635 	 18.9557 	 0.131205 	 45 	 45 	 525.067 	 121.4 	 1 	 0 	 0 	 NaN 	 NaN 	 NaN 	 NaN 	 45 	 45 	 45 	 0 	 51.658 	 0.468027 	 9.47167 	 0.0970741 	 97.5716 	 0 	 0 	 NaN 	 NaN 	 0 	 0 	 0 	 NaN 	 NaN 	 NaN 	 NaN 	 0 	 0 	 NaN 	 NaN 	  DCIS 
69 	 1132.23 	 315.503 	 1158.98 	 146.263 	 4299 	 79.9017 	 69.0063 	 0.504108 	 0.969991 	 255.38 	 1837.87 	 508.353 	 0.276598 	 1148.24 	 1599.29 	 5568 	 0.949846 	 299.765 	 172.31 	 184.435 	 119.389 	 0.169231 	 234.932 	 180.945 	 29.9262 	 0.162259 	 45 	 45 	 503.578 	 99.9111 	 1 	 0 	 0 	 NaN 	 NaN 	 NaN 	 NaN 	 45 	 45 	 45 	 0 	 66.7052 	 -2.44406 	 13.1392 	 0.11667 	 112.619 	 90 	 205 	 158.478 	 59.2225 	 2 	 985.384 	 0.229212 	 20.6155 	 20.6155 	 20.6155 	 0 	 45 	 45 	 45 	 0 	  DCIS 
70 	 1119.4 	 897.206 	 1105.14 	 316.741 	 3321 	 75.8994 	 56.9082 	 0.661683 	 0.957889 	 232.652 	 1385.19 	 297.531 	 0.214794 	 865.025 	 1146.6 	 4280 	 0.957066 	 256.995 	 145.633 	 142.092 	 77.0461 	 0.0833333 	 148.947 	 141.327 	 25.4355 	 0.179007 	 45 	 45 	 435.044 	 31.3778 	 1 	 0 	 0 	 NaN 	 NaN 	 NaN 	 NaN 	 45 	 45 	 45 	 0 	 55.8058 	 -4.87862 	 14.2656 	 0.140244 	 101.719 	 45 	 45 	 141.911 	 42.6558 	 1 	 0 	 0 	 NaN 	 NaN 	 NaN 	 NaN 	 45 	 45 	 45 	 0 	  DCIS 
71 	 1153.33 	 683.522 	 1119 	 183.576 	 3897 	 86.0104 	 59.0934 	 0.72661 	 0.893807 	 265.037 	 1976.96 	 628.681 	 0.318003 	 1290.28 	 1738.38 	 4642 	 0.8742 	 292.492 	 141.945 	 146.201 	 81.1548 	 0.417671 	 139.808 	 147.732 	 29.9837 	 0.205086 	 90 	 322 	 468.011 	 64.3444 	 2 	 196.831 	 0.0505084 	 35.9026 	 35.9026 	 35.9026 	 0 	 45 	 45 	 45 	 0 	 50.8336 	 0.18648 	 11.9775 	 0.123802 	 96.7472 	 90 	 222 	 152.989 	 53.7336 	 2 	 480.638 	 0.123335 	 21.9545 	 21.9545 	 21.9545 	 0 	 45 	 45 	 45 	 0 	  DCIS 
72 	 1145.68 	 621.258 	 1113.96 	 161.375 	 2809 	 76.9969 	 47.2863 	 0.789203 	 0.950592 	 218.409 	 2271.65 	 567.864 	 0.249979 	 1216.68 	 2033.06 	 3409 	 0.953833 	 237.037 	 161.216 	 170.766 	 105.72 	 0.925373 	 171.269 	 169.247 	 34.0616 	 0.199463 	 45 	 45 	 554.622 	 150.956 	 1 	 0 	 0 	 NaN 	 NaN 	 NaN 	 NaN 	 45 	 45 	 45 	 0 	 62.4645 	 9.09577 	 15.6784 	 0.144664 	 108.378 	 90 	 123 	 169.533 	 70.278 	 2 	 622.332 	 0.221549 	 10.198 	 10.198 	 10.198 	 0 	 45 	 45 	 45 	 0 	  DCIS 
73 	 1153.21 	 829.084 	 1127.97 	 276.016 	 2502 	 62.8484 	 52.2838 	 0.55492 	 0.956788 	 194.995 	 830.789 	 225.78 	 0.271765 	 422.956 	 592.202 	 3379 	 0.962404 	 222.652 	 99.0947 	 112.203 	 47.1571 	 0 	 0 	 111.859 	 29.2063 	 0.260299 	 45 	 45 	 379.578 	 -24.0889 	 1 	 0 	 0 	 NaN 	 NaN 	 NaN 	 NaN 	 45 	 45 	 45 	 0 	 31.6819 	 -8.88209 	 12.1023 	 0.155966 	 77.5955 	 52 	 52 	 152.019 	 52.7639 	 1 	 0 	 0 	 NaN 	 NaN 	 NaN 	 NaN 	 52 	 52 	 52 	 0 	  DCIS 
74 	 1156.43 	 964.865 	 1155.93 	 394.038 	 2222 	 66.2212 	 43.2759 	 0.756923 	 0.971154 	 187.723 	 1409.81 	 331.545 	 0.235169 	 947.563 	 1171.23 	 2941 	 0.960483 	 213.137 	 139.617 	 146.872 	 81.8262 	 0.127778 	 201.348 	 143.908 	 43.5585 	 0.296574 	 0 	 0 	 NaN 	 NaN 	 0 	 0 	 0 	 NaN 	 NaN 	 NaN 	 NaN 	 0 	 0 	 NaN 	 NaN 	 48.8659 	 6.25539 	 14.2413 	 0.150258 	 94.7795 	 45 	 45 	 160.733 	 61.478 	 1 	 0 	 0 	 NaN 	 NaN 	 NaN 	 NaN 	 45 	 45 	 45 	 0 	  DCIS 
75 	 1176.12 	 567.964 	 1148.18 	 160.776 	 2032 	 55.362 	 47.6149 	 0.510187 	 0.923636 	 184.752 	 1401.91 	 283.647 	 0.202329 	 702.587 	 1163.32 	 2451 	 0.8874 	 213.622 	 398.805 	 232.303 	 167.257 	 0.707865 	 234.468 	 234.482 	 41.0043 	 0.176512 	 0 	 0 	 NaN 	 NaN 	 0 	 0 	 0 	 NaN 	 NaN 	 NaN 	 NaN 	 0 	 0 	 NaN 	 NaN 	 171.794 	 81.0957 	 56.4635 	 0.259355 	 217.708 	 0 	 0 	 NaN 	 NaN 	 0 	 0 	 0 	 NaN 	 NaN 	 NaN 	 NaN 	 0 	 0 	 NaN 	 NaN 	  DCIS 
76 	 1198.06 	 916.472 	 1186.31 	 372.834 	 2278 	 88.0237 	 34.8626 	 0.918225 	 0.939769 	 218.652 	 1326.04 	 301.58 	 0.227429 	 825.924 	 1087.45 	 3333 	 0.893087 	 254.593 	 216.398 	 242.037 	 176.991 	 0.107477 	 203.391 	 243.869 	 86.7178 	 0.358283 	 0 	 0 	 NaN 	 NaN 	 0 	 0 	 0 	 NaN 	 NaN 	 NaN 	 NaN 	 0 	 0 	 NaN 	 NaN 	 68.1364 	 -6.52602 	 20.4196 	 0.179041 	 114.05 	 45 	 45 	 133.356 	 34.1002 	 1 	 0 	 0 	 NaN 	 NaN 	 NaN 	 NaN 	 45 	 45 	 45 	 0 	  DCIS 
77 	 1219.96 	 520.512 	 1197.56 	 167.72 	 6766 	 105.572 	 84.3409 	 0.601474 	 0.91051 	 350.576 	 2080.67 	 624.908 	 0.30034 	 1431.98 	 1842.08 	 8266 	 0.899554 	 397.446 	 246.76 	 259.175 	 194.129 	 0.533133 	 262.051 	 258.95 	 118.24 	 0.456218 	 45 	 45 	 674.311 	 270.644 	 1 	 0 	 0 	 NaN 	 NaN 	 NaN 	 NaN 	 45 	 45 	 45 	 0 	 77.4136 	 -14.6023 	 27.564 	 0.223503 	 123.327 	 135 	 736 	 163.77 	 64.5151 	 3 	 1007.35 	 0.148883 	 67.3647 	 34.0588 	 45.2096 	 17.1614 	 45 	 45 	 45 	 0 	  DCIS 
78 	 1213.41 	 774.537 	 1182.28 	 281.441 	 4490 	 83.8042 	 70.125 	 0.547551 	 0.963106 	 262.309 	 2030.05 	 637.204 	 0.313886 	 1410.22 	 1791.46 	 5171 	 0.963301 	 282.551 	 113.997 	 117.944 	 52.8978 	 0.321285 	 148.575 	 111.703 	 30.5984 	 0.259432 	 37 	 216 	 563.189 	 159.523 	 2 	 2687.64 	 0.598584 	 43.8963 	 43.8963 	 43.8963 	 0 	 31 	 6 	 18.5 	 17.6777 	 37.2655 	 0.521879 	 14.9947 	 0.18027 	 83.1791 	 90 	 263 	 122.511 	 23.2558 	 2 	 557.797 	 0.124231 	 30.0666 	 30.0666 	 30.0666 	 0 	 45 	 45 	 45 	 0 	  DCIS 
79 	 1202.06 	 615.195 	 1170.22 	 213.49 	 2275 	 65.0835 	 45.284 	 0.718252 	 0.945553 	 196.894 	 1742.7 	 547.814 	 0.314347 	 1095.09 	 1504.12 	 2985 	 0.923863 	 226.836 	 130.063 	 148.832 	 83.7864 	 0.772973 	 162.965 	 139.664 	 47.3077 	 0.317859 	 45 	 45 	 404.533 	 0.866667 	 1 	 0 	 0 	 NaN 	 NaN 	 NaN 	 NaN 	 45 	 45 	 45 	 0 	 46.9712 	 7.26888 	 12.4853 	 0.134417 	 92.8848 	 45 	 45 	 153.778 	 54.5225 	 1 	 0 	 0 	 NaN 	 NaN 	 NaN 	 NaN 	 45 	 45 	 45 	 0 	  DCIS 
80 	 1235.19 	 641.314 	 1201.88 	 251.915 	 2993 	 91.6055 	 42.8998 	 0.883564 	 0.913614 	 241.622 	 1430.31 	 364.076 	 0.254543 	 857.428 	 1191.73 	 3754 	 0.931745 	 255.765 	 153.209 	 145.583 	 80.5373 	 0.421296 	 141.495 	 146.619 	 24.5251 	 0.168461 	 0 	 0 	 NaN 	 NaN 	 0 	 0 	 0 	 NaN 	 NaN 	 NaN 	 NaN 	 0 	 0 	 NaN 	 NaN 	 57.3387 	 10.0192 	 13.1829 	 0.127677 	 103.252 	 0 	 0 	 NaN 	 NaN 	 0 	 0 	 0 	 NaN 	 NaN 	 NaN 	 NaN 	 0 	 0 	 NaN 	 NaN 	  DCIS 
81 	 1245.32 	 697.909 	 1211.05 	 274.489 	 1632 	 55.0562 	 38.9955 	 0.705927 	 0.946636 	 166.267 	 1123.94 	 171.432 	 0.152527 	 590.824 	 885.356 	 2187 	 0.965989 	 183.338 	 147.828 	 141.91 	 76.8642 	 0.403846 	 139.19 	 142.767 	 15.1519 	 0.106771 	 0 	 0 	 NaN 	 NaN 	 0 	 0 	 0 	 NaN 	 NaN 	 NaN 	 NaN 	 0 	 0 	 NaN 	 NaN 	 54.133 	 3.16567 	 9.45986 	 0.0945546 	 100.047 	 52 	 52 	 125.269 	 26.0139 	 1 	 0 	 0 	 NaN 	 NaN 	 NaN 	 NaN 	 52 	 52 	 52 	 0 	  DCIS 
82 	 1255.56 	 264.432 	 1293.14 	 262.345 	 3504 	 82.5872 	 54.6247 	 0.750017 	 0.966887 	 234.35 	 1674.84 	 423.171 	 0.252664 	 768.914 	 1436.25 	 4315 	 0.956975 	 261.321 	 164.705 	 171.304 	 106.258 	 0.262673 	 146.228 	 174.164 	 26.5196 	 0.15481 	 0 	 0 	 NaN 	 NaN 	 0 	 0 	 0 	 NaN 	 NaN 	 NaN 	 NaN 	 0 	 0 	 NaN 	 NaN 	 67.6592 	 -6.97359 	 15.74 	 0.13859 	 113.573 	 45 	 45 	 137.8 	 38.5447 	 1 	 0 	 0 	 NaN 	 NaN 	 NaN 	 NaN 	 45 	 45 	 45 	 0 	  DCIS 
83 	 1284.69 	 458.611 	 1271.61 	 216.28 	 7197 	 105.055 	 89.2267 	 0.527851 	 0.955523 	 348.676 	 1972.07 	 482.782 	 0.24481 	 1328.99 	 1733.48 	 8686 	 0.921494 	 393.505 	 256.539 	 292.568 	 227.522 	 0.399408 	 304.133 	 288.969 	 87.2061 	 0.298071 	 7 	 7 	 798.857 	 395.19 	 1 	 0 	 0 	 NaN 	 NaN 	 NaN 	 NaN 	 7 	 7 	 7 	 0 	 79.5573 	 -23.1828 	 22.2294 	 0.177168 	 125.471 	 90 	 219 	 177.911 	 78.6558 	 2 	 465.825 	 0.0647248 	 21.6333 	 21.6333 	 21.6333 	 0 	 45 	 45 	 45 	 0 	  DCIS 
84 	 1263.85 	 779.74 	 1233.51 	 326.712 	 2886 	 91.2379 	 45.155 	 0.868941 	 0.834828 	 246.693 	 2045.05 	 668.747 	 0.327008 	 1437.27 	 1806.46 	 3777 	 0.885165 	 259.966 	 140.067 	 138.159 	 73.1133 	 0.353982 	 148.075 	 135.202 	 25.7003 	 0.18602 	 34 	 36 	 694.735 	 291.069 	 1 	 0 	 0 	 NaN 	 NaN 	 NaN 	 NaN 	 34 	 34 	 34 	 0 	 49.1664 	 3.10807 	 9.16633 	 0.0964065 	 95.08 	 90 	 195 	 156.078 	 56.8225 	 2 	 505.099 	 0.175017 	 19.105 	 19.105 	 19.105 	 0 	 45 	 45 	 45 	 0 	  DCIS 
85 	 1281.57 	 108.424 	 1375.77 	 401.209 	 3379 	 77.0078 	 56.7954 	 0.675317 	 0.964602 	 232.309 	 1473.7 	 366.26 	 0.248531 	 999.267 	 1235.11 	 4757 	 0.911827 	 290.593 	 243.21 	 261.672 	 196.626 	 0 	 0 	 0 	 123.935 	 0.473628 	 0 	 0 	 NaN 	 NaN 	 0 	 0 	 0 	 NaN 	 NaN 	 NaN 	 NaN 	 0 	 0 	 NaN 	 NaN 	 82.1222 	 -6.5314 	 37.8264 	 0.295436 	 128.036 	 4 	 4 	 107 	 7.74468 	 1 	 0 	 0 	 NaN 	 NaN 	 NaN 	 NaN 	 4 	 4 	 4 	 0 	  DCIS 
86 	 1302.73 	 532.117 	 1278.43 	 248.62 	 3827 	 78.3352 	 63.317 	 0.588794 	 0.953176 	 250.409 	 1822.82 	 454.376 	 0.249271 	 1179.4 	 1584.23 	 4722 	 0.958976 	 265.823 	 201.441 	 221.547 	 156.501 	 0.40678 	 272.302 	 207.955 	 79.011 	 0.356634 	 0 	 0 	 NaN 	 NaN 	 0 	 0 	 0 	 NaN 	 NaN 	 NaN 	 NaN 	 0 	 0 	 NaN 	 NaN 	 85.6349 	 10.4205 	 23.8536 	 0.18133 	 131.548 	 90 	 299 	 152.567 	 53.3113 	 2 	 367.457 	 0.0960169 	 31.9531 	 31.9531 	 31.9531 	 0 	 45 	 45 	 45 	 0 	  DCIS 
87 	 1313.46 	 705.701 	 1279.14 	 341.76 	 5755 	 107.459 	 70.452 	 0.755093 	 0.965766 	 312.291 	 1709.5 	 512.826 	 0.299986 	 1197.67 	 1470.91 	 6857 	 0.946054 	 335.12 	 157.43 	 154.456 	 89.4101 	 0.25614 	 154.301 	 155.244 	 20.7066 	 0.134061 	 112 	 155 	 503.911 	 100.244 	 2 	 657.871 	 0.114313 	 12.0681 	 12.0681 	 12.0681 	 0 	 67 	 45 	 56 	 15.5563 	 62.2779 	 1.47764 	 11.0815 	 0.102425 	 108.191 	 90 	 231 	 166.422 	 67.1669 	 2 	 462.669 	 0.0803942 	 23.4307 	 23.4307 	 23.4307 	 0 	 45 	 45 	 45 	 0 	  DCIS 
88 	 1310.96 	 228.623 	 1356.65 	 326.382 	 4310 	 93.4265 	 63.1427 	 0.737036 	 0.902807 	 284.291 	 1661.38 	 430.477 	 0.259108 	 1119.63 	 1422.79 	 5384 	 0.903356 	 308.049 	 142.941 	 142.896 	 77.8501 	 0.219231 	 144.684 	 142.544 	 16.4976 	 0.115452 	 0 	 0 	 NaN 	 NaN 	 0 	 0 	 0 	 NaN 	 NaN 	 NaN 	 NaN 	 0 	 0 	 NaN 	 NaN 	 65.1101 	 6.92485 	 11.7921 	 0.106212 	 111.024 	 90 	 119 	 160.467 	 61.2113 	 2 	 476.944 	 0.11066 	 10.0499 	 10.0499 	 10.0499 	 0 	 45 	 45 	 45 	 0 	  DCIS 
89 	 1328.25 	 898.327 	 1311.09 	 447.876 	 1289 	 91.2329 	 20.9253 	 0.973341 	 0.844139 	 201.622 	 1079.04 	 221.389 	 0.205172 	 689.12 	 840.454 	 2440 	 0.927404 	 231.279 	 139.981 	 150.546 	 85.5004 	 0 	 0 	 0 	 46.8938 	 0.311491 	 0 	 0 	 NaN 	 NaN 	 0 	 0 	 0 	 NaN 	 NaN 	 NaN 	 NaN 	 0 	 0 	 NaN 	 NaN 	 15.5883 	 -2.91238 	 5.91951 	 0.0962491 	 61.5019 	 0 	 0 	 NaN 	 NaN 	 0 	 0 	 0 	 NaN 	 NaN 	 NaN 	 NaN 	 0 	 0 	 NaN 	 NaN 	  DCIS 
90 	 1353.86 	 641.236 	 1320.8 	 344.201 	 4636 	 87.4214 	 67.748 	 0.632012 	 0.981787 	 264.007 	 2391.2 	 870.35 	 0.36398 	 1775.92 	 2152.62 	 5631 	 0.98101 	 285.765 	 136.014 	 138.768 	 73.7223 	 0.166667 	 158.756 	 133.601 	 28.8287 	 0.207747 	 68 	 70 	 441.529 	 37.8627 	 1 	 0 	 0 	 NaN 	 NaN 	 NaN 	 NaN 	 68 	 68 	 68 	 0 	 56.1617 	 13.4427 	 12.1216 	 0.118752 	 102.075 	 90 	 114 	 157.633 	 58.378 	 1 	 0 	 0 	 NaN 	 NaN 	 NaN 	 NaN 	 90 	 90 	 90 	 0 	  DCIS 
