rownames 	XLoc 	YLoc 	NNDistSame 	NNDistOpp 	dapi_Area 	dapi_MajorAxisLength 	dapi_MinorAxisLength 	dapi_Eccentricity 	dapi_Solidity 	dapi_Perimeter 	dapi_MeanIntensity 	dapi_PixelSD 	dapi_PixelCV 	dapi_NucAdjustedInt 	dapi_BackAdjustedInt 	nucl_BackgroundAdjust 	nucl_NucAdjustedInt 	nucl_PixelSD 	nucl_PixelCV 	nucl_MeanIntensity 	memb_Area 	memb_Solidity 	memb_Perimeter 	memb_MeanIntensity 	memb_MembraneIntensity 	memb_temp 	memb_pcTouch 	memb_OverLapIntensity 	memb_nonLapIntensity 	memb_PixelSD 	memb_PixelCV 	Her2_Area 	Her2_ConvexArea 	Her2_MeanIntensity 	Her2_BackAdjustedInt 	Her2_CN 	Her2_AreaSD 	Her2_CoeffVar 	Her2_MaxSpotDist 	Her2_MinSpotDist 	Her2_MeanSpotDist 	Her2_SDSpotDist 	Her2_SpotAreaMax 	Her2_SpotAreaMin 	Her2_SpotAreaMean 	Her2_SpotAreaSD 	cent_Area 	cent_ConvexArea 	cent_MeanIntensity 	cent_BackAdjustedInt 	cent_CN 	cent_AreaSD 	cent_CoeffVar 	cent_MaxSpotDist 	cent_MinSpotDist 	cent_MeanSpotDist 	cent_SDSpotDist 	cent_SpotAreaMax 	cent_SpotAreaMin 	cent_SpotAreaMean 	cent_SpotAreaSD 	CellLabels 	
1 	 73.4513 	 606.726 	 101.71 	 276.116 	 15476 	 186.771 	 114.463 	 0.790199 	 0.886572 	 555.085 	 1677.55 	 651.686 	 0.388474 	 664.649 	 1629.08 	 592.609 	 -27.5269 	 213.393 	 0.322495 	 661.693 	 19289 	 0.859466 	 663.553 	 436.483 	 472.496 	 408.222 	 0.5625 	 715.086 	 384.998 	 274.726 	 0.581435 	 1950 	 9774 	 150.13 	 87.7358 	 15 	 2870.68 	 0.185492 	 146.625 	 15.4167 	 61.6337 	 32.5855 	 358 	 38 	 130 	 94.8879 	 262 	 879 	 188.901 	 102.29 	 3 	 3421.56 	 0.221088 	 34.8398 	 21.4945 	 28.724 	 6.03025 	 102 	 69 	 87.3333 	 16.8028 	  Tumour 
2 	 71.2219 	 473.101 	 91.3947 	 142.127 	 8559 	 129.6 	 85.132 	 0.753991 	 0.974718 	 385.321 	 2064.54 	 619.548 	 0.30009 	 1142.87 	 2016.07 	 518.396 	 -54.6292 	 86.2748 	 0.146855 	 587.481 	 10894 	 0.896109 	 459.304 	 619.375 	 741.241 	 676.967 	 0.487437 	 811.711 	 709.993 	 332.781 	 0.448951 	 1155 	 4130 	 146.747 	 84.3527 	 7 	 1437.57 	 0.16796 	 81.8627 	 16.9616 	 45.1915 	 17.1371 	 374 	 45 	 165 	 112.913 	 296 	 1706 	 173.047 	 86.4362 	 4 	 2460.46 	 0.287471 	 95.5114 	 17.463 	 51.8281 	 29.7801 	 101 	 55 	 74 	 20.9921 	  Tumour 
3 	 65.4653 	 330.808 	 494.144 	 64.6607 	 750 	 32.2142 	 29.9194 	 0.370675 	 0.988142 	 99.9411 	 807.604 	 264.334 	 0.327306 	 -441.128 	 759.131 	 75.2433 	 -594.396 	 22.927 	 0.158854 	 144.328 	 1916 	 0.9667 	 165.74 	 138.74 	 140.6 	 76.3261 	 0.0333333 	 304.4 	 138.641 	 71.5329 	 0.508769 	 0 	 0 	 NaN 	 NaN 	 0 	 0 	 0 	 NaN 	 NaN 	 NaN 	 NaN 	 0 	 0 	 NaN 	 NaN 	 0 	 0 	 NaN 	 NaN 	 0 	 0 	 0 	 NaN 	 NaN 	 NaN 	 NaN 	 0 	 0 	 NaN 	 NaN 	  Lymph 
4 	 98.9398 	 385.933 	 222.524 	 64.6607 	 2510 	 67.0516 	 48.052 	 0.697441 	 0.978558 	 193.095 	 3382.58 	 835.719 	 0.247066 	 2064.84 	 3334.1 	 419.519 	 -160.694 	 93.4766 	 0.191314 	 488.603 	 4280 	 0.921619 	 268.049 	 763.148 	 712.855 	 648.581 	 0.331818 	 905.096 	 681.117 	 332.761 	 0.466801 	 126 	 310 	 141.897 	 79.5023 	 2 	 326.935 	 0.130253 	 29.1836 	 29.1836 	 29.1836 	 0 	 75 	 51 	 63 	 16.9706 	 0 	 0 	 NaN 	 NaN 	 0 	 0 	 0 	 NaN 	 NaN 	 NaN 	 NaN 	 0 	 0 	 NaN 	 NaN 	  Tumour 
5 	 124.408 	 694.825 	 101.71 	 325.22 	 8316 	 115.616 	 95.7899 	 0.559964 	 0.94275 	 373.304 	 1839.11 	 539.089 	 0.293124 	 1111.52 	 1790.64 	 766.831 	 107.638 	 120.577 	 0.144246 	 835.916 	 7958 	 0.842741 	 427.831 	 639.619 	 716.39 	 652.116 	 0.971751 	 740.113 	 695.206 	 286.456 	 0.399861 	 1122 	 4734 	 128.129 	 65.7347 	 10 	 3090.21 	 0.371599 	 78.3919 	 9.79389 	 43.2254 	 18.5182 	 348 	 24 	 112.2 	 97.2714 	 184 	 934 	 182.033 	 95.4215 	 3 	 1337.66 	 0.160853 	 71.9208 	 35.2139 	 48.0317 	 18.5209 	 71 	 44 	 61.3333 	 15.0444 	  Tumour 
6 	 180.978 	 778.522 	 203.096 	 231.078 	 10811 	 135.605 	 106.401 	 0.619956 	 0.954108 	 427.245 	 1674.48 	 653.086 	 0.390023 	 852.22 	 1626.01 	 685.256 	 64.6567 	 110.533 	 0.14653 	 754.34 	 13882 	 0.9589 	 468.541 	 742.778 	 701.989 	 637.715 	 0.421751 	 586.013 	 735.219 	 341.402 	 0.486336 	 1157 	 6230 	 135.201 	 72.806 	 8 	 2515.37 	 0.232668 	 104.012 	 11.4406 	 56.8175 	 24.7084 	 382 	 7 	 144.625 	 136.196 	 505 	 2917 	 187.214 	 100.603 	 5 	 1584.73 	 0.146585 	 84.0786 	 25.4515 	 45.8846 	 16.9824 	 117 	 64 	 101 	 21.095 	  Tumour 
7 	 220.473 	 568.81 	 151.832 	 284.023 	 22434 	 209.875 	 144.578 	 0.724876 	 0.919087 	 642.926 	 2267.42 	 656.369 	 0.289479 	 1280.15 	 2218.94 	 615.803 	 -35.203 	 94.8188 	 0.138444 	 684.887 	 31487 	 0.828627 	 845.377 	 529.525 	 783.407 	 719.133 	 0.716292 	 742.804 	 807.637 	 367.078 	 0.468565 	 2547 	 12807 	 149.512 	 87.1175 	 19 	 5422.42 	 0.241706 	 161.95 	 12.6965 	 70.8285 	 34.6962 	 385 	 9 	 134.053 	 105.987 	 584 	 6745 	 179.522 	 92.9111 	 6 	 4318.24 	 0.192486 	 106.65 	 12.9617 	 62.2974 	 24.449 	 130 	 66 	 97.3333 	 21.3417 	  Tumour 
8 	 226.495 	 287.321 	 354.696 	 166.904 	 7424 	 116.686 	 81.6863 	 0.714092 	 0.968811 	 343.706 	 1211.88 	 590.991 	 0.487662 	 978.644 	 1163.41 	 379.385 	 190.496 	 119.689 	 0.266882 	 448.469 	 9764 	 0.841144 	 492.659 	 392.335 	 360.057 	 295.783 	 0.396675 	 535.593 	 315.697 	 219.833 	 0.610552 	 941 	 1546 	 157.938 	 95.5439 	 2 	 1278.73 	 0.172242 	 11.0774 	 11.0774 	 11.0774 	 0 	 883 	 58 	 470.5 	 583.363 	 103 	 105 	 143.379 	 56.7675 	 1 	 0 	 0 	 NaN 	 NaN 	 NaN 	 NaN 	 103 	 103 	 103 	 0 	  Tumour 
9 	 239.852 	 686.419 	 184.743 	 251.024 	 7702 	 114.654 	 86.835 	 0.65299 	 0.932333 	 371.12 	 2023.8 	 661.131 	 0.326678 	 1121.1 	 1975.33 	 734.594 	 -2.33479 	 80.4088 	 0.100051 	 803.678 	 11228 	 0.896161 	 460.659 	 830.257 	 846.835 	 782.562 	 0.66838 	 751.042 	 903.066 	 261.998 	 0.309385 	 754 	 2216 	 142.05 	 79.6559 	 4 	 2026.67 	 0.263135 	 48.1188 	 21.7116 	 36.7711 	 9.49333 	 362 	 45 	 188.5 	 161.544 	 66 	 68 	 184.091 	 97.4798 	 1 	 0 	 0 	 NaN 	 NaN 	 NaN 	 NaN 	 66 	 66 	 66 	 0 	  Tumour 
10 	 249.752 	 355.945 	 307.132 	 186.682 	 7557 	 145.373 	 67.9128 	 0.884171 	 0.906441 	 394.375 	 1221.25 	 428.204 	 0.350628 	 803.45 	 1172.77 	 271.748 	 9.99217 	 69.0199 	 0.202504 	 340.832 	 10111 	 0.833828 	 479.914 	 461.087 	 610.106 	 545.832 	 0.455696 	 625.372 	 609.238 	 290.509 	 0.476162 	 1030 	 1986 	 181.506 	 119.111 	 4 	 1757.45 	 0.232559 	 44.6047 	 19.0095 	 31.2562 	 9.34919 	 452 	 50 	 257.5 	 219.889 	 214 	 340 	 149.107 	 62.4964 	 2 	 2609.17 	 0.345265 	 20.6259 	 20.6259 	 20.6259 	 0 	 115 	 99 	 107 	 11.3137 	  Tumour 
11 	 315.815 	 501.915 	 264.715 	 303.714 	 11131 	 192.801 	 78.7733 	 0.912726 	 0.864409 	 498.115 	 1296.69 	 464.802 	 0.358454 	 835.165 	 1248.21 	 459.439 	 22.5233 	 102.549 	 0.194028 	 528.523 	 15720 	 0.712731 	 687.311 	 661.243 	 806.046 	 741.772 	 0.459829 	 725.803 	 829.922 	 334.055 	 0.414437 	 687 	 2737 	 103.539 	 41.1441 	 8 	 2925.06 	 0.262785 	 88.0506 	 12.5867 	 39.92 	 20.6764 	 137 	 47 	 85.875 	 29.8014 	 219 	 2843 	 127.644 	 41.0327 	 3 	 1811.39 	 0.162734 	 108.67 	 43.0485 	 78.3236 	 29.5942 	 109 	 46 	 73 	 32.45 	  Tumour 
12 	 306.727 	 848.044 	 335.912 	 87.4643 	 5726 	 114.893 	 65.9645 	 0.818759 	 0.969523 	 311.723 	 2115.88 	 564.401 	 0.266745 	 1046.55 	 2067.41 	 625.788 	 64.3212 	 73.9814 	 0.106468 	 694.872 	 8808 	 0.920857 	 399.362 	 845.899 	 877.06 	 812.786 	 0.270115 	 1001.35 	 855.295 	 393.617 	 0.448791 	 799 	 2429 	 144.867 	 82.4728 	 4 	 1038.43 	 0.181353 	 69.5849 	 27.1885 	 41.2746 	 14.0193 	 339 	 46 	 199.75 	 133.906 	 296 	 1618 	 191.97 	 105.358 	 3 	 615.269 	 0.107452 	 74.7123 	 16.6516 	 53.3976 	 28.5847 	 166 	 53 	 98.6667 	 59.5343 	  Tumour 
13 	 314.422 	 286.064 	 401.4 	 244.499 	 2416 	 72.4029 	 46.2806 	 0.769033 	 0.918282 	 209.823 	 608.724 	 174.711 	 0.287012 	 346.643 	 560.251 	 199.638 	 18.6427 	 81.2248 	 0.302263 	 268.722 	 4045 	 0.902902 	 268.593 	 362.896 	 418.386 	 354.112 	 0.666667 	 514.901 	 368.543 	 326.808 	 0.781115 	 410 	 571 	 114.829 	 52.4348 	 0 	 0 	 0 	 NaN 	 NaN 	 NaN 	 NaN 	 0 	 0 	 410 	 0 	 0 	 0 	 NaN 	 NaN 	 0 	 0 	 0 	 NaN 	 NaN 	 NaN 	 NaN 	 0 	 0 	 NaN 	 NaN 	  Tumour 
14 	 374.524 	 294.116 	 434.94 	 194.435 	 2492 	 57.44 	 56.0982 	 0.21488 	 0.952235 	 198.409 	 823.203 	 293.594 	 0.356648 	 562.798 	 774.73 	 224.7 	 65.4354 	 40.7137 	 0.138583 	 293.785 	 4204 	 0.940072 	 264.007 	 282.957 	 276.613 	 212.339 	 0.63964 	 262.092 	 283.395 	 123.758 	 0.447407 	 220 	 265 	 113.895 	 51.501 	 1 	 0 	 0 	 NaN 	 NaN 	 NaN 	 NaN 	 220 	 220 	 220 	 0 	 99 	 99 	 114.03 	 27.4192 	 1 	 0 	 0 	 NaN 	 NaN 	 NaN 	 NaN 	 99 	 99 	 99 	 0 	  Tumour 
15 	 381.897 	 892.671 	 645.239 	 87.4643 	 2533 	 60.6801 	 54.3754 	 0.443855 	 0.921091 	 210.752 	 833.665 	 312.132 	 0.37441 	 369.785 	 785.192 	 599.436 	 -14.3368 	 67.4614 	 0.100911 	 668.521 	 7099 	 0.859339 	 376.576 	 741.381 	 954.771 	 890.497 	 0.645768 	 857.058 	 997.667 	 486.818 	 0.509879 	 0 	 0 	 NaN 	 NaN 	 0 	 0 	 0 	 NaN 	 NaN 	 NaN 	 NaN 	 0 	 0 	 NaN 	 NaN 	 0 	 0 	 NaN 	 NaN 	 0 	 0 	 0 	 NaN 	 NaN 	 NaN 	 NaN 	 0 	 0 	 NaN 	 NaN 	  Lymph 
16 	 424.577 	 765.296 	 385.834 	 135.03 	 11256 	 131.407 	 110.809 	 0.537516 	 0.968675 	 416.233 	 1680.02 	 489.755 	 0.291517 	 853.114 	 1631.55 	 617.965 	 -20.4948 	 127.266 	 0.185235 	 687.05 	 17516 	 0.915774 	 587.571 	 741.942 	 1086.07 	 1021.8 	 0.582834 	 1128.26 	 1070.08 	 373.913 	 0.344281 	 1028 	 4704 	 131.724 	 69.3292 	 9 	 1921.46 	 0.170706 	 80.2842 	 10.4832 	 49.6299 	 20.1787 	 239 	 57 	 114.222 	 70.2011 	 538 	 2928 	 182.589 	 95.9781 	 5 	 3748.88 	 0.333056 	 85.0583 	 15.9181 	 44.7348 	 22.0773 	 186 	 70 	 107.6 	 45.6103 	  Tumour 
17 	 454.128 	 590.747 	 381.336 	 310.464 	 18638 	 161.959 	 147.899 	 0.407543 	 0.977347 	 550.316 	 1958.17 	 700.854 	 0.357913 	 1266.3 	 1909.7 	 669.921 	 12.5221 	 67.1174 	 0.0908212 	 739.006 	 26139 	 0.855782 	 760.548 	 819.229 	 983.255 	 918.981 	 0.506369 	 1083.36 	 948.171 	 331.101 	 0.33674 	 2069 	 8767 	 142.97 	 80.5751 	 12 	 4881.78 	 0.261926 	 117.666 	 14.921 	 53.6903 	 24.6502 	 428 	 41 	 172.417 	 129.369 	 495 	 6321 	 181.087 	 94.4758 	 5 	 2420.04 	 0.129845 	 109.52 	 45.4612 	 70.0013 	 22.133 	 138 	 49 	 99 	 32.4577 	  Tumour 
18 	 432.751 	 298.186 	 474.427 	 152.069 	 3953 	 87.4464 	 61.6238 	 0.709502 	 0.898613 	 271.865 	 744.19 	 259.508 	 0.348712 	 514.506 	 695.717 	 156.312 	 45.4577 	 45.7718 	 0.203072 	 225.396 	 4968 	 0.865958 	 310.309 	 200.747 	 261.108 	 196.834 	 0.751799 	 281.502 	 253.583 	 137.326 	 0.525935 	 56 	 57 	 67.375 	 4.9805 	 1 	 0 	 0 	 NaN 	 NaN 	 NaN 	 NaN 	 56 	 56 	 56 	 0 	 0 	 0 	 NaN 	 NaN 	 0 	 0 	 0 	 NaN 	 NaN 	 NaN 	 NaN 	 0 	 0 	 NaN 	 NaN 	  Tumour 
19 	 446.461 	 229.35 	 531.049 	 100.722 	 4802 	 114.962 	 54.7698 	 0.879221 	 0.972065 	 294.735 	 907.119 	 380.457 	 0.419412 	 691.088 	 858.646 	 238.489 	 87.7187 	 40.6561 	 0.132183 	 307.574 	 6458 	 0.893717 	 371.161 	 359.495 	 450.201 	 385.927 	 0.576433 	 637.238 	 353.317 	 386.371 	 0.858219 	 78 	 78 	 82.4872 	 20.0927 	 1 	 0 	 0 	 NaN 	 NaN 	 NaN 	 NaN 	 78 	 78 	 78 	 0 	 107 	 108 	 108.636 	 22.0244 	 1 	 0 	 0 	 NaN 	 NaN 	 NaN 	 NaN 	 107 	 107 	 107 	 0 	  Tumour 
20 	 478.129 	 389.799 	 459.471 	 210.723 	 10102 	 125.403 	 106.592 	 0.526799 	 0.956176 	 420.132 	 562.851 	 207.779 	 0.369155 	 341.098 	 514.378 	 150.81 	 -39.003 	 86.5493 	 0.393594 	 219.895 	 15115 	 0.814254 	 599.512 	 402.506 	 703.429 	 639.155 	 0.497018 	 981.196 	 594.348 	 667.834 	 0.949398 	 178 	 618 	 81.5393 	 19.1448 	 2 	 1481.81 	 0.146685 	 47.3237 	 47.3237 	 47.3237 	 0 	 91 	 87 	 89 	 2.82843 	 0 	 0 	 NaN 	 NaN 	 0 	 0 	 0 	 NaN 	 NaN 	 NaN 	 NaN 	 0 	 0 	 NaN 	 NaN 	  Tumour 
21 	 536.293 	 903.048 	 549.532 	 154.324 	 14584 	 186.111 	 101.185 	 0.839293 	 0.97285 	 501.161 	 1782.52 	 480.812 	 0.269737 	 974.88 	 1734.05 	 675.287 	 131.064 	 202.797 	 0.272441 	 744.372 	 22584 	 0.904337 	 665.855 	 496.817 	 533.629 	 469.355 	 0.570928 	 709.426 	 463.849 	 297.807 	 0.558079 	 1992 	 8707 	 134.121 	 71.727 	 16 	 2570.78 	 0.176274 	 137.173 	 10.8044 	 57.8581 	 28.9611 	 277 	 46 	 124.5 	 79.666 	 311 	 3174 	 133.232 	 46.6204 	 4 	 4023.3 	 0.275871 	 79.7272 	 39.1756 	 55.6139 	 14.6228 	 98 	 54 	 77.75 	 18.3007 	  Tumour 
22 	 513.103 	 250.157 	 566.612 	 66.8506 	 2929 	 75.0513 	 50.1367 	 0.744132 	 0.973737 	 212.995 	 478.374 	 111.472 	 0.233022 	 298.056 	 429.9 	 95.0857 	 -9.69375 	 22.5274 	 0.13722 	 164.17 	 10178 	 0.939363 	 451.889 	 272.154 	 444.795 	 380.521 	 0.409207 	 666.556 	 370.971 	 341.68 	 0.768173 	 262 	 288 	 123.023 	 60.6284 	 1 	 0 	 0 	 NaN 	 NaN 	 NaN 	 NaN 	 262 	 262 	 262 	 0 	 0 	 0 	 NaN 	 NaN 	 0 	 0 	 0 	 NaN 	 NaN 	 NaN 	 NaN 	 0 	 0 	 NaN 	 NaN 	  Tumour 
23 	 550.6 	 780.166 	 508.343 	 203.298 	 9220 	 126.492 	 93.6411 	 0.672284 	 0.973395 	 377.765 	 1922.34 	 356.077 	 0.185231 	 572.154 	 1873.87 	 757.66 	 -61.1265 	 75.8645 	 0.0917629 	 826.745 	 14769 	 0.827812 	 559.546 	 802.586 	 1131.41 	 1067.14 	 0.899396 	 1178.84 	 1084.35 	 595.597 	 0.52642 	 830 	 4009 	 133.624 	 71.2296 	 9 	 1660.78 	 0.180128 	 88.9753 	 9.95001 	 44.8115 	 20.2548 	 191 	 40 	 92.2222 	 47.3069 	 377 	 2680 	 194.544 	 107.933 	 4 	 1401.33 	 0.151988 	 74.8604 	 31.5587 	 51.4835 	 16.8069 	 114 	 69 	 94.25 	 18.9275 	  Tumour 
24 	 557.191 	 496.251 	 496.565 	 308.585 	 10543 	 131.64 	 104.996 	 0.603195 	 0.944037 	 423.889 	 1317.9 	 387.831 	 0.29428 	 834.324 	 1269.42 	 657.582 	 99.9137 	 165.625 	 0.227924 	 726.667 	 16745 	 0.909659 	 572.24 	 909.501 	 1046.04 	 981.771 	 0.70339 	 1063.14 	 1036.53 	 529.263 	 0.505966 	 1016 	 4180 	 114.485 	 52.0907 	 11 	 2378.38 	 0.225588 	 78.3233 	 12.9415 	 40.5815 	 18.1738 	 217 	 40 	 92.3636 	 57.613 	 241 	 1765 	 126.793 	 40.1814 	 3 	 788.542 	 0.074793 	 55.6824 	 36.9159 	 48.146 	 8.86686 	 94 	 61 	 80.3333 	 17.2143 	  Tumour 
25 	 538.476 	 188.495 	 494.144 	 66.8506 	 1302 	 75.1682 	 23.2544 	 0.950943 	 0.881517 	 197.581 	 479.05 	 161.742 	 0.337631 	 283.853 	 430.577 	 170.842 	 -3.45993 	 26.7009 	 0.111288 	 239.927 	 2584 	 0.933863 	 218.953 	 250.239 	 318.624 	 254.35 	 0.461929 	 414.341 	 280.426 	 205.79 	 0.645869 	 72 	 72 	 76.0694 	 13.6749 	 1 	 0 	 0 	 NaN 	 NaN 	 NaN 	 NaN 	 72 	 72 	 72 	 0 	 0 	 0 	 NaN 	 NaN 	 0 	 0 	 0 	 NaN 	 NaN 	 NaN 	 NaN 	 0 	 0 	 NaN 	 NaN 	  Lymph 
26 	 580.38 	 673.872 	 511.408 	 295.237 	 10111 	 120.703 	 108.409 	 0.439696 	 0.986728 	 381.848 	 1631.23 	 449.846 	 0.275771 	 913.645 	 1582.76 	 811.911 	 74.0733 	 120.357 	 0.136615 	 880.996 	 14449 	 0.945987 	 508.458 	 978.202 	 1445.29 	 1381.01 	 0.658933 	 1688.01 	 1299.89 	 698.707 	 0.483439 	 986 	 3237 	 134.076 	 71.6816 	 6 	 1897.4 	 0.187657 	 82.8011 	 14.9342 	 42.0814 	 20.9295 	 261 	 38 	 140.857 	 76.3248 	 416 	 1784 	 175.589 	 88.9778 	 3 	 3865.1 	 0.382267 	 56.7369 	 34.9744 	 42.9772 	 10.7054 	 188 	 93 	 138.667 	 47.606 	  Tumour 
27 	 662.921 	 850.984 	 638.464 	 284.121 	 8844 	 181.668 	 67.7727 	 0.927808 	 0.888666 	 449.806 	 2328.36 	 468.27 	 0.201116 	 922.289 	 2279.89 	 851.555 	 52.5826 	 144.653 	 0.157123 	 920.639 	 12485 	 0.854727 	 541.161 	 822.099 	 957.481 	 893.207 	 0.510331 	 894.158 	 978.564 	 338.569 	 0.353603 	 962 	 3404 	 166.765 	 104.371 	 7 	 969.97 	 0.109675 	 126.476 	 18.1055 	 54.2142 	 31.5451 	 294 	 60 	 137.429 	 94.5125 	 541 	 3390 	 201.453 	 114.842 	 7 	 1312.09 	 0.148359 	 134.585 	 12.333 	 60.454 	 34.7567 	 103 	 55 	 77.2857 	 19.6105 	  Tumour 
28 	 636.22 	 461.203 	 581.623 	 290.057 	 7040 	 104.158 	 89.8487 	 0.505853 	 0.968363 	 342.978 	 1519.06 	 431.532 	 0.284077 	 761.635 	 1470.59 	 630.849 	 124.876 	 112.3 	 0.160444 	 699.934 	 9255 	 0.92587 	 411.103 	 684.273 	 907.424 	 843.15 	 0.991279 	 915.147 	 890.925 	 443.226 	 0.488444 	 793 	 3653 	 112.904 	 50.5097 	 4 	 2825.88 	 0.401403 	 70.0011 	 23.0608 	 43.8651 	 16.6567 	 338 	 46 	 158.6 	 108.944 	 174 	 189 	 154.54 	 67.9291 	 1 	 0 	 0 	 NaN 	 NaN 	 NaN 	 NaN 	 174 	 174 	 174 	 0 	  Tumour 
29 	 652.103 	 368.52 	 626.007 	 213.909 	 7796 	 102.991 	 97.9373 	 0.309407 	 0.96354 	 349.966 	 810.079 	 236.044 	 0.291384 	 521.625 	 761.605 	 237.824 	 34.3383 	 68.3085 	 0.222569 	 306.909 	 13982 	 0.847137 	 535.487 	 523.218 	 697.324 	 633.05 	 0.779698 	 777.925 	 645.085 	 520.083 	 0.745827 	 349 	 1602 	 97.063 	 34.6685 	 3 	 1593.17 	 0.204358 	 54.4178 	 29.1683 	 42.638 	 11.3675 	 182 	 62 	 116.333 	 60.7975 	 291 	 826 	 161.729 	 75.1174 	 2 	 484.876 	 0.0621955 	 41.1568 	 41.1568 	 41.1568 	 0 	 200 	 91 	 145.5 	 77.0746 	  Tumour 
30 	 693.171 	 763.253 	 639.325 	 337.077 	 18208 	 173.119 	 138.038 	 0.603503 	 0.915435 	 571.203 	 1779 	 420.406 	 0.236316 	 887.015 	 1730.53 	 940.274 	 80.7854 	 136.733 	 0.135465 	 1009.36 	 21737 	 0.914126 	 636.316 	 922.702 	 1217.23 	 1152.96 	 0.829485 	 1251.84 	 1157.56 	 649.19 	 0.533332 	 1512 	 13656 	 211.996 	 149.602 	 11 	 4842.79 	 0.26597 	 140.922 	 18.1283 	 79.3963 	 33.7411 	 424 	 18 	 137.455 	 117.385 	 418 	 7624 	 198.407 	 111.796 	 5 	 3197.92 	 0.175632 	 110.506 	 38.2269 	 78.3376 	 24.0175 	 124 	 51 	 83.6 	 33.3587 	  Tumour 
31 	 682.052 	 198.066 	 733.595 	 144.347 	 6352 	 106.26 	 76.9775 	 0.689351 	 0.972295 	 313.12 	 622.727 	 171.325 	 0.275121 	 451.723 	 574.253 	 113.039 	 -25.6407 	 29.0269 	 0.159381 	 182.123 	 13752 	 0.861816 	 538.742 	 315.619 	 440.572 	 376.298 	 0.443459 	 420.595 	 442.797 	 263.124 	 0.597232 	 1036 	 2046 	 105.266 	 42.8719 	 3 	 1937.08 	 0.304956 	 53.9068 	 20.0475 	 35.4287 	 13.4929 	 460 	 72 	 259 	 202.91 	 0 	 0 	 NaN 	 NaN 	 0 	 0 	 0 	 NaN 	 NaN 	 NaN 	 NaN 	 0 	 0 	 NaN 	 NaN 	  Tumour 
32 	 689.681 	 524.026 	 622.558 	 368.782 	 7569 	 117.66 	 86.2037 	 0.680604 	 0.922711 	 377.546 	 1042.4 	 225.015 	 0.215861 	 459.345 	 993.93 	 721.51 	 41.6835 	 106.251 	 0.134394 	 790.595 	 11148 	 0.842121 	 502.801 	 1031.34 	 1341.88 	 1277.6 	 0.92723 	 1429.01 	 1252.6 	 683.957 	 0.509701 	 339 	 2502 	 100.28 	 37.8857 	 5 	 1241.34 	 0.164004 	 79.0342 	 24.6709 	 43.808 	 16.2956 	 91 	 52 	 67.8 	 14.481 	 69 	 71 	 126.203 	 39.5918 	 1 	 0 	 0 	 NaN 	 NaN 	 NaN 	 NaN 	 69 	 69 	 69 	 0 	  Tumour 
33 	 719.215 	 626.029 	 646.279 	 429.951 	 15831 	 147.001 	 138.815 	 0.329053 	 0.966484 	 498.801 	 1493.36 	 391.484 	 0.26215 	 911.405 	 1444.89 	 833.931 	 84.4208 	 120.379 	 0.133308 	 903.015 	 16459 	 0.924611 	 527.487 	 1117.25 	 1465.78 	 1401.5 	 0.914286 	 1519.25 	 1437.42 	 775.412 	 0.529011 	 1742 	 8907 	 144.661 	 82.2662 	 11 	 2260.35 	 0.14278 	 115.252 	 10.8802 	 56.5016 	 24.5012 	 420 	 42 	 158.364 	 123.174 	 410 	 1554 	 196.771 	 110.16 	 5 	 4173.59 	 0.263634 	 75.6328 	 12.69 	 39.203 	 18.927 	 134 	 59 	 82 	 30.6431 	  Tumour 
34 	 762.616 	 388.166 	 723.921 	 301.04 	 14047 	 142.705 	 125.954 	 0.470094 	 0.978476 	 457.789 	 1113.31 	 396.258 	 0.355929 	 806.121 	 1064.83 	 284.749 	 -17.0918 	 70.8449 	 0.200221 	 353.834 	 22423 	 0.919013 	 644.174 	 410.007 	 864.122 	 799.848 	 0.866087 	 886.127 	 826.451 	 477.324 	 0.552381 	 1834 	 5678 	 104.863 	 42.4686 	 12 	 2340.5 	 0.166619 	 101.73 	 11.9472 	 45.4622 	 23.14 	 438 	 50 	 152.833 	 118.523 	 464 	 3072 	 124.054 	 37.4428 	 4 	 1938.93 	 0.138032 	 77.4594 	 26.7096 	 51.952 	 15.4098 	 198 	 68 	 116 	 56.7979 	  Tumour 
35 	 794.339 	 164.654 	 845.698 	 257.031 	 4148 	 91.6067 	 59.2131 	 0.763012 	 0.966674 	 258.794 	 602.634 	 205.855 	 0.341593 	 431.963 	 554.161 	 143.502 	 45.6434 	 35.9836 	 0.169266 	 212.586 	 6385 	 0.948173 	 341.664 	 193.35 	 269.759 	 205.485 	 0.41806 	 416.96 	 224.795 	 205.504 	 0.761805 	 73 	 74 	 69.6027 	 7.20824 	 1 	 0 	 0 	 NaN 	 NaN 	 NaN 	 NaN 	 73 	 73 	 73 	 0 	 0 	 0 	 NaN 	 NaN 	 0 	 0 	 0 	 NaN 	 NaN 	 NaN 	 NaN 	 0 	 0 	 NaN 	 NaN 	  Tumour 
36 	 816.556 	 529.218 	 748.078 	 440.593 	 14498 	 148.797 	 125.067 	 0.541779 	 0.969571 	 477.245 	 1449.02 	 505.623 	 0.348942 	 1021.99 	 1400.54 	 853.652 	 118.289 	 106.336 	 0.11524 	 922.737 	 19460 	 0.948898 	 574.098 	 947.945 	 1341.37 	 1277.1 	 0.964435 	 1384.26 	 1306.64 	 471.064 	 0.351181 	 1478 	 5008 	 138.526 	 76.1319 	 9 	 3655.7 	 0.252152 	 82.9884 	 14.088 	 44.976 	 18.4179 	 296 	 55 	 147.8 	 95.9812 	 380 	 2267 	 158.771 	 72.1599 	 4 	 2306.12 	 0.159065 	 84.4555 	 26.8408 	 48.3157 	 19.7034 	 115 	 75 	 95 	 19.4765 	  Tumour 
37 	 809.347 	 260.885 	 813.272 	 280.66 	 5098 	 123.968 	 54.9813 	 0.896268 	 0.937994 	 326.191 	 464.563 	 167.172 	 0.359849 	 261.207 	 416.089 	 132.116 	 46.4878 	 40.1026 	 0.199317 	 201.2 	 20629 	 0.968498 	 614.357 	 227.51 	 549.373 	 485.099 	 0.926966 	 587.572 	 506.152 	 326.373 	 0.594084 	 577 	 2200 	 137.414 	 75.0197 	 4 	 1229.06 	 0.241086 	 79.2969 	 15.689 	 47.0328 	 24.2876 	 437 	 36 	 144.25 	 195.34 	 98 	 102 	 96.9592 	 10.3481 	 1 	 0 	 0 	 NaN 	 NaN 	 NaN 	 NaN 	 98 	 98 	 98 	 0 	  Tumour 
38 	 847.978 	 654.088 	 776.424 	 523.715 	 10996 	 151.128 	 97.1262 	 0.766138 	 0.935989 	 463.203 	 1723.66 	 546.75 	 0.317203 	 1167.44 	 1675.19 	 799.536 	 70.9246 	 121.404 	 0.139766 	 868.621 	 12271 	 0.879452 	 512.215 	 908.992 	 1388.81 	 1324.54 	 1.00917 	 1426.4 	 1336.53 	 465.572 	 0.335231 	 1323 	 5251 	 129.907 	 67.5125 	 10 	 1153.67 	 0.104918 	 91.885 	 13.3713 	 43.4753 	 20.2155 	 335 	 44 	 132.3 	 106.891 	 442 	 2150 	 173.247 	 86.6355 	 4 	 1332.61 	 0.121191 	 58.12 	 15.1256 	 41.1103 	 16.2811 	 176 	 84 	 110.5 	 44.0643 	  Tumour 
39 	 877.432 	 727.215 	 812.906 	 522.093 	 9885 	 166.046 	 77.7553 	 0.883583 	 0.939371 	 437.747 	 1923.56 	 638.262 	 0.331813 	 1396.26 	 1875.09 	 762.29 	 53.458 	 90.6573 	 0.109045 	 831.375 	 9403 	 0.769224 	 547.931 	 1191.16 	 1500.73 	 1436.46 	 1.00208 	 1459.28 	 1512.22 	 530.231 	 0.353315 	 1309 	 3086 	 158.365 	 95.9707 	 5 	 2641.07 	 0.26718 	 71.2942 	 10.9066 	 35.3023 	 15.0487 	 535 	 40 	 187 	 168.907 	 427 	 1768 	 178.918 	 92.3069 	 4 	 2749.48 	 0.278147 	 90.9365 	 17.0398 	 48.935 	 23.3195 	 143 	 84 	 106.75 	 26.8623 	  Tumour 
40 	 871.47 	 786.753 	 818.049 	 500.357 	 4300 	 138.752 	 43.7231 	 0.949052 	 0.820141 	 341.706 	 900.874 	 375.358 	 0.41666 	 599.393 	 852.4 	 484.571 	 161.362 	 157.78 	 0.284978 	 553.656 	 7929 	 0.837984 	 475.002 	 1014.17 	 1113.37 	 1049.09 	 0.553086 	 1550.6 	 932.943 	 726.253 	 0.652304 	 338 	 488 	 136.077 	 73.6824 	 2 	 1054.24 	 0.245173 	 21.8542 	 21.8542 	 21.8542 	 0 	 244 	 94 	 169 	 106.066 	 0 	 0 	 NaN 	 NaN 	 0 	 0 	 0 	 NaN 	 NaN 	 NaN 	 NaN 	 0 	 0 	 NaN 	 NaN 	  Tumour 
41 	 904.438 	 245.535 	 906.025 	 370.567 	 5232 	 87.2919 	 78.5884 	 0.43528 	 0.969607 	 283.907 	 814.295 	 339.628 	 0.417082 	 611.876 	 765.822 	 272.042 	 24.2151 	 93.202 	 0.273218 	 341.127 	 8150 	 0.843423 	 406.96 	 495.939 	 560.096 	 495.822 	 0.584302 	 736.985 	 493.682 	 395.648 	 0.706394 	 423 	 1656 	 102.168 	 39.7734 	 3 	 958.041 	 0.183112 	 44.595 	 35.6236 	 40.1495 	 4.01262 	 225 	 39 	 141 	 94.2974 	 0 	 0 	 NaN 	 NaN 	 0 	 0 	 0 	 NaN 	 NaN 	 NaN 	 NaN 	 0 	 0 	 NaN 	 NaN 	  Tumour 
42 	 949.456 	 586.818 	 876.228 	 572.819 	 11340 	 129.987 	 112.243 	 0.504356 	 0.962894 	 434.617 	 1557.46 	 408.648 	 0.262382 	 880.715 	 1508.98 	 799.051 	 115.314 	 122.359 	 0.140945 	 868.136 	 15597 	 0.911732 	 530.742 	 791.317 	 1093.15 	 1028.88 	 1.00674 	 1103.53 	 1082.69 	 337.026 	 0.308307 	 1153 	 4225 	 151.744 	 89.3497 	 4 	 3137.57 	 0.276682 	 76.5897 	 31.4142 	 52.3569 	 15.1034 	 702 	 64 	 288.25 	 291.806 	 198 	 233 	 192.939 	 106.328 	 0 	 0 	 0 	 NaN 	 NaN 	 NaN 	 NaN 	 0 	 0 	 198 	 0 	  Tumour 
43 	 943.378 	 433.057 	 887.229 	 473.339 	 10614 	 124.155 	 110.037 	 0.463131 	 0.971355 	 402.676 	 1746.51 	 443.486 	 0.253927 	 1062.2 	 1698.03 	 754.067 	 225.103 	 127.698 	 0.155133 	 823.152 	 17033 	 0.909251 	 568.742 	 559.687 	 891.234 	 826.96 	 0.904762 	 892.709 	 885.374 	 313.239 	 0.351467 	 1553 	 5358 	 138.499 	 76.1045 	 8 	 2378.58 	 0.224098 	 99.5181 	 18.104 	 49.1776 	 22.19 	 537 	 48 	 194.125 	 170.068 	 297 	 2111 	 150.488 	 63.8771 	 3 	 1481.6 	 0.13959 	 73.8752 	 29.6986 	 56.7262 	 21.1865 	 105 	 94 	 99 	 5.56776 	  Tumour 
44 	 957.701 	 347.955 	 922.12 	 449.444 	 9477 	 141.582 	 99.3795 	 0.712255 	 0.77859 	 474.416 	 912.842 	 269.047 	 0.294735 	 609.694 	 864.369 	 470.967 	 52.6222 	 124.124 	 0.229837 	 540.052 	 13562 	 0.830598 	 538.642 	 735.66 	 833.036 	 768.762 	 0.946667 	 819.923 	 855.236 	 396.397 	 0.475846 	 288 	 1357 	 100.76 	 38.3659 	 3 	 2261.91 	 0.238674 	 66.5492 	 34.5393 	 45.7784 	 16.1071 	 166 	 43 	 96 	 63.2376 	 0 	 0 	 NaN 	 NaN 	 0 	 0 	 0 	 NaN 	 NaN 	 NaN 	 NaN 	 0 	 0 	 NaN 	 NaN 	  Tumour 
45 	 1012.1 	 651.506 	 940.078 	 663.304 	 6376 	 145.227 	 61.4634 	 0.906025 	 0.854234 	 414.617 	 1145.73 	 299.253 	 0.261189 	 459.299 	 1097.26 	 656.199 	 -37.2572 	 64.5277 	 0.088969 	 725.284 	 5262 	 0.683554 	 427.546 	 1281.24 	 1208.33 	 1144.06 	 1.01096 	 1212.04 	 1207.52 	 364.236 	 0.301437 	 59 	 60 	 99.0678 	 36.6733 	 1 	 0 	 0 	 NaN 	 NaN 	 NaN 	 NaN 	 59 	 59 	 59 	 0 	 230 	 275 	 167.491 	 80.8802 	 1 	 0 	 0 	 NaN 	 NaN 	 NaN 	 NaN 	 230 	 230 	 230 	 0 	  Tumour 
46 	 1048.17 	 705.653 	 980.013 	 691.755 	 8430 	 151.28 	 72.2217 	 0.878683 	 0.93823 	 398.032 	 872.392 	 287.234 	 0.329249 	 603.596 	 823.919 	 225.712 	 14.0968 	 127.453 	 0.432343 	 294.797 	 15152 	 0.87599 	 643.068 	 621.8 	 690.668 	 626.394 	 0.54428 	 1164.57 	 523.816 	 598.391 	 0.866394 	 55 	 56 	 71.8 	 9.4055 	 1 	 0 	 0 	 NaN 	 NaN 	 NaN 	 NaN 	 55 	 55 	 55 	 0 	 22 	 24 	 75.7727 	 -10.8384 	 1 	 0 	 0 	 NaN 	 NaN 	 NaN 	 NaN 	 22 	 22 	 22 	 0 	  Tumour 
47 	 1036.33 	 471.556 	 972.417 	 573.289 	 4012 	 94.1222 	 57.1537 	 0.794527 	 0.88448 	 287.522 	 1527.49 	 284.131 	 0.186012 	 414.059 	 1479.01 	 744.626 	 17.8656 	 82.9309 	 0.101917 	 813.71 	 5140 	 0.758896 	 404.576 	 638.508 	 788.34 	 724.066 	 1.00865 	 807.949 	 770.378 	 271.492 	 0.344385 	 617 	 1819 	 132.833 	 70.4386 	 7 	 1447.88 	 0.360888 	 65.5593 	 13.7445 	 33.0149 	 14.6808 	 302 	 5 	 88.1429 	 103.188 	 97 	 102 	 191.577 	 104.966 	 1 	 0 	 0 	 NaN 	 NaN 	 NaN 	 NaN 	 97 	 97 	 97 	 0 	  Tumour 
48 	 1053.71 	 273.218 	 1036.3 	 522.954 	 9323 	 119.809 	 101.352 	 0.533264 	 0.95376 	 390.032 	 1177.34 	 524.19 	 0.445232 	 881.258 	 1128.87 	 528.308 	 116.049 	 144.246 	 0.241459 	 597.393 	 15743 	 0.750775 	 708.808 	 852.436 	 1039.36 	 975.091 	 0.429054 	 949.984 	 1058 	 669.849 	 0.644479 	 503 	 2091 	 101.505 	 39.1105 	 4 	 1710.94 	 0.183519 	 69.5197 	 18.4744 	 43.6469 	 16.7477 	 212 	 72 	 125.75 	 62.4413 	 89 	 91 	 116.112 	 29.5012 	 1 	 0 	 0 	 NaN 	 NaN 	 NaN 	 NaN 	 89 	 89 	 89 	 0 	  Tumour 
49 	 1094.7 	 541.106 	 1024.13 	 659.438 	 17161 	 197.013 	 117.223 	 0.803726 	 0.886141 	 596.198 	 1904.75 	 667.31 	 0.350341 	 1237.92 	 1856.27 	 828.083 	 174.584 	 125.327 	 0.139691 	 897.167 	 30970 	 0.806699 	 892.531 	 634.713 	 845.057 	 780.783 	 0.814266 	 904.083 	 803.413 	 338.742 	 0.400851 	 1451 	 10142 	 138.637 	 76.243 	 12 	 2627.01 	 0.15308 	 153.153 	 14.2606 	 75.5176 	 38.4984 	 273 	 51 	 111.615 	 72.8761 	 336 	 3729 	 181.265 	 94.6538 	 5 	 5520.45 	 0.321686 	 97.8985 	 28.0335 	 56.2537 	 20.9599 	 122 	 5 	 67.2 	 46.639 	  Tumour 
50 	 1098.55 	 403.979 	 1045.89 	 601.146 	 19861 	 187.155 	 140.053 	 0.66333 	 0.94365 	 600.725 	 1663.82 	 413.851 	 0.248735 	 1029.55 	 1615.35 	 836.597 	 85.8262 	 123.189 	 0.136018 	 905.682 	 20527 	 0.914587 	 615.127 	 798.001 	 1042.35 	 978.077 	 0.94084 	 1030.85 	 1057.44 	 414.034 	 0.397211 	 1378 	 9629 	 127.839 	 65.4444 	 6 	 3142.98 	 0.158249 	 122.882 	 15.3713 	 72.7837 	 31.1977 	 423 	 60 	 172.25 	 119.18 	 332 	 2685 	 167.955 	 81.3437 	 3 	 3270.54 	 0.164671 	 105.41 	 27.0031 	 75.5036 	 37.9075 	 132 	 99 	 110.667 	 18.5023 	  Tumour 
51 	 1222.91 	 388.431 	 1170.67 	 713.6 	 8858 	 132.947 	 89.4024 	 0.740128 	 0.910755 	 416.777 	 848.368 	 321.389 	 0.378832 	 619.734 	 799.895 	 530.129 	 79.9999 	 168.909 	 0.281884 	 599.214 	 13038 	 0.905354 	 510.316 	 766.341 	 817.453 	 753.179 	 0.482838 	 782.327 	 844.624 	 264.296 	 0.323316 	 568 	 2494 	 99.1919 	 36.7974 	 4 	 961.961 	 0.108598 	 54.7272 	 24.2143 	 38.4412 	 11.6641 	 176 	 50 	 142 	 61.384 	 0 	 0 	 NaN 	 NaN 	 0 	 0 	 0 	 NaN 	 NaN 	 NaN 	 NaN 	 0 	 0 	 NaN 	 NaN 	  Tumour 
52 	 1265.93 	 471.594 	 1200.61 	 781.435 	 7660 	 123.587 	 79.9556 	 0.762527 	 0.972328 	 353.22 	 606.553 	 225.725 	 0.372145 	 383.896 	 558.079 	 422.786 	 41.8028 	 121.848 	 0.247723 	 491.871 	 14674 	 0.897053 	 538.843 	 658.643 	 716.952 	 652.678 	 0.548246 	 830.796 	 676.648 	 292.099 	 0.407418 	 226 	 681 	 87.3805 	 24.986 	 4 	 1109.04 	 0.144784 	 38.4336 	 12.8222 	 23.4377 	 9.41354 	 110 	 33 	 56.5 	 35.949 	 175 	 810 	 101.303 	 14.6917 	 2 	 1647.98 	 0.215142 	 64.6803 	 64.6803 	 64.6803 	 0 	 89 	 86 	 87.5 	 2.12132 	  Tumour 
