rownames 	XLoc 	YLoc 	NNDistSame 	NNDistOpp 	dapi_Area 	dapi_MajorAxisLength 	dapi_MinorAxisLength 	dapi_Eccentricity 	dapi_Solidity 	dapi_Perimeter 	dapi_MeanIntensity 	dapi_PixelSD 	dapi_PixelCV 	dapi_NucAdjustedInt 	dapi_BackAdjustedInt 	cent_Area 	cent_ConvexArea 	cent_MeanIntensity 	cent_BackAdjustedInt 	cent_CN 	cent_AreaSD 	cent_CoeffVar 	cent_MaxSpotDist 	cent_MinSpotDist 	cent_MeanSpotDist 	cent_SDSpotDist 	cent_SpotAreaMax 	cent_SpotAreaMin 	cent_SpotAreaMean 	cent_SpotAreaSD 	Her2_Area 	Her2_ConvexArea 	Her2_MeanIntensity 	Her2_BackAdjustedInt 	Her2_CN 	Her2_AreaSD 	Her2_CoeffVar 	Her2_MaxSpotDist 	Her2_MinSpotDist 	Her2_MeanSpotDist 	Her2_SDSpotDist 	Her2_SpotAreaMax 	Her2_SpotAreaMin 	Her2_SpotAreaMean 	Her2_SpotAreaSD 	CellLabels 	
1 	 283.531 	 915.698 	 181.604 	 566.408 	 6822 	 119.814 	 73.372 	 0.790562 	 0.968072 	 338.534 	 671.185 	 198.391 	 0.295583 	 179.729 	 554.986 	 90 	 176 	 993.678 	 592.331 	 2 	 579.672 	 0.084971 	 16.4012 	 16.4012 	 16.4012 	 0 	 45 	 45 	 45 	 0 	 364 	 1854 	 329.456 	 13.1212 	 5 	 1349.6 	 0.19783 	 64.0419 	 8.17056 	 34.8535 	 19.2222 	 161 	 22 	 72.8 	 61.9814 	  Tumour 
2 	 317.994 	 638.562 	 63.6946 	 745.209 	 4110 	 96.1959 	 55.9873 	 0.813179 	 0.94396 	 285.907 	 809.488 	 299.124 	 0.369523 	 344.571 	 693.289 	 45 	 45 	 1861.69 	 1460.34 	 1 	 0 	 0 	 NaN 	 NaN 	 NaN 	 NaN 	 45 	 45 	 45 	 0 	 245 	 517 	 519.118 	 202.784 	 3 	 479.055 	 0.116558 	 23.0486 	 12.8667 	 18.8612 	 4.7638 	 122 	 36 	 81.6667 	 43.2474 	  Tumour 
3 	 342.27 	 697.911 	 225.584 	 721.449 	 7690 	 119.08 	 84.6845 	 0.703036 	 0.944834 	 359.706 	 1234.52 	 573.94 	 0.464909 	 847.999 	 1118.32 	 90 	 553 	 1716.43 	 1315.09 	 2 	 993.335 	 0.129172 	 72.0069 	 72.0069 	 72.0069 	 0 	 45 	 45 	 45 	 0 	 251 	 829 	 628.653 	 312.319 	 4 	 1720.39 	 0.223718 	 50.9025 	 11.9215 	 28.1521 	 16.0781 	 152 	 25 	 62.75 	 60.5661 	  Tumour 
4 	 458.285 	 968.343 	 181.604 	 498.483 	 10850 	 141.738 	 98.5616 	 0.718645 	 0.966162 	 427.002 	 706.123 	 207.053 	 0.293225 	 346.227 	 589.925 	 135 	 2699 	 1158.51 	 757.164 	 3 	 1428.73 	 0.13168 	 74.8131 	 60.208 	 66.8448 	 6.61253 	 45 	 45 	 45 	 0 	 446 	 2488 	 319.002 	 2.66741 	 3 	 3162.75 	 0.291498 	 61.281 	 43.7604 	 50.4763 	 8.45135 	 212 	 35 	 148.667 	 98.6526 	  Tumour 
5 	 578.043 	 972.733 	 299.475 	 382.845 	 5339 	 96.2431 	 71.5948 	 0.668296 	 0.970904 	 290.593 	 372.071 	 124.549 	 0.334745 	 183.754 	 255.873 	 45 	 45 	 727.8 	 326.453 	 1 	 0 	 0 	 NaN 	 NaN 	 NaN 	 NaN 	 45 	 45 	 45 	 0 	 203 	 315 	 346.222 	 29.8868 	 2 	 132.666 	 0.0248485 	 13.0099 	 13.0099 	 13.0099 	 0 	 166 	 37 	 101.5 	 91.2168 	  Tumour 
6 	 645.747 	 685.817 	 428.887 	 435.167 	 6719 	 100.066 	 86.2554 	 0.506927 	 0.975465 	 322.191 	 864.049 	 289.388 	 0.334921 	 610.56 	 747.85 	 45 	 45 	 1267.87 	 866.519 	 1 	 0 	 0 	 NaN 	 NaN 	 NaN 	 NaN 	 45 	 45 	 45 	 0 	 77 	 166 	 326.325 	 9.98985 	 2 	 2756.66 	 0.410279 	 17.4743 	 17.4743 	 17.4743 	 0 	 48 	 29 	 38.5 	 13.435 	  Tumour 
7 	 666.473 	 581.518 	 507.425 	 392.94 	 4741 	 88.4024 	 70.1448 	 0.608607 	 0.941048 	 299.706 	 523.043 	 136.016 	 0.260046 	 292.382 	 406.845 	 90 	 208 	 1218.74 	 817.397 	 2 	 1421.56 	 0.299844 	 20.2485 	 20.2485 	 20.2485 	 0 	 45 	 45 	 45 	 0 	 143 	 149 	 388.902 	 72.5673 	 1 	 0 	 0 	 NaN 	 NaN 	 NaN 	 NaN 	 143 	 143 	 143 	 0 	  Tumour 
8 	 694.062 	 746.905 	 443.465 	 398.362 	 8026 	 154.578 	 72.7658 	 0.882272 	 0.860512 	 443.404 	 687.664 	 265.088 	 0.385491 	 388.586 	 571.465 	 90 	 747 	 1096.53 	 695.186 	 2 	 652.196 	 0.0812604 	 89.1964 	 89.1964 	 89.1964 	 0 	 45 	 45 	 45 	 0 	 227 	 682 	 351.115 	 34.7797 	 2 	 4500.24 	 0.560707 	 37.3866 	 37.3866 	 37.3866 	 0 	 187 	 40 	 113.5 	 103.945 	  Tumour 
9 	 693.925 	 365.33 	 686.805 	 404.293 	 6376 	 107.279 	 76.4257 	 0.701775 	 0.963288 	 324.777 	 554.179 	 193.167 	 0.348564 	 356.244 	 437.981 	 41 	 42 	 1349.61 	 948.263 	 1 	 0 	 0 	 NaN 	 NaN 	 NaN 	 NaN 	 41 	 41 	 41 	 0 	 122 	 202 	 302.836 	 -13.4988 	 2 	 74.8746 	 0.0117432 	 16.2773 	 16.2773 	 16.2773 	 0 	 74 	 48 	 61 	 18.3848 	  Tumour 
10 	 763.893 	 554.825 	 600.601 	 293.246 	 9025 	 115.304 	 101.505 	 0.47438 	 0.970534 	 374.09 	 504.856 	 192.849 	 0.381989 	 283.084 	 388.658 	 90 	 585 	 2056.18 	 1654.83 	 2 	 989.036 	 0.109588 	 68.0074 	 68.0074 	 68.0074 	 0 	 45 	 45 	 45 	 0 	 321 	 1186 	 359.305 	 42.9705 	 4 	 1950.9 	 0.216167 	 58.5687 	 10.2609 	 31.3507 	 20.2047 	 144 	 43 	 80.25 	 46.636 	  Tumour 
11 	 893.674 	 531.186 	 721.336 	 163.441 	 7321 	 112.004 	 83.8593 	 0.662892 	 0.964813 	 347.262 	 473.773 	 126.412 	 0.266819 	 250.581 	 357.574 	 18 	 19 	 1830.28 	 1428.93 	 1 	 0 	 0 	 NaN 	 NaN 	 NaN 	 NaN 	 18 	 18 	 18 	 0 	 186 	 292 	 294.597 	 -21.7381 	 2 	 3488.21 	 0.476466 	 17.8791 	 17.8791 	 17.8791 	 0 	 96 	 90 	 93 	 4.24264 	  Tumour 
12 	 940.87 	 629.374 	 716.95 	 144.402 	 11848 	 134.414 	 113.804 	 0.532113 	 0.972104 	 439.387 	 908.224 	 329.616 	 0.362924 	 643.063 	 792.026 	 135 	 776 	 1409.79 	 1008.45 	 3 	 1166.99 	 0.0984972 	 55.0273 	 21.2603 	 38.1134 	 15.1011 	 45 	 45 	 45 	 0 	 595 	 1949 	 409.568 	 93.2332 	 5 	 2091.1 	 0.176494 	 47.8452 	 14.246 	 31.0049 	 12.0684 	 205 	 30 	 119 	 74.3539 	  Tumour 
13 	 961.773 	 440.73 	 827.834 	 139.388 	 10557 	 154.477 	 87.2803 	 0.825087 	 0.974792 	 414.759 	 625.492 	 148.95 	 0.238132 	 400.558 	 509.294 	 45 	 45 	 1600.22 	 1198.88 	 1 	 0 	 0 	 NaN 	 NaN 	 NaN 	 NaN 	 45 	 45 	 45 	 0 	 307 	 1561 	 277.583 	 -38.7518 	 4 	 2191.56 	 0.207593 	 56.3258 	 14.1566 	 41.1794 	 19.5184 	 120 	 38 	 76.75 	 35.8829 	  Tumour 
14 	 1061.91 	 140.252 	 1098.84 	 403.031 	 10503 	 128.834 	 107.64 	 0.549495 	 0.935429 	 458.759 	 975.061 	 492.208 	 0.504797 	 607.561 	 858.863 	 135 	 1309 	 2075.78 	 1674.43 	 3 	 640.195 	 0.0609536 	 68.352 	 23.3452 	 50.5685 	 21.4147 	 45 	 45 	 45 	 0 	 583 	 2561 	 439.772 	 123.437 	 5 	 2914.41 	 0.277483 	 77.7032 	 14.0955 	 42.2309 	 20.9431 	 220 	 31 	 97.1667 	 70.8503 	  Tumour 
15 	 1056.76 	 543.05 	 203.002 	 139.388 	 4885 	 103.575 	 60.5292 	 0.811466 	 0.957655 	 289.321 	 586.858 	 201.312 	 0.343034 	 348.466 	 470.659 	 0 	 0 	 NaN 	 NaN 	 0 	 0 	 0 	 NaN 	 NaN 	 NaN 	 NaN 	 0 	 0 	 NaN 	 NaN 	 0 	 0 	 NaN 	 NaN 	 0 	 0 	 0 	 NaN 	 NaN 	 NaN 	 NaN 	 0 	 0 	 NaN 	 NaN 	  DCIS 
16 	 1083.93 	 265.241 	 1031.41 	 279.308 	 6307 	 92.5367 	 90.139 	 0.226165 	 0.965406 	 322.309 	 1741.64 	 573.252 	 0.329145 	 975.261 	 1625.44 	 180 	 1231 	 2162.02 	 1760.67 	 3 	 1693 	 0.268432 	 53.0094 	 27.0416 	 41.5768 	 11.8592 	 90 	 45 	 60 	 25.9808 	 320 	 1093 	 633.681 	 317.346 	 4 	 3156.14 	 0.500418 	 54.3373 	 18.7093 	 31.6256 	 12.6358 	 223 	 3 	 80 	 98.0544 	  Tumour 
17 	 1077.91 	 852.577 	 284.459 	 262.574 	 4564 	 82.079 	 72.1618 	 0.476498 	 0.968591 	 264.392 	 724.227 	 269.503 	 0.372125 	 530.873 	 608.028 	 0 	 0 	 NaN 	 NaN 	 0 	 0 	 0 	 NaN 	 NaN 	 NaN 	 NaN 	 0 	 0 	 NaN 	 NaN 	 0 	 0 	 NaN 	 NaN 	 0 	 0 	 0 	 NaN 	 NaN 	 NaN 	 NaN 	 0 	 0 	 NaN 	 NaN 	  DCIS 
18 	 1164.7 	 367.209 	 1038.06 	 206.495 	 10789 	 157.031 	 87.9922 	 0.828256 	 0.975762 	 428.032 	 1030.42 	 374.833 	 0.363769 	 705.362 	 914.218 	 45 	 45 	 1335.93 	 934.586 	 1 	 0 	 0 	 NaN 	 NaN 	 NaN 	 NaN 	 45 	 45 	 45 	 0 	 569 	 2902 	 417.615 	 101.28 	 6 	 2640.49 	 0.24474 	 76.4415 	 11.2092 	 42.7686 	 18.8471 	 156 	 29 	 94.8333 	 48.164 	  Tumour 
19 	 1144.23 	 182.398 	 1130.64 	 371.335 	 3034 	 89.2795 	 44.2655 	 0.868432 	 0.939028 	 236.024 	 1673.2 	 775.605 	 0.463545 	 953.33 	 1557 	 90 	 520 	 2528.48 	 2127.13 	 2 	 332.629 	 0.109634 	 60.0833 	 60.0833 	 60.0833 	 0 	 45 	 45 	 45 	 0 	 231 	 731 	 865.909 	 549.574 	 2 	 822.094 	 0.27096 	 57.8705 	 57.8705 	 57.8705 	 0 	 215 	 16 	 115.5 	 140.714 	  Tumour 
20 	 1255.54 	 212.771 	 1199.58 	 385.358 	 10418 	 146.523 	 92.2965 	 0.776667 	 0.940338 	 462.943 	 851.26 	 384.623 	 0.451828 	 436.58 	 735.061 	 135 	 522 	 1870.24 	 1468.9 	 3 	 2358.47 	 0.226384 	 51.6624 	 12.2066 	 34.5645 	 18.1095 	 45 	 45 	 45 	 0 	 79 	 79 	 463.595 	 147.26 	 1 	 0 	 0 	 NaN 	 NaN 	 NaN 	 NaN 	 79 	 79 	 79 	 0 	  Tumour 
21 	 1243.53 	 622.091 	 203.002 	 250.14 	 5937 	 97.8262 	 79.6165 	 0.581065 	 0.973598 	 306.877 	 759.29 	 272.18 	 0.358467 	 543.872 	 643.091 	 0 	 0 	 NaN 	 NaN 	 0 	 0 	 0 	 NaN 	 NaN 	 NaN 	 NaN 	 0 	 0 	 NaN 	 NaN 	 0 	 0 	 NaN 	 NaN 	 0 	 0 	 0 	 NaN 	 NaN 	 NaN 	 NaN 	 0 	 0 	 NaN 	 NaN 	  DCIS 
22 	 1310.85 	 381.262 	 1158 	 250.14 	 9836 	 116.544 	 107.866 	 0.378653 	 0.980658 	 390.517 	 1134.24 	 483.539 	 0.426313 	 820.84 	 1018.04 	 90 	 245 	 1386.82 	 985.475 	 2 	 505.4 	 0.0513827 	 28.0179 	 28.0179 	 28.0179 	 0 	 45 	 45 	 45 	 0 	 497 	 2772 	 421.648 	 105.313 	 8 	 2539.56 	 0.258191 	 61.3131 	 8.11783 	 37.7739 	 14.8478 	 146 	 24 	 62.125 	 43.0728 	  Tumour 
23 	 1362.14 	 292.805 	 1245.08 	 349.521 	 3867 	 81.2994 	 63.3303 	 0.627052 	 0.96458 	 252.551 	 746.152 	 233.776 	 0.313309 	 464.884 	 629.953 	 0 	 0 	 NaN 	 NaN 	 0 	 0 	 0 	 NaN 	 NaN 	 NaN 	 NaN 	 0 	 0 	 NaN 	 NaN 	 0 	 0 	 NaN 	 NaN 	 0 	 0 	 0 	 NaN 	 NaN 	 NaN 	 NaN 	 0 	 0 	 NaN 	 NaN 	  Tumour 
24 	 1520.67 	 743.996 	 1248.9 	 302.676 	 7304 	 125.217 	 74.9244 	 0.801231 	 0.973088 	 346.777 	 596.406 	 155.573 	 0.260851 	 365.283 	 480.208 	 0 	 0 	 NaN 	 NaN 	 0 	 0 	 0 	 NaN 	 NaN 	 NaN 	 NaN 	 0 	 0 	 NaN 	 NaN 	 329 	 415 	 381.957 	 65.6226 	 2 	 2860.42 	 0.391624 	 15.8751 	 15.8751 	 15.8751 	 0 	 295 	 34 	 164.5 	 184.555 	  Tumour 
25 	 1541.12 	 403.103 	 1357.65 	 369.012 	 6827 	 113.474 	 77.7009 	 0.728784 	 0.97766 	 323.463 	 916.206 	 269.274 	 0.293901 	 561.64 	 800.008 	 90 	 94 	 1373.7 	 972.353 	 1 	 0 	 0 	 NaN 	 NaN 	 NaN 	 NaN 	 90 	 90 	 90 	 0 	 325 	 577 	 396.618 	 80.2836 	 3 	 4413.97 	 0.646546 	 22.7798 	 13.6053 	 18.819 	 4.21619 	 244 	 36 	 108.333 	 117.577 	  Tumour 
26 	 1545.33 	 310.355 	 1399.06 	 433.526 	 6216 	 97.2498 	 81.7037 	 0.542365 	 0.973532 	 315.605 	 1133.23 	 533.717 	 0.47097 	 801.402 	 1017.03 	 90 	 511 	 1929.04 	 1527.7 	 2 	 265.189 	 0.0426623 	 57.8014 	 57.8014 	 57.8014 	 0 	 45 	 45 	 45 	 0 	 413 	 950 	 565.62 	 249.285 	 2 	 1728.42 	 0.27806 	 38.5626 	 38.5626 	 38.5626 	 0 	 335 	 78 	 206.5 	 181.726 	  Tumour 
27 	 1559.24 	 502.8 	 1340.22 	 336.728 	 6244 	 115.78 	 69.79 	 0.797907 	 0.955617 	 320.291 	 717.129 	 194.881 	 0.271751 	 450.89 	 600.931 	 84 	 369 	 2148.94 	 1747.59 	 2 	 1952.05 	 0.312627 	 46.7193 	 46.7193 	 46.7193 	 0 	 45 	 39 	 42 	 4.24264 	 528 	 1663 	 416.653 	 100.319 	 3 	 2565.73 	 0.410911 	 50.5431 	 27.4316 	 38.7894 	 10.3404 	 235 	 64 	 176 	 97.0412 	  Tumour 
28 	 1568.44 	 183.307 	 1478.49 	 545.616 	 8198 	 135.85 	 77.4687 	 0.821469 	 0.933819 	 395.546 	 905.239 	 273.765 	 0.302423 	 512.242 	 789.041 	 135 	 1794 	 2189.69 	 1788.34 	 3 	 926.166 	 0.112975 	 71.1126 	 41.7612 	 55.2156 	 13.262 	 45 	 45 	 45 	 0 	 604 	 1942 	 414.346 	 98.0112 	 3 	 2146.36 	 0.261815 	 46.9708 	 25.5387 	 39.1446 	 10.5787 	 357 	 60 	 201.333 	 149.018 	  Tumour 
29 	 1602.35 	 82.3601 	 1559.71 	 647.892 	 9996 	 138.782 	 92.9264 	 0.742733 	 0.951185 	 414.032 	 1180.76 	 438.995 	 0.371791 	 776.981 	 1064.56 	 180 	 1494 	 1585.33 	 1183.98 	 4 	 2367.01 	 0.236796 	 68.4763 	 9.48683 	 41.1823 	 23.038 	 45 	 45 	 45 	 0 	 620 	 2320 	 429.76 	 113.425 	 6 	 2405.81 	 0.240677 	 70.2337 	 14.1212 	 41.4712 	 20.994 	 239 	 36 	 103.333 	 92.0449 	  Tumour 
30 	 1687.34 	 806.547 	 1407.23 	 322.591 	 4948 	 93.9031 	 67.4046 	 0.696239 	 0.979027 	 279.321 	 895.341 	 317.545 	 0.354664 	 638.143 	 779.143 	 90 	 345 	 1295.77 	 894.419 	 2 	 1010.54 	 0.204232 	 37.9473 	 37.9473 	 37.9473 	 0 	 45 	 45 	 45 	 0 	 268 	 310 	 529.097 	 212.762 	 1 	 0 	 0 	 NaN 	 NaN 	 NaN 	 NaN 	 268 	 268 	 268 	 0 	  Tumour 
31 	 1698.95 	 187.048 	 1591.75 	 598.178 	 7634 	 127.655 	 76.5419 	 0.800301 	 0.973849 	 356.233 	 1045.65 	 356.653 	 0.341084 	 698.356 	 929.449 	 135 	 2292 	 1498.27 	 1096.92 	 3 	 488.784 	 0.0640272 	 97.9439 	 43.9659 	 70.8735 	 24.14 	 45 	 45 	 45 	 0 	 344 	 1453 	 330.86 	 14.5256 	 3 	 943.195 	 0.123552 	 72.5469 	 24.6552 	 50.3277 	 21.5842 	 151 	 53 	 114.667 	 53.6874 	  Tumour 
32 	 1735.26 	 569.199 	 1491.91 	 461.767 	 11482 	 141.402 	 103.769 	 0.6793 	 0.979693 	 418.718 	 856.798 	 213.322 	 0.248976 	 537.668 	 740.6 	 135 	 826 	 1445.62 	 1044.28 	 3 	 2239.58 	 0.195052 	 91.6079 	 25.2389 	 61.0823 	 29.9656 	 45 	 45 	 45 	 0 	 642 	 1642 	 370.604 	 54.2695 	 4 	 1687.29 	 0.146951 	 64.0196 	 14.6061 	 35.9209 	 18.5504 	 276 	 52 	 160.5 	 113.893 	  Tumour 
33 	 1746.51 	 301.401 	 1587.01 	 546.06 	 8774 	 125.252 	 90.889 	 0.688066 	 0.969074 	 401.831 	 1160.56 	 455.272 	 0.392287 	 796.282 	 1044.36 	 135 	 967 	 1914.3 	 1512.95 	 3 	 509.746 	 0.0580973 	 78.2304 	 33.8378 	 52.7797 	 20.4831 	 45 	 45 	 45 	 0 	 598 	 1965 	 411.184 	 94.8491 	 4 	 2908.44 	 0.331484 	 50.5833 	 11.1545 	 32.1192 	 13.8006 	 238 	 32 	 119.6 	 106.678 	  Tumour 
34 	 1745.36 	 410.17 	 1546.14 	 544.008 	 6484 	 99.0768 	 83.6901 	 0.535242 	 0.977831 	 318.434 	 1206.65 	 490.601 	 0.406582 	 871.195 	 1090.45 	 90 	 266 	 1242.76 	 841.408 	 2 	 1412.37 	 0.217824 	 31.0161 	 31.0161 	 31.0161 	 0 	 45 	 45 	 45 	 0 	 309 	 538 	 435.162 	 118.827 	 2 	 1142.32 	 0.176175 	 27.0139 	 27.0139 	 27.0139 	 0 	 179 	 130 	 154.5 	 34.6482 	  Tumour 
35 	 1800.88 	 823.848 	 1519.79 	 267.72 	 8577 	 142.625 	 76.8069 	 0.84261 	 0.982699 	 382.233 	 858.708 	 291.074 	 0.338967 	 602.158 	 742.509 	 90 	 465 	 1761.27 	 1359.92 	 2 	 890.538 	 0.103829 	 52.1536 	 52.1536 	 52.1536 	 0 	 45 	 45 	 45 	 0 	 676 	 2129 	 377.917 	 61.5823 	 5 	 910.451 	 0.10615 	 50.1825 	 11.2917 	 30.4694 	 12.4158 	 263 	 64 	 135.2 	 83.6791 	  Tumour 
36 	 2051.4 	 688.858 	 1781.52 	 210.117 	 12072 	 179.093 	 89.2668 	 0.866924 	 0.921808 	 493.872 	 748.54 	 216.661 	 0.289445 	 509.299 	 632.342 	 135 	 1135 	 1242.93 	 841.579 	 3 	 2707.24 	 0.224257 	 83.2586 	 27.0185 	 56.4511 	 25.2334 	 45 	 45 	 45 	 0 	 411 	 1540 	 347.815 	 31.4803 	 3 	 3847 	 0.318671 	 70.2496 	 17.7552 	 49.7846 	 25.1272 	 232 	 42 	 137 	 95 	  Tumour 
37 	 2058.47 	 899.235 	 1062.42 	 210.117 	 5706 	 137.904 	 60.2895 	 0.899372 	 0.850753 	 359.505 	 720.362 	 222.959 	 0.309509 	 503.131 	 604.164 	 90 	 435 	 524.144 	 122.797 	 2 	 798.534 	 0.139946 	 50.9902 	 50.9902 	 50.9902 	 0 	 45 	 45 	 45 	 0 	 181 	 1230 	 248.613 	 -67.7216 	 3 	 972.527 	 0.170439 	 57.7476 	 28.1333 	 42.9532 	 13.2439 	 77 	 50 	 60.3333 	 14.5717 	  DCIS 
38 	 2295.39 	 136.057 	 1303.19 	 572.301 	 5200 	 113.051 	 60.8452 	 0.842811 	 0.905766 	 323.706 	 1122.1 	 479.056 	 0.426927 	 839.806 	 1005.9 	 45 	 45 	 1664.53 	 1263.19 	 1 	 0 	 0 	 NaN 	 NaN 	 NaN 	 NaN 	 45 	 45 	 45 	 0 	 45 	 45 	 255.133 	 -61.2015 	 1 	 0 	 0 	 NaN 	 NaN 	 NaN 	 NaN 	 45 	 45 	 45 	 0 	  DCIS 
39 	 2276.12 	 985.658 	 1297 	 340.125 	 5196 	 97.6889 	 68.3954 	 0.714011 	 0.952172 	 312.919 	 800.331 	 291.306 	 0.363982 	 548.649 	 684.133 	 90 	 232 	 555.444 	 154.097 	 2 	 191.638 	 0.0368818 	 25.1794 	 25.1794 	 25.1794 	 0 	 45 	 45 	 45 	 0 	 79 	 184 	 279.228 	 -37.107 	 2 	 1101.8 	 0.212049 	 19.0311 	 19.0311 	 19.0311 	 0 	 46 	 33 	 39.5 	 9.19239 	  DCIS 
40 	 2292.34 	 267.268 	 1265.46 	 485.968 	 4401 	 107.384 	 52.5951 	 0.871842 	 0.968317 	 281.019 	 793.315 	 233.07 	 0.293792 	 568.81 	 677.117 	 45 	 45 	 1093.49 	 692.142 	 1 	 0 	 0 	 NaN 	 NaN 	 NaN 	 NaN 	 45 	 45 	 45 	 0 	 90 	 290 	 235.356 	 -80.9793 	 2 	 222.689 	 0.0505997 	 30.4138 	 30.4138 	 30.4138 	 0 	 45 	 45 	 45 	 0 	  DCIS 
41 	 2336.88 	 711.599 	 1291.11 	 286.923 	 5049 	 110.61 	 61.1581 	 0.833238 	 0.956069 	 298.392 	 816.511 	 360.896 	 0.441998 	 599.491 	 700.313 	 88 	 355 	 1113.82 	 712.471 	 2 	 1227.79 	 0.243174 	 39.4736 	 39.4736 	 39.4736 	 0 	 45 	 43 	 44 	 1.41421 	 138 	 405 	 292.326 	 -24.0087 	 2 	 687.382 	 0.136142 	 33.1414 	 33.1414 	 33.1414 	 0 	 69 	 69 	 69 	 0 	  DCIS 
42 	 2375.22 	 113.886 	 1386.06 	 655.25 	 3500 	 102.489 	 44.1694 	 0.902368 	 0.946202 	 271.037 	 2176.73 	 692.019 	 0.317917 	 1552.67 	 2060.53 	 90 	 215 	 1658.41 	 1257.06 	 2 	 658.157 	 0.188045 	 22.3607 	 22.3607 	 22.3607 	 0 	 45 	 45 	 45 	 0 	 90 	 163 	 448.133 	 131.799 	 2 	 163.248 	 0.0466424 	 14.8661 	 14.8661 	 14.8661 	 0 	 45 	 45 	 45 	 0 	  DCIS 
43 	 2482.08 	 132.125 	 1483.09 	 602.957 	 7399 	 166.131 	 58.9499 	 0.934927 	 0.955449 	 417.463 	 1550.68 	 708.353 	 0.4568 	 1128.12 	 1434.49 	 90 	 197 	 1712.56 	 1311.21 	 2 	 1206.89 	 0.163115 	 20.2237 	 20.2237 	 20.2237 	 0 	 45 	 45 	 45 	 0 	 135 	 1051 	 399.007 	 82.6726 	 3 	 1306.03 	 0.176515 	 47.4236 	 24.1661 	 39.2291 	 11.6828 	 45 	 45 	 45 	 0 	  DCIS 
44 	 2601.84 	 888.682 	 2318.16 	 163.67 	 7873 	 137.144 	 73.661 	 0.843515 	 0.978742 	 364.475 	 846.873 	 279.771 	 0.330358 	 589.765 	 730.674 	 135 	 789 	 1517.86 	 1116.51 	 3 	 600.305 	 0.0762485 	 43.909 	 15.8114 	 34.4288 	 14.4218 	 45 	 45 	 45 	 0 	 417 	 1318 	 442.187 	 125.852 	 3 	 2706.81 	 0.343809 	 32.8053 	 30.474 	 31.5288 	 1.05659 	 201 	 41 	 139 	 85.8604 	  Tumour 
45 	 2650.93 	 141.086 	 1643.91 	 552.946 	 2639 	 92.342 	 38.1875 	 0.910484 	 0.921117 	 238.551 	 975.085 	 412.348 	 0.422884 	 735.992 	 858.887 	 45 	 45 	 2074.11 	 1672.76 	 1 	 0 	 0 	 NaN 	 NaN 	 NaN 	 NaN 	 45 	 45 	 45 	 0 	 0 	 0 	 NaN 	 NaN 	 0 	 0 	 0 	 NaN 	 NaN 	 NaN 	 NaN 	 0 	 0 	 NaN 	 NaN 	  DCIS 
46 	 2669.67 	 784.629 	 2389.59 	 60.0333 	 6203 	 109.484 	 73.4897 	 0.741246 	 0.964547 	 318.735 	 926.671 	 322.451 	 0.347967 	 624.068 	 810.473 	 135 	 836 	 917.119 	 515.771 	 3 	 1564.55 	 0.252224 	 81.0432 	 16.1245 	 54.227 	 30.3202 	 45 	 45 	 45 	 0 	 418 	 1627 	 331.411 	 15.0767 	 3 	 1966.65 	 0.317047 	 52.0439 	 10.2075 	 37.1192 	 17.6083 	 262 	 40 	 104.5 	 105.545 	  Tumour 
47 	 2708.39 	 691.028 	 2434.42 	 98.4886 	 7331 	 109.327 	 87.1903 	 0.603298 	 0.969709 	 344.291 	 914.765 	 282.741 	 0.309086 	 647.658 	 798.567 	 90 	 194 	 1394.11 	 992.764 	 2 	 3199.71 	 0.436463 	 19.4165 	 19.4165 	 19.4165 	 0 	 45 	 45 	 45 	 0 	 234 	 672 	 417.436 	 101.101 	 2 	 837.764 	 0.114277 	 41.434 	 41.434 	 41.434 	 0 	 186 	 48 	 117 	 97.5807 	  Tumour 
48 	 2730.23 	 787.364 	 1690.7 	 60.0333 	 3402 	 93.1532 	 47.5182 	 0.860111 	 0.926218 	 261.421 	 615.141 	 116.389 	 0.189207 	 338.853 	 498.943 	 0 	 0 	 NaN 	 NaN 	 0 	 0 	 0 	 NaN 	 NaN 	 NaN 	 NaN 	 0 	 0 	 NaN 	 NaN 	 0 	 0 	 NaN 	 NaN 	 0 	 0 	 0 	 NaN 	 NaN 	 NaN 	 NaN 	 0 	 0 	 NaN 	 NaN 	  DCIS 
49 	 1439 	 1183.07 	 745.335 	 446.593 	 2806 	 108.659 	 35.21 	 0.946042 	 0.919096 	 257.681 	 506.909 	 123.088 	 0.242821 	 352.858 	 390.711 	 45 	 45 	 759.378 	 358.031 	 1 	 0 	 0 	 NaN 	 NaN 	 NaN 	 NaN 	 45 	 45 	 45 	 0 	 149 	 505 	 210.235 	 -106.1 	 2 	 557.039 	 0.198517 	 42.6292 	 42.6292 	 42.6292 	 0 	 86 	 63 	 74.5 	 16.2635 	  Other 
50 	 1437.51 	 1962.19 	 1557.51 	 357.302 	 6314 	 103.349 	 79.1061 	 0.643523 	 0.965296 	 317.907 	 935.317 	 334.205 	 0.357318 	 590.158 	 819.118 	 45 	 45 	 1449.62 	 1048.28 	 1 	 0 	 0 	 NaN 	 NaN 	 NaN 	 NaN 	 45 	 45 	 45 	 0 	 192 	 219 	 416.359 	 100.025 	 1 	 0 	 0 	 NaN 	 NaN 	 NaN 	 NaN 	 192 	 192 	 192 	 0 	  Tumour 
51 	 1470.13 	 1890.72 	 1535.32 	 279.428 	 3356 	 80.8385 	 53.4174 	 0.750569 	 0.950439 	 233.581 	 941.012 	 264.775 	 0.281373 	 460.49 	 824.813 	 45 	 45 	 1452.04 	 1050.7 	 1 	 0 	 0 	 NaN 	 NaN 	 NaN 	 NaN 	 45 	 45 	 45 	 0 	 268 	 317 	 365.478 	 49.1428 	 1 	 0 	 0 	 NaN 	 NaN 	 NaN 	 NaN 	 268 	 268 	 268 	 0 	  Tumour 
52 	 1536.89 	 1850.03 	 1562.81 	 219.659 	 5553 	 96.0897 	 75.5075 	 0.618478 	 0.942145 	 308.676 	 930.059 	 318.774 	 0.342747 	 493.661 	 813.86 	 90 	 375 	 1239.73 	 838.386 	 2 	 811.414 	 0.146122 	 46.0435 	 46.0435 	 46.0435 	 0 	 45 	 45 	 45 	 0 	 641 	 1222 	 331.725 	 15.3906 	 3 	 1721.59 	 0.310028 	 39.4658 	 14.4032 	 25.8096 	 10.0001 	 276 	 45 	 160.25 	 109.024 	  Tumour 
53 	 1582.28 	 1634.77 	 1211.65 	 199.462 	 5976 	 161.957 	 47.3158 	 0.956372 	 0.967773 	 381.63 	 787.997 	 299.465 	 0.380032 	 548.333 	 671.799 	 45 	 45 	 1552.6 	 1151.25 	 1 	 0 	 0 	 NaN 	 NaN 	 NaN 	 NaN 	 45 	 45 	 45 	 0 	 97 	 104 	 293.505 	 -22.8297 	 1 	 0 	 0 	 NaN 	 NaN 	 NaN 	 NaN 	 97 	 97 	 97 	 0 	  Fib 
54 	 1625.93 	 1984.5 	 1715.11 	 351.763 	 6569 	 113.324 	 74.9333 	 0.750185 	 0.955213 	 336.191 	 721.042 	 242.559 	 0.336401 	 451.06 	 604.843 	 90 	 187 	 992.7 	 591.353 	 2 	 709.82 	 0.108056 	 17.8045 	 17.8045 	 17.8045 	 0 	 45 	 45 	 45 	 0 	 268 	 636 	 292.082 	 -24.2527 	 3 	 955.408 	 0.145442 	 33.9792 	 11.234 	 24.8415 	 10.7451 	 168 	 41 	 89.3333 	 68.7192 	  Tumour 
55 	 1658.66 	 1818.77 	 1645 	 199.462 	 6244 	 119.305 	 67.349 	 0.825427 	 0.985947 	 315.823 	 1336 	 437.374 	 0.327375 	 682.004 	 1219.81 	 90 	 532 	 1478.02 	 1076.67 	 2 	 461.567 	 0.0739217 	 69.0072 	 69.0072 	 69.0072 	 0 	 45 	 45 	 45 	 0 	 350 	 1346 	 359.789 	 43.4537 	 3 	 3422.67 	 0.548153 	 51.1335 	 21.9249 	 39.3057 	 13.7524 	 199 	 18 	 116.667 	 91.5988 	  Tumour 
56 	 1675.23 	 1904.19 	 1706.17 	 284.623 	 6046 	 100.484 	 77.5657 	 0.63572 	 0.953177 	 324.676 	 707.219 	 221.846 	 0.313688 	 414.478 	 591.021 	 85 	 87 	 1062.51 	 661.159 	 1 	 0 	 0 	 NaN 	 NaN 	 NaN 	 NaN 	 85 	 85 	 85 	 0 	 247 	 295 	 332.935 	 16.6004 	 0 	 0 	 0 	 NaN 	 NaN 	 NaN 	 NaN 	 0 	 0 	 247 	 0 	  Tumour 
57 	 1731.41 	 1383.91 	 1077.76 	 395.373 	 3192 	 102.148 	 40.9981 	 0.91592 	 0.921744 	 258.593 	 730.549 	 285.55 	 0.39087 	 524.645 	 614.351 	 45 	 45 	 1105.73 	 704.386 	 1 	 0 	 0 	 NaN 	 NaN 	 NaN 	 NaN 	 45 	 45 	 45 	 0 	 81 	 86 	 268.938 	 -47.3966 	 1 	 0 	 0 	 NaN 	 NaN 	 NaN 	 NaN 	 81 	 81 	 81 	 0 	  Fib 
58 	 1748.28 	 1871.44 	 1747.95 	 288.534 	 5411 	 87.8503 	 79.4002 	 0.427929 	 0.972677 	 284.551 	 893.675 	 225.89 	 0.252765 	 472.89 	 777.476 	 45 	 45 	 1596.47 	 1195.12 	 1 	 0 	 0 	 NaN 	 NaN 	 NaN 	 NaN 	 45 	 45 	 45 	 0 	 298 	 798 	 403.386 	 87.0511 	 2 	 3191.41 	 0.5898 	 39.618 	 39.618 	 39.618 	 0 	 244 	 54 	 149 	 134.35 	  Tumour 
59 	 1807.03 	 1771.55 	 1747.07 	 263.427 	 4220 	 80.5104 	 67.5219 	 0.544635 	 0.974146 	 248.551 	 1304.54 	 387.712 	 0.297203 	 799.838 	 1188.34 	 109 	 701 	 2048.77 	 1647.42 	 3 	 481.001 	 0.113981 	 49.146 	 16.3501 	 34.93 	 15.0512 	 45 	 19 	 36.3333 	 15.0111 	 678 	 1764 	 455.078 	 138.743 	 4 	 512.715 	 0.121496 	 52.6588 	 14.5521 	 32.9323 	 13.5757 	 333 	 58 	 169.5 	 119.389 	  Tumour 
60 	 1839.74 	 1091.21 	 955.716 	 269.833 	 3934 	 80.1105 	 62.9207 	 0.618959 	 0.980314 	 242.35 	 1174.41 	 710.211 	 0.604739 	 948.778 	 1058.21 	 45 	 45 	 2325.8 	 1924.45 	 1 	 0 	 0 	 NaN 	 NaN 	 NaN 	 NaN 	 45 	 45 	 45 	 0 	 62 	 63 	 530.79 	 214.455 	 1 	 0 	 0 	 NaN 	 NaN 	 NaN 	 NaN 	 62 	 62 	 62 	 0 	  Other 
61 	 2411.91 	 1551.58 	 1689.41 	 643.758 	 1848 	 62.1548 	 38.6295 	 0.78341 	 0.965013 	 172.267 	 906.228 	 421.733 	 0.465372 	 716.199 	 790.03 	 45 	 45 	 913.067 	 511.719 	 1 	 0 	 0 	 NaN 	 NaN 	 NaN 	 NaN 	 45 	 45 	 45 	 0 	 0 	 0 	 NaN 	 NaN 	 0 	 0 	 0 	 NaN 	 NaN 	 NaN 	 NaN 	 0 	 0 	 NaN 	 NaN 	  Other 
62 	 2502.32 	 1565.87 	 1770.47 	 684.346 	 3067 	 94.9558 	 42.9392 	 0.891915 	 0.922684 	 244.894 	 595.739 	 221.616 	 0.372002 	 407.93 	 479.541 	 0 	 0 	 NaN 	 NaN 	 0 	 0 	 0 	 NaN 	 NaN 	 NaN 	 NaN 	 0 	 0 	 NaN 	 NaN 	 70 	 71 	 204.843 	 -111.492 	 1 	 0 	 0 	 NaN 	 NaN 	 NaN 	 NaN 	 70 	 70 	 70 	 0 	  DCIS 
63 	 53.1879 	 1509.01 	 636.404 	 80.5295 	 8153 	 115.945 	 89.8092 	 0.632473 	 0.981343 	 353.463 	 753.303 	 205.065 	 0.272222 	 521.091 	 637.105 	 90 	 601 	 975.144 	 573.797 	 2 	 773.701 	 0.0948976 	 69.4046 	 69.4046 	 69.4046 	 0 	 45 	 45 	 45 	 0 	 489 	 1525 	 304.047 	 -12.2878 	 7 	 2983.43 	 0.365931 	 61.944 	 9.40378 	 26.6559 	 14.6421 	 121 	 37 	 69.8571 	 37.5696 	  Tumour 
64 	 50.1853 	 1948.41 	 1728.6 	 338.143 	 4031 	 103.028 	 50.7267 	 0.870393 	 0.949811 	 267.179 	 633.782 	 179.319 	 0.282934 	 440.717 	 517.583 	 90 	 450 	 1576.23 	 1174.89 	 2 	 851.103 	 0.211139 	 50.6952 	 50.6952 	 50.6952 	 0 	 45 	 45 	 45 	 0 	 365 	 784 	 330.312 	 13.9775 	 2 	 154.231 	 0.0382612 	 35.4155 	 35.4155 	 35.4155 	 0 	 210 	 155 	 182.5 	 38.8909 	  DCIS 
65 	 92.2546 	 1335.26 	 460.896 	 135.68 	 9681 	 123.219 	 105.75 	 0.513261 	 0.954169 	 401.889 	 553.448 	 197.787 	 0.357372 	 340.926 	 437.25 	 180 	 2167 	 1495.68 	 1094.34 	 4 	 3074.71 	 0.317602 	 76.9025 	 20.3961 	 49.2169 	 22.6602 	 45 	 45 	 45 	 0 	 443 	 2451 	 305.027 	 -11.3077 	 4 	 4624.1 	 0.477647 	 59.212 	 17.8296 	 45.0174 	 14.9373 	 227 	 46 	 110.75 	 82.0259 	  Tumour 
66 	 121.041 	 1215.59 	 341.422 	 247.518 	 7084 	 121.28 	 76.1011 	 0.778632 	 0.940146 	 353.605 	 867.694 	 345.724 	 0.39844 	 521.291 	 751.496 	 135 	 713 	 2136.04 	 1734.7 	 3 	 1342.62 	 0.189529 	 49.4773 	 20.8806 	 34.5482 	 12.8261 	 45 	 45 	 45 	 0 	 428 	 622 	 500.72 	 184.385 	 2 	 1726.91 	 0.243776 	 20.8204 	 20.8204 	 20.8204 	 0 	 257 	 171 	 214 	 60.8112 	  Tumour 
67 	 126.185 	 1542.65 	 1366.29 	 80.5295 	 2390 	 60.6521 	 51.1326 	 0.537839 	 0.970755 	 194.451 	 604.153 	 207.8 	 0.343953 	 346.615 	 487.955 	 90 	 164 	 1245.22 	 843.875 	 2 	 205.341 	 0.0859168 	 14.7648 	 14.7648 	 14.7648 	 0 	 45 	 45 	 45 	 0 	 109 	 112 	 344.936 	 28.601 	 1 	 0 	 0 	 NaN 	 NaN 	 NaN 	 NaN 	 109 	 109 	 109 	 0 	  Other 
68 	 137.004 	 1463.25 	 1301.08 	 95.7706 	 3779 	 78.7522 	 61.8487 	 0.619041 	 0.947118 	 250.836 	 589.511 	 142.382 	 0.241525 	 367.496 	 473.313 	 0 	 0 	 NaN 	 NaN 	 0 	 0 	 0 	 NaN 	 NaN 	 NaN 	 NaN 	 0 	 0 	 NaN 	 NaN 	 0 	 0 	 NaN 	 NaN 	 0 	 0 	 0 	 NaN 	 NaN 	 NaN 	 NaN 	 0 	 0 	 NaN 	 NaN 	  DCIS 
69 	 180.671 	 1161.18 	 265.771 	 305.188 	 6760 	 100.522 	 86.0628 	 0.516719 	 0.970846 	 319.463 	 1275.51 	 367.801 	 0.288357 	 849.89 	 1159.31 	 180 	 1872 	 1897.88 	 1496.53 	 4 	 482.996 	 0.0714491 	 71.1126 	 23.1948 	 49.2547 	 20.1081 	 45 	 45 	 45 	 0 	 678 	 1944 	 414.627 	 98.292 	 3 	 863.717 	 0.127769 	 48.5045 	 32.3558 	 37.7536 	 8.32759 	 323 	 71 	 226 	 135.643 	  Tumour 
70 	 196.279 	 1643.43 	 732.307 	 122.066 	 7420 	 129.061 	 74.249 	 0.81794 	 0.932629 	 389.203 	 858.834 	 431.163 	 0.502033 	 633.871 	 742.636 	 0 	 0 	 NaN 	 NaN 	 0 	 0 	 0 	 NaN 	 NaN 	 NaN 	 NaN 	 0 	 0 	 NaN 	 NaN 	 0 	 0 	 NaN 	 NaN 	 0 	 0 	 0 	 NaN 	 NaN 	 NaN 	 NaN 	 0 	 0 	 NaN 	 NaN 	  Tumour 
71 	 196.376 	 1823.51 	 1543.46 	 181 	 3044 	 71.1507 	 54.5952 	 0.641267 	 0.977521 	 211.137 	 1024.14 	 446.131 	 0.435614 	 823.815 	 907.944 	 90 	 349 	 675.322 	 273.975 	 2 	 411.447 	 0.135167 	 40.4475 	 40.4475 	 40.4475 	 0 	 45 	 45 	 45 	 0 	 129 	 161 	 312.24 	 -4.09452 	 0 	 0 	 0 	 NaN 	 NaN 	 NaN 	 NaN 	 0 	 0 	 129 	 0 	  DCIS 
72 	 348.663 	 1243.31 	 333.398 	 305.523 	 10154 	 156.233 	 84.017 	 0.843094 	 0.977945 	 420.576 	 1251.88 	 553.254 	 0.441937 	 920.434 	 1135.69 	 90 	 372 	 2073.16 	 1671.81 	 2 	 2199.51 	 0.216615 	 45.0999 	 45.0999 	 45.0999 	 0 	 45 	 45 	 45 	 0 	 767 	 2359 	 472.617 	 156.282 	 7 	 2645.27 	 0.260515 	 56.8412 	 15.9693 	 33.0541 	 12.4559 	 173 	 38 	 109.571 	 55.0995 	  Tumour 
73 	 813.526 	 1395.64 	 886.937 	 484.381 	 2376 	 62.3517 	 48.9099 	 0.62023 	 0.976974 	 186.409 	 811.412 	 332.253 	 0.409475 	 608.974 	 695.214 	 45 	 45 	 375.644 	 -25.7028 	 1 	 0 	 0 	 NaN 	 NaN 	 NaN 	 NaN 	 45 	 45 	 45 	 0 	 0 	 0 	 NaN 	 NaN 	 0 	 0 	 0 	 NaN 	 NaN 	 NaN 	 NaN 	 0 	 0 	 NaN 	 NaN 	  Other 
74 	 860.303 	 1302.94 	 785.117 	 434.078 	 2973 	 74.3742 	 51.2998 	 0.724045 	 0.965573 	 220.108 	 896.667 	 455.305 	 0.507775 	 678.572 	 780.469 	 90 	 255 	 651.611 	 250.264 	 2 	 253.027 	 0.0851082 	 26.9258 	 26.9258 	 26.9258 	 0 	 45 	 45 	 45 	 0 	 45 	 45 	 381.4 	 65.0652 	 1 	 0 	 0 	 NaN 	 NaN 	 NaN 	 NaN 	 45 	 45 	 45 	 0 	  Other 
75 	 933.516 	 1741.36 	 1204.3 	 550.324 	 4013 	 96.9572 	 56.6101 	 0.81185 	 0.895159 	 300.534 	 607.787 	 228.834 	 0.376503 	 405.124 	 491.589 	 61 	 294 	 768.41 	 367.063 	 2 	 137.764 	 0.0343295 	 36.9732 	 36.9732 	 36.9732 	 0 	 45 	 16 	 30.5 	 20.5061 	 83 	 86 	 260.108 	 -56.2264 	 1 	 0 	 0 	 NaN 	 NaN 	 NaN 	 NaN 	 83 	 83 	 83 	 0 	  DCIS 
76 	 936.81 	 1105.77 	 575.647 	 382.845 	 3685 	 92.4224 	 52.111 	 0.825887 	 0.964912 	 250.877 	 1013.09 	 487.324 	 0.481026 	 780.148 	 896.894 	 45 	 45 	 1349.04 	 947.697 	 1 	 0 	 0 	 NaN 	 NaN 	 NaN 	 NaN 	 45 	 45 	 45 	 0 	 0 	 0 	 0 	 -316.335 	 0 	 0 	 0 	 NaN 	 NaN 	 NaN 	 NaN 	 0 	 0 	 NaN 	 NaN 	  Other 
77 	 985.143 	 1228.57 	 689.768 	 480.817 	 1515 	 59.966 	 33.0049 	 0.834906 	 0.952231 	 163.439 	 578.354 	 176.045 	 0.30439 	 379.072 	 462.156 	 0 	 0 	 NaN 	 NaN 	 0 	 0 	 0 	 NaN 	 NaN 	 NaN 	 NaN 	 0 	 0 	 NaN 	 NaN 	 0 	 0 	 0 	 -316.335 	 0 	 0 	 0 	 NaN 	 NaN 	 NaN 	 NaN 	 0 	 0 	 NaN 	 NaN 	  Other 
78 	 1026.03 	 1766.19 	 1223.39 	 456.246 	 3433 	 102.979 	 42.9078 	 0.90906 	 0.965411 	 253.463 	 775.863 	 350.566 	 0.45184 	 549.897 	 659.665 	 45 	 45 	 332.511 	 -68.8361 	 1 	 0 	 0 	 NaN 	 NaN 	 NaN 	 NaN 	 45 	 45 	 45 	 0 	 0 	 0 	 0 	 -316.335 	 0 	 0 	 0 	 NaN 	 NaN 	 NaN 	 NaN 	 0 	 0 	 NaN 	 NaN 	  DCIS 
79 	 1043.68 	 1161.4 	 618.137 	 502.494 	 3285 	 70.4112 	 59.7135 	 0.529886 	 0.975936 	 219.966 	 938.708 	 481.412 	 0.512845 	 714.333 	 822.51 	 0 	 0 	 0 	 -401.347 	 0 	 0 	 0 	 NaN 	 NaN 	 NaN 	 NaN 	 0 	 0 	 NaN 	 NaN 	 0 	 0 	 0 	 -316.335 	 0 	 0 	 0 	 NaN 	 NaN 	 NaN 	 NaN 	 0 	 0 	 NaN 	 NaN 	  DCIS 
