rownames 	XLoc 	YLoc 	NNDistSame 	NNDistOpp 	dapi_Area 	dapi_MajorAxisLength 	dapi_MinorAxisLength 	dapi_Eccentricity 	dapi_Solidity 	dapi_Perimeter 	dapi_MeanIntensity 	dapi_PixelSD 	dapi_PixelCV 	dapi_NucAdjustedInt 	dapi_BackAdjustedInt 	nucl_BackgroundAdjust 	nucl_NuclearAdjustedInt 	nucl_PixelSD 	nucl_PixelCV 	nucl_MeanIntensity 	cent_Area 	cent_ConvexArea 	cent_MeanIntensity 	cent_BackAdjustedInt 	cent_CN 	cent_AreaSD 	cent_CoeffVar 	cent_MaxSpotDist 	cent_MinSpotDist 	cent_MeanSpotDist 	cent_SDSpotDist 	cent_SpotAreaMax 	cent_SpotAreaMin 	cent_SpotAreaMean 	cent_SpotAreaSD 	Her2_Area 	Her2_ConvexArea 	Her2_MeanIntensity 	Her2_BackAdjustedInt 	Her2_CN 	Her2_AreaSD 	Her2_CoeffVar 	Her2_MaxSpotDist 	Her2_MinSpotDist 	Her2_MeanSpotDist 	Her2_SDSpotDist 	Her2_SpotAreaMax 	Her2_SpotAreaMin 	Her2_SpotAreaMean 	Her2_SpotAreaSD 	memb_Area 	memb_Solidity 	memb_Perimeter 	memb_MeanIntensity 	memb_MembraneIntensity 	memb_temp 	memb_pcTouch 	memb_OverLapIntensity 	memb_nonLapIntensity 	memb_PixelSD 	memb_PixelCV 	CellLabels 	
1 	 166.266 	 919.022 	 423.68 	 564.228 	 2568 	 66.5007 	 50.1285 	 0.657099 	 0.974203 	 194.711 	 2894.33 	 853.864 	 0.295013 	 1208.19 	 2599.9 	 347.48 	 105.166 	 82.6711 	 0.141562 	 583.994 	 15 	 17 	 399.4 	 222.893 	 1 	 0 	 0 	 NaN 	 NaN 	 NaN 	 NaN 	 15 	 15 	 15 	 0 	 0 	 0 	 NaN 	 NaN 	 0 	 0 	 0 	 NaN 	 NaN 	 NaN 	 NaN 	 0 	 0 	 NaN 	 NaN 	 4124 	 0.870409 	 312.853 	 129.29 	 113.042 	 48.9843 	 0 	 0 	 0 	 38.48 	 0.340405 	  Other 
2 	 613.827 	 309.816 	 497.009 	 507.97 	 5032 	 93.5568 	 70.0299 	 0.663104 	 0.977657 	 286.735 	 1792.75 	 576.204 	 0.321408 	 504.653 	 1498.32 	 206.004 	 -12.459 	 53.7691 	 0.121507 	 442.517 	 0 	 0 	 NaN 	 NaN 	 0 	 0 	 0 	 NaN 	 NaN 	 NaN 	 NaN 	 0 	 0 	 NaN 	 NaN 	 0 	 0 	 NaN 	 NaN 	 0 	 0 	 0 	 NaN 	 NaN 	 NaN 	 NaN 	 0 	 0 	 NaN 	 NaN 	 6908 	 0.943974 	 391.48 	 116.93 	 105.306 	 41.2482 	 0 	 0 	 0 	 31.055 	 0.294904 	  DCIS 
3 	 617.249 	 807.271 	 464.699 	 102 	 4372 	 170.838 	 43.387 	 0.967213 	 0.722167 	 383.161 	 785.798 	 195.489 	 0.248777 	 -349.175 	 491.367 	 138.31 	 -65.7966 	 23.703 	 0.0632377 	 374.824 	 90 	 442 	 151.167 	 -25.3403 	 2 	 460.678 	 0.10537 	 49.8197 	 49.8197 	 49.8197 	 0 	 45 	 45 	 45 	 0 	 87 	 390 	 85.8161 	 -53.9869 	 2 	 589.671 	 0.134874 	 45.6118 	 45.6118 	 45.6118 	 0 	 45 	 42 	 43.5 	 2.12132 	 7372 	 0.912376 	 432.558 	 75.517 	 72.0615 	 8.00408 	 0 	 0 	 72.1218 	 7.16837 	 0.0994758 	  Fib 
4 	 718.953 	 806.775 	 1249.65 	 102 	 9609 	 127.365 	 96.555 	 0.652142 	 0.967869 	 392.233 	 1142.82 	 257.609 	 0.225415 	 85.9911 	 848.393 	 120.88 	 -48.0884 	 17.6375 	 0.0493503 	 357.393 	 0 	 0 	 NaN 	 NaN 	 0 	 0 	 0 	 NaN 	 NaN 	 NaN 	 NaN 	 0 	 0 	 NaN 	 NaN 	 45 	 45 	 104.4 	 -35.403 	 1 	 0 	 0 	 NaN 	 NaN 	 NaN 	 NaN 	 45 	 45 	 45 	 0 	 12302 	 0.961394 	 488.451 	 71.472 	 70.354 	 6.29661 	 0 	 0 	 70.5542 	 5.44868 	 0.0774467 	  Tumour 
5 	 971.018 	 746.337 	 823.38 	 259.278 	 6540 	 99.9001 	 83.9712 	 0.541732 	 0.972057 	 322.09 	 1425.78 	 328.227 	 0.230209 	 379.55 	 1131.35 	 117.999 	 -1.01332 	 20.9376 	 0.0590603 	 354.513 	 0 	 0 	 NaN 	 NaN 	 0 	 0 	 0 	 NaN 	 NaN 	 NaN 	 NaN 	 0 	 0 	 NaN 	 NaN 	 0 	 0 	 NaN 	 NaN 	 0 	 0 	 0 	 NaN 	 NaN 	 NaN 	 NaN 	 0 	 0 	 NaN 	 NaN 	 8760 	 0.964758 	 418.794 	 76.661 	 76.0729 	 12.0155 	 0 	 0 	 0 	 5.35769 	 0.0704284 	  DCIS 
6 	 1183.07 	 494.039 	 1102.23 	 559.701 	 5217 	 113.63 	 58.8797 	 0.855278 	 0.977515 	 293.421 	 2235.69 	 285.405 	 0.127659 	 550.205 	 1941.26 	 154.02 	 21.5248 	 35.3884 	 0.0906156 	 390.533 	 0 	 0 	 NaN 	 NaN 	 0 	 0 	 0 	 NaN 	 NaN 	 NaN 	 NaN 	 0 	 0 	 NaN 	 NaN 	 0 	 0 	 NaN 	 NaN 	 0 	 0 	 0 	 NaN 	 NaN 	 NaN 	 NaN 	 0 	 0 	 NaN 	 NaN 	 8545 	 0.847718 	 490.593 	 135.557 	 126.587 	 62.5293 	 0 	 0 	 0 	 26.9527 	 0.212919 	  DCIS 
7 	 1510.13 	 673.903 	 1366.15 	 802.103 	 2379 	 80.4619 	 38.6547 	 0.877044 	 0.938091 	 215.723 	 1461.09 	 315.96 	 0.216249 	 673.224 	 1166.66 	 95.7584 	 21.2395 	 25.8025 	 0.0776548 	 332.272 	 0 	 0 	 NaN 	 NaN 	 0 	 0 	 0 	 NaN 	 NaN 	 NaN 	 NaN 	 0 	 0 	 NaN 	 NaN 	 0 	 0 	 NaN 	 NaN 	 0 	 0 	 0 	 NaN 	 NaN 	 NaN 	 NaN 	 0 	 0 	 NaN 	 NaN 	 3905 	 0.939832 	 286.167 	 70.7805 	 67.8643 	 3.80696 	 0.166667 	 69.5581 	 67.9746 	 4.49568 	 0.066245 	  DCIS 
8 	 1523.62 	 456.567 	 1434.44 	 877.796 	 7227 	 189.969 	 52.9608 	 0.960353 	 0.858008 	 478.558 	 1971.19 	 867.193 	 0.439933 	 1010.5 	 1676.76 	 178.689 	 35.0703 	 37.5265 	 0.0903813 	 415.202 	 0 	 0 	 NaN 	 NaN 	 0 	 0 	 0 	 NaN 	 NaN 	 NaN 	 NaN 	 0 	 0 	 NaN 	 NaN 	 0 	 0 	 NaN 	 NaN 	 0 	 0 	 0 	 NaN 	 NaN 	 NaN 	 NaN 	 0 	 0 	 NaN 	 NaN 	 10285 	 0.869841 	 612.534 	 102.203 	 94.589 	 30.5316 	 0 	 0 	 0 	 25.88 	 0.273604 	  Fib 
9 	 1566.96 	 637.492 	 1429.1 	 864.872 	 4255 	 85.143 	 65.5601 	 0.638045 	 0.901674 	 310.676 	 1356.43 	 265.749 	 0.195918 	 396.612 	 1062 	 85.6867 	 4.99064 	 13.9825 	 0.043397 	 322.2 	 0 	 0 	 NaN 	 NaN 	 0 	 0 	 0 	 NaN 	 NaN 	 NaN 	 NaN 	 0 	 0 	 NaN 	 NaN 	 0 	 0 	 NaN 	 NaN 	 0 	 0 	 0 	 NaN 	 NaN 	 NaN 	 NaN 	 0 	 0 	 NaN 	 NaN 	 6140 	 0.918337 	 336.149 	 78.0148 	 74.6976 	 10.6402 	 0.147766 	 69.8837 	 75.3117 	 12.2034 	 0.16337 	  DCIS 
10 	 1712.03 	 782.177 	 1552.06 	 936.27 	 3321 	 87.5269 	 55.9281 	 0.769222 	 0.835892 	 277.664 	 1771.88 	 441.537 	 0.249192 	 705.633 	 1477.45 	 158.241 	 59.7126 	 39.0603 	 0.0989485 	 394.754 	 64 	 64 	 179.703 	 3.19618 	 1 	 0 	 0 	 NaN 	 NaN 	 NaN 	 NaN 	 64 	 64 	 64 	 0 	 134 	 163 	 135.007 	 -4.79557 	 1 	 0 	 0 	 NaN 	 NaN 	 NaN 	 NaN 	 134 	 134 	 134 	 0 	 4467 	 0.796257 	 372.894 	 88.7748 	 88.2405 	 24.1831 	 0.307918 	 119.105 	 81.5534 	 21.1566 	 0.23976 	  DCIS 
11 	 1772.14 	 809.098 	 1609.76 	 899.903 	 5183 	 108.993 	 62.5505 	 0.81893 	 0.944252 	 309.563 	 2325.34 	 741.71 	 0.318968 	 1306.16 	 2030.91 	 308.086 	 44.0947 	 141.243 	 0.259353 	 544.599 	 0 	 0 	 NaN 	 NaN 	 0 	 0 	 0 	 NaN 	 NaN 	 NaN 	 NaN 	 0 	 0 	 NaN 	 NaN 	 45 	 45 	 149.8 	 9.99697 	 1 	 0 	 0 	 NaN 	 NaN 	 NaN 	 NaN 	 45 	 45 	 45 	 0 	 6999 	 0.909197 	 411.622 	 143.222 	 139.245 	 75.1873 	 0.462766 	 158.511 	 130.673 	 58.5193 	 0.420263 	  DCIS 
12 	 1825.18 	 270.631 	 1781.06 	 1229.04 	 4030 	 75.3835 	 68.2058 	 0.42587 	 0.979582 	 243.421 	 2084.4 	 694.462 	 0.333172 	 1422.52 	 1789.97 	 164.639 	 19.1716 	 52.3587 	 0.130521 	 401.152 	 144 	 275 	 180.986 	 4.47917 	 2 	 1502.15 	 0.372741 	 21.184 	 21.184 	 21.184 	 0 	 77 	 67 	 72 	 7.07107 	 197 	 291 	 153.782 	 13.9787 	 3 	 1685.82 	 0.418317 	 22.9515 	 10.4364 	 15.3531 	 5.97001 	 89 	 44 	 65.6667 	 22.5462 	 5451 	 0.94767 	 327.681 	 90.3898 	 91.6589 	 27.6016 	 0 	 0 	 0 	 30.9731 	 0.337917 	  DCIS 
13 	 1858.24 	 861.703 	 1692.96 	 839.649 	 4538 	 116.898 	 51.5766 	 0.897404 	 0.901112 	 317.22 	 1819.84 	 379.143 	 0.208339 	 875.526 	 1525.41 	 232.328 	 21.8392 	 80.3489 	 0.171377 	 468.842 	 58 	 60 	 181.121 	 4.61375 	 1 	 0 	 0 	 NaN 	 NaN 	 NaN 	 NaN 	 58 	 58 	 58 	 0 	 0 	 0 	 NaN 	 NaN 	 0 	 0 	 0 	 NaN 	 NaN 	 NaN 	 NaN 	 0 	 0 	 NaN 	 NaN 	 5503 	 0.885438 	 368.936 	 138.327 	 144.464 	 80.4063 	 0.427273 	 171.922 	 135.981 	 56.9412 	 0.394156 	  DCIS 
14 	 1892.77 	 842.31 	 1728.72 	 859.002 	 1292 	 68.4357 	 24.7763 	 0.932164 	 0.920228 	 171.823 	 1553.97 	 341.078 	 0.219489 	 494.741 	 1259.53 	 189.195 	 42.6886 	 40.7022 	 0.0956104 	 425.709 	 0 	 0 	 NaN 	 NaN 	 0 	 0 	 0 	 NaN 	 NaN 	 NaN 	 NaN 	 0 	 0 	 NaN 	 NaN 	 0 	 0 	 NaN 	 NaN 	 0 	 0 	 0 	 NaN 	 NaN 	 NaN 	 NaN 	 0 	 0 	 NaN 	 NaN 	 2541 	 0.906205 	 241.622 	 110.206 	 105.087 	 41.03 	 0.354369 	 117.959 	 102.531 	 27.3225 	 0.259998 	  DCIS 
15 	 2276.33 	 812.077 	 2112.71 	 757.731 	 4531 	 167.193 	 36.6114 	 0.97573 	 0.835053 	 414.818 	 1706.52 	 535.235 	 0.313642 	 723.401 	 1412.08 	 600.329 	 -39.5828 	 195.579 	 0.233711 	 836.842 	 0 	 0 	 NaN 	 NaN 	 0 	 0 	 0 	 NaN 	 NaN 	 NaN 	 NaN 	 0 	 0 	 NaN 	 NaN 	 0 	 0 	 NaN 	 NaN 	 0 	 0 	 0 	 NaN 	 NaN 	 NaN 	 NaN 	 0 	 0 	 NaN 	 NaN 	 9193 	 0.796344 	 562.593 	 105.041 	 99.3046 	 35.2472 	 0 	 0 	 0 	 17.9298 	 0.180554 	  Fib 
16 	 2597.13 	 353.325 	 2496.02 	 1119.26 	 3099 	 68.252 	 58.8468 	 0.506569 	 0.950031 	 223.907 	 2402.85 	 987.304 	 0.410888 	 1786.19 	 2108.42 	 268.5 	 34.7447 	 49.7746 	 0.0985609 	 505.013 	 0 	 0 	 NaN 	 NaN 	 0 	 0 	 0 	 NaN 	 NaN 	 NaN 	 NaN 	 0 	 0 	 NaN 	 NaN 	 0 	 0 	 NaN 	 NaN 	 0 	 0 	 0 	 NaN 	 NaN 	 NaN 	 NaN 	 0 	 0 	 NaN 	 NaN 	 4684 	 0.963786 	 296.853 	 85.5843 	 74.4669 	 10.4095 	 0 	 0 	 0 	 9.26639 	 0.124436 	  Other 
17 	 2839.33 	 1006.79 	 2674.45 	 501.016 	 5469 	 139.374 	 53.3233 	 0.923917 	 0.900247 	 385.605 	 1479.99 	 564.366 	 0.381332 	 688.711 	 1185.56 	 85.3261 	 18.5781 	 36.9388 	 0.114774 	 321.84 	 124 	 457 	 151.581 	 -24.9263 	 2 	 861.382 	 0.157503 	 44.6635 	 44.6635 	 44.6635 	 0 	 77 	 47 	 62 	 21.2132 	 166 	 572 	 135.657 	 -4.1464 	 3 	 1485.42 	 0.271608 	 44.4716 	 18.1168 	 30.2861 	 11.8892 	 71 	 45 	 55.3333 	 13.7961 	 7403 	 0.925375 	 423.681 	 90.8669 	 79.2136 	 15.1562 	 0 	 0 	 0 	 19.7203 	 0.248951 	  DCIS 
18 	 2862.68 	 88.2387 	 2822.12 	 1399.31 	 3108 	 73.1109 	 54.3239 	 0.669254 	 0.978898 	 211.095 	 2367.16 	 1048.68 	 0.44301 	 1547.78 	 2072.73 	 258.795 	 51.2434 	 46.1328 	 0.0931394 	 495.309 	 92 	 138 	 205.565 	 29.0583 	 2 	 399.987 	 0.128696 	 11.1059 	 11.1059 	 11.1059 	 0 	 51 	 41 	 46 	 7.07107 	 0 	 0 	 NaN 	 NaN 	 0 	 0 	 0 	 NaN 	 NaN 	 NaN 	 NaN 	 0 	 0 	 NaN 	 NaN 	 4511 	 0.949684 	 300.368 	 85.7127 	 77.6871 	 13.6297 	 0 	 0 	 0 	 7.53422 	 0.0969817 	  Other 
19 	 2935.37 	 890.736 	 2769.14 	 646.239 	 4970 	 95.2482 	 68.3453 	 0.696508 	 0.977384 	 276.149 	 1537.77 	 451.536 	 0.293631 	 683.839 	 1243.34 	 160.98 	 40.1102 	 43.5468 	 0.109553 	 397.494 	 45 	 45 	 159.8 	 -16.7069 	 1 	 0 	 0 	 NaN 	 NaN 	 NaN 	 NaN 	 45 	 45 	 45 	 0 	 141 	 304 	 134.986 	 -4.81721 	 2 	 182.681 	 0.0367568 	 24.0079 	 24.0079 	 24.0079 	 0 	 74 	 67 	 70.5 	 4.94975 	 6648 	 0.937659 	 372.167 	 97.7207 	 88.5203 	 24.463 	 0 	 0 	 0 	 10.383 	 0.117295 	  DCIS 
20 	 2948.62 	 695.622 	 2791.92 	 830.678 	 6350 	 121.704 	 67.8851 	 0.829982 	 0.961684 	 361.103 	 1070.93 	 255.679 	 0.238746 	 459.413 	 776.495 	 172.763 	 -1.46273 	 34.2539 	 0.0836936 	 409.277 	 0 	 0 	 NaN 	 NaN 	 0 	 0 	 0 	 NaN 	 NaN 	 NaN 	 NaN 	 0 	 0 	 NaN 	 NaN 	 0 	 0 	 NaN 	 NaN 	 0 	 0 	 0 	 NaN 	 NaN 	 NaN 	 NaN 	 0 	 0 	 NaN 	 NaN 	 8608 	 0.928587 	 461.865 	 73.7111 	 73.5388 	 9.48145 	 0.0447059 	 77.7895 	 73.5635 	 4.94346 	 0.0672224 	  DCIS 
21 	 3022.53 	 992.246 	 2857.93 	 607.1 	 4570 	 92.5991 	 63.6017 	 0.726799 	 0.968015 	 267.664 	 1779.65 	 626.236 	 0.351887 	 978.237 	 1485.22 	 125.866 	 42.8086 	 36.8217 	 0.101611 	 362.38 	 49 	 52 	 162.245 	 -14.262 	 1 	 0 	 0 	 NaN 	 NaN 	 NaN 	 NaN 	 49 	 49 	 49 	 0 	 121 	 234 	 138.926 	 -0.87741 	 2 	 372.274 	 0.0814604 	 18.4061 	 18.4061 	 18.4061 	 0 	 68 	 53 	 60.5 	 10.6066 	 6113 	 0.956651 	 349.338 	 103.839 	 83.6832 	 19.6259 	 0 	 0 	 0 	 12.5945 	 0.150502 	  DCIS 
22 	 3076.36 	 714.06 	 2917.21 	 868.634 	 4333 	 159.724 	 38.5081 	 0.970502 	 0.848609 	 416.718 	 911.159 	 141.385 	 0.155171 	 344.926 	 616.729 	 157.507 	 24.5614 	 26.773 	 0.0679482 	 394.02 	 0 	 0 	 NaN 	 NaN 	 0 	 0 	 0 	 NaN 	 NaN 	 NaN 	 NaN 	 0 	 0 	 NaN 	 NaN 	 0 	 0 	 NaN 	 NaN 	 0 	 0 	 0 	 NaN 	 NaN 	 NaN 	 NaN 	 0 	 0 	 NaN 	 NaN 	 6765 	 0.648299 	 602.877 	 88.2084 	 88.4025 	 24.3452 	 0.420578 	 97.7897 	 85.7993 	 12.9341 	 0.146309 	  DCIS 
23 	 3057.64 	 910.256 	 2892.01 	 693.675 	 2655 	 81.6236 	 41.7589 	 0.859222 	 0.956412 	 216.35 	 1161.37 	 353.658 	 0.304516 	 571.88 	 866.944 	 194.531 	 21.3609 	 28.6949 	 0.0665705 	 431.045 	 0 	 0 	 NaN 	 NaN 	 0 	 0 	 0 	 NaN 	 NaN 	 NaN 	 NaN 	 0 	 0 	 NaN 	 NaN 	 0 	 0 	 NaN 	 NaN 	 0 	 0 	 0 	 NaN 	 NaN 	 NaN 	 NaN 	 0 	 0 	 NaN 	 NaN 	 4218 	 0.935255 	 310.51 	 100.248 	 93.5035 	 29.4461 	 0 	 0 	 0 	 17.1115 	 0.183003 	  DCIS 
24 	 3124.87 	 744.741 	 2964.11 	 867.583 	 6684 	 161.994 	 53.3437 	 0.944227 	 0.95513 	 380.978 	 1629.28 	 519.464 	 0.31883 	 746.741 	 1334.85 	 173.023 	 35.6839 	 27.0296 	 0.0660006 	 409.536 	 45 	 45 	 159.378 	 -17.1292 	 1 	 0 	 0 	 NaN 	 NaN 	 NaN 	 NaN 	 45 	 45 	 45 	 0 	 76 	 77 	 147.053 	 7.2496 	 1 	 0 	 0 	 NaN 	 NaN 	 NaN 	 NaN 	 76 	 76 	 76 	 0 	 8585 	 0.887981 	 501.622 	 95.4162 	 93.9227 	 29.8654 	 0.536481 	 96.996 	 92.3539 	 14.6254 	 0.155718 	  DCIS 
25 	 3218.27 	 594.591 	 3069.15 	 1044.03 	 2585 	 74.7566 	 46.5035 	 0.782965 	 0.909571 	 222.693 	 1168.09 	 389.143 	 0.333144 	 707.152 	 873.662 	 160.076 	 19.5459 	 23.5886 	 0.0594787 	 396.59 	 0 	 0 	 NaN 	 NaN 	 0 	 0 	 0 	 NaN 	 NaN 	 NaN 	 NaN 	 0 	 0 	 NaN 	 NaN 	 0 	 0 	 NaN 	 NaN 	 0 	 0 	 0 	 NaN 	 NaN 	 NaN 	 NaN 	 0 	 0 	 NaN 	 NaN 	 3955 	 0.945268 	 287.681 	 85.1727 	 81.7557 	 17.6983 	 0 	 0 	 0 	 16.0834 	 0.196725 	  Other 
26 	 3266.51 	 726.031 	 3107 	 967.323 	 3893 	 137.869 	 37.3504 	 0.962604 	 0.906403 	 335.362 	 1138.7 	 365.201 	 0.320718 	 480.09 	 844.27 	 181.323 	 8.38064 	 22.5134 	 0.0538808 	 417.836 	 0 	 0 	 NaN 	 NaN 	 0 	 0 	 0 	 NaN 	 NaN 	 NaN 	 NaN 	 0 	 0 	 NaN 	 NaN 	 0 	 0 	 NaN 	 NaN 	 0 	 0 	 0 	 NaN 	 NaN 	 NaN 	 NaN 	 0 	 0 	 NaN 	 NaN 	 6529 	 0.894139 	 426.752 	 94.5958 	 92.7444 	 28.687 	 0.243108 	 98.7732 	 91.5936 	 9.88704 	 0.106605 	  DCIS 
27 	 3262.34 	 791.492 	 3098.64 	 914.846 	 3195 	 72.8495 	 56.733 	 0.62731 	 0.955728 	 223.095 	 1532.76 	 399.784 	 0.260827 	 519.342 	 1238.32 	 140.928 	 24.7341 	 36.228 	 0.0959831 	 377.441 	 51 	 53 	 161.725 	 -14.7815 	 1 	 0 	 0 	 NaN 	 NaN 	 NaN 	 NaN 	 51 	 51 	 51 	 0 	 69 	 108 	 113.652 	 -26.1509 	 2 	 953.537 	 0.298447 	 9.11068 	 9.11068 	 9.11068 	 0 	 49 	 20 	 34.5 	 20.5061 	 4679 	 0.945635 	 308.368 	 92.5971 	 88.7937 	 24.7363 	 0.213287 	 100.836 	 87.6204 	 10.7538 	 0.12111 	  DCIS 
28 	 3424.59 	 37.7529 	 3375.98 	 1629.15 	 5831 	 93.747 	 80.84 	 0.506363 	 0.928651 	 326.777 	 1273.21 	 439.12 	 0.344893 	 651.892 	 978.777 	 1266.11 	 235.352 	 250.811 	 0.166915 	 1502.62 	 0 	 0 	 NaN 	 NaN 	 0 	 0 	 0 	 NaN 	 NaN 	 NaN 	 NaN 	 0 	 0 	 NaN 	 NaN 	 59 	 61 	 155.949 	 16.1461 	 1 	 0 	 0 	 NaN 	 NaN 	 NaN 	 NaN 	 59 	 59 	 59 	 0 	 11885 	 0.855282 	 629.078 	 106.39 	 102.031 	 37.9733 	 0 	 0 	 0 	 10.8252 	 0.106098 	  DCIS 
29 	 3440.8 	 752.21 	 3279.26 	 1068.94 	 3768 	 88.1698 	 57.1288 	 0.761691 	 0.951755 	 255.765 	 2336.64 	 657.444 	 0.281363 	 1112.58 	 2042.21 	 201.643 	 34.1113 	 17.6113 	 0.0401941 	 438.157 	 0 	 0 	 NaN 	 NaN 	 0 	 0 	 0 	 NaN 	 NaN 	 NaN 	 NaN 	 0 	 0 	 NaN 	 NaN 	 0 	 0 	 NaN 	 NaN 	 0 	 0 	 0 	 NaN 	 NaN 	 NaN 	 NaN 	 0 	 0 	 NaN 	 NaN 	 5286 	 0.805547 	 423.037 	 104.593 	 100.137 	 36.0796 	 0.29199 	 99.0265 	 100.585 	 9.25289 	 0.0924023 	  DCIS 
30 	 3489.19 	 716.999 	 3329.13 	 1128.02 	 4697 	 124.371 	 49.2327 	 0.918314 	 0.951002 	 324.492 	 1523.91 	 467.819 	 0.306985 	 503.458 	 1229.48 	 185.532 	 8.48325 	 16.5699 	 0.0392609 	 422.045 	 0 	 0 	 NaN 	 NaN 	 0 	 0 	 0 	 NaN 	 NaN 	 NaN 	 NaN 	 0 	 0 	 NaN 	 NaN 	 0 	 0 	 NaN 	 NaN 	 0 	 0 	 0 	 NaN 	 NaN 	 NaN 	 NaN 	 0 	 0 	 NaN 	 NaN 	 7039 	 0.890336 	 473.622 	 97.2935 	 94.2808 	 30.2234 	 0.262557 	 99.3391 	 93.5624 	 10.6189 	 0.11263 	  DCIS 
31 	 3533.51 	 508.42 	 3392.98 	 1307.22 	 2705 	 98.7484 	 37.5226 	 0.924994 	 0.920068 	 245.723 	 1970.6 	 677.965 	 0.34404 	 1103.12 	 1676.17 	 266.538 	 44.2349 	 37.4433 	 0.0744324 	 503.051 	 0 	 0 	 NaN 	 NaN 	 0 	 0 	 0 	 NaN 	 NaN 	 NaN 	 NaN 	 0 	 0 	 NaN 	 NaN 	 0 	 0 	 NaN 	 NaN 	 0 	 0 	 0 	 NaN 	 NaN 	 NaN 	 NaN 	 0 	 0 	 NaN 	 NaN 	 4107 	 0.908226 	 327.681 	 94.5612 	 89.6026 	 25.5453 	 0 	 0 	 0 	 16.7949 	 0.187437 	  DCIS 
32 	 3836.56 	 71.2393 	 3767.67 	 1835.48 	 2491 	 101.343 	 34.4294 	 0.940523 	 0.862236 	 238.551 	 1872.91 	 534.42 	 0.285342 	 1005.81 	 1578.48 	 818.088 	 -66.2507 	 136.928 	 0.129839 	 1054.6 	 0 	 0 	 NaN 	 NaN 	 0 	 0 	 0 	 NaN 	 NaN 	 NaN 	 NaN 	 0 	 0 	 NaN 	 NaN 	 0 	 0 	 NaN 	 NaN 	 0 	 0 	 0 	 NaN 	 NaN 	 NaN 	 NaN 	 0 	 0 	 NaN 	 NaN 	 5961 	 0.837219 	 403.966 	 112.541 	 112.289 	 48.2318 	 0 	 0 	 0 	 24.2449 	 0.215915 	  DCIS 
33 	 3923.6 	 1006.63 	 3759.03 	 1355.87 	 2026 	 75.2408 	 34.81 	 0.886542 	 0.956563 	 195.238 	 1120.94 	 409.817 	 0.365602 	 649.698 	 826.508 	 126.956 	 14.3501 	 38.1089 	 0.104847 	 363.47 	 0 	 0 	 NaN 	 NaN 	 0 	 0 	 0 	 NaN 	 NaN 	 NaN 	 NaN 	 0 	 0 	 NaN 	 NaN 	 139 	 288 	 120.014 	 -19.7886 	 2 	 268.919 	 0.132734 	 23.082 	 23.082 	 23.082 	 0 	 74 	 65 	 69.5 	 6.36396 	 3407 	 0.949025 	 253.74 	 81.9419 	 77.7185 	 13.6611 	 0 	 0 	 0 	 15.7777 	 0.203012 	  Other 
34 	 4030.87 	 948.489 	 3865.11 	 1476.72 	 2742 	 73.1079 	 48.5321 	 0.747873 	 0.971996 	 210.51 	 1898.68 	 910.185 	 0.479376 	 1097.96 	 1604.25 	 221.791 	 43.4275 	 34.658 	 0.0756222 	 458.305 	 41 	 42 	 178.341 	 1.83452 	 1 	 0 	 0 	 NaN 	 NaN 	 NaN 	 NaN 	 41 	 41 	 41 	 0 	 127 	 183 	 130.638 	 -9.16524 	 2 	 385.849 	 0.140718 	 12.5556 	 12.5556 	 12.5556 	 0 	 68 	 59 	 63.5 	 6.36396 	 3967 	 0.962163 	 272.468 	 93.8881 	 86.585 	 22.5276 	 0.102767 	 79.1154 	 87.4675 	 14.3918 	 0.166216 	  DCIS 
35 	 4084.43 	 871.951 	 3918.28 	 1554.08 	 4638 	 106.754 	 55.4921 	 0.854282 	 0.973552 	 280.451 	 2520.73 	 1032.98 	 0.409795 	 1465.98 	 2226.3 	 320.61 	 40.2429 	 54.9402 	 0.0986141 	 557.124 	 51 	 55 	 213.941 	 37.4342 	 1 	 0 	 0 	 NaN 	 NaN 	 NaN 	 NaN 	 51 	 51 	 51 	 0 	 122 	 288 	 188.246 	 48.4429 	 2 	 347.862 	 0.0750025 	 25.318 	 25.318 	 25.318 	 0 	 77 	 45 	 61 	 22.6274 	 9351 	 0.859467 	 526.877 	 98.9995 	 95.364 	 31.3066 	 0.0564854 	 81.4444 	 96.127 	 16.0019 	 0.167798 	  DCIS 
36 	 2838.8 	 1934.15 	 2859.22 	 210.64 	 4950 	 88.3444 	 72.7341 	 0.567603 	 0.899183 	 307.966 	 1717.91 	 340.799 	 0.19838 	 484.607 	 1423.48 	 117.01 	 12.2355 	 27.9286 	 0.0790008 	 353.524 	 0 	 0 	 NaN 	 NaN 	 0 	 0 	 0 	 NaN 	 NaN 	 NaN 	 NaN 	 0 	 0 	 NaN 	 NaN 	 0 	 0 	 NaN 	 NaN 	 0 	 0 	 0 	 NaN 	 NaN 	 NaN 	 NaN 	 0 	 0 	 NaN 	 NaN 	 9793 	 0.857531 	 496.066 	 134.69 	 151.243 	 87.1856 	 0.4 	 153.989 	 147.901 	 24.0072 	 0.158732 	  DCIS 
37 	 2891.91 	 1971.74 	 2922.31 	 275.264 	 2772 	 79.3917 	 45.6705 	 0.817974 	 0.897087 	 233.522 	 1396.88 	 309.322 	 0.221438 	 592.969 	 1102.45 	 256.383 	 16.1426 	 37.1278 	 0.0753256 	 492.897 	 45 	 45 	 226.133 	 49.6264 	 1 	 0 	 0 	 NaN 	 NaN 	 NaN 	 NaN 	 45 	 45 	 45 	 0 	 45 	 45 	 188.511 	 48.7081 	 1 	 0 	 0 	 NaN 	 NaN 	 NaN 	 NaN 	 45 	 45 	 45 	 0 	 3935 	 0.844421 	 317.095 	 161.054 	 153.577 	 89.5199 	 0.670103 	 154.421 	 152.608 	 20.5204 	 0.133616 	  DCIS 
38 	 2902.35 	 1911.43 	 2910.29 	 261.123 	 3493 	 77.1279 	 60.2162 	 0.624866 	 0.843924 	 285.664 	 1210.93 	 134.105 	 0.110746 	 272.037 	 916.497 	 125.532 	 36.2969 	 35.4397 	 0.0978874 	 362.046 	 0 	 0 	 NaN 	 NaN 	 0 	 0 	 0 	 NaN 	 NaN 	 NaN 	 NaN 	 0 	 0 	 NaN 	 NaN 	 0 	 0 	 NaN 	 NaN 	 0 	 0 	 0 	 NaN 	 NaN 	 NaN 	 NaN 	 0 	 0 	 NaN 	 NaN 	 3960 	 0.888689 	 295.296 	 153.437 	 158.618 	 94.5608 	 0.825455 	 171.943 	 147.123 	 51.1417 	 0.32242 	  DCIS 
39 	 2926.99 	 1842.54 	 2911.51 	 276.029 	 3503 	 73.5191 	 62.0853 	 0.535589 	 0.94015 	 250.208 	 1684.69 	 518.02 	 0.307486 	 575.737 	 1390.26 	 93.2766 	 27.5786 	 26.3793 	 0.0799882 	 329.79 	 0 	 0 	 NaN 	 NaN 	 0 	 0 	 0 	 NaN 	 NaN 	 NaN 	 NaN 	 0 	 0 	 NaN 	 NaN 	 0 	 0 	 NaN 	 NaN 	 0 	 0 	 0 	 NaN 	 NaN 	 NaN 	 NaN 	 0 	 0 	 NaN 	 NaN 	 7466 	 0.882297 	 422.51 	 137 	 137.275 	 73.2179 	 0.252525 	 196.83 	 127.552 	 49.9638 	 0.363968 	  DCIS 
40 	 2983.37 	 1443.63 	 2865.5 	 334.093 	 3503 	 81.3806 	 58.0194 	 0.701227 	 0.949322 	 247.439 	 3017.77 	 735.882 	 0.24385 	 1545.74 	 2723.34 	 156.089 	 31.0421 	 22.7274 	 0.0578892 	 392.602 	 0 	 0 	 NaN 	 NaN 	 0 	 0 	 0 	 NaN 	 NaN 	 NaN 	 NaN 	 0 	 0 	 NaN 	 NaN 	 97 	 105 	 190.093 	 50.2898 	 1 	 0 	 0 	 NaN 	 NaN 	 NaN 	 NaN 	 97 	 97 	 97 	 0 	 6112 	 0.910337 	 375.48 	 150.573 	 156.02 	 91.963 	 0.238372 	 150.78 	 155.987 	 58.1409 	 0.37265 	  DCIS 
41 	 2982.08 	 1944.68 	 2997.09 	 347.559 	 3848 	 84.3068 	 58.902 	 0.715451 	 0.96927 	 249.522 	 2118.12 	 641.678 	 0.302947 	 1074.97 	 1823.69 	 98.8266 	 27.5811 	 32.4131 	 0.0966573 	 335.34 	 0 	 0 	 NaN 	 NaN 	 0 	 0 	 0 	 NaN 	 NaN 	 NaN 	 NaN 	 0 	 0 	 NaN 	 NaN 	 74 	 77 	 147.689 	 7.88616 	 1 	 0 	 0 	 NaN 	 NaN 	 NaN 	 NaN 	 74 	 74 	 74 	 0 	 5887 	 0.902914 	 366.995 	 107.377 	 104.053 	 39.9959 	 0.325444 	 117.718 	 101.841 	 33.7616 	 0.324465 	  DCIS 
42 	 3046.39 	 1441.76 	 2927.1 	 397.06 	 3984 	 75.7982 	 68.9727 	 0.414714 	 0.96139 	 250.267 	 2572.59 	 708.735 	 0.275495 	 1121.96 	 2278.16 	 151.25 	 46.4593 	 33.8855 	 0.087387 	 387.763 	 0 	 0 	 NaN 	 NaN 	 0 	 0 	 0 	 NaN 	 NaN 	 NaN 	 NaN 	 0 	 0 	 NaN 	 NaN 	 0 	 0 	 NaN 	 NaN 	 0 	 0 	 0 	 NaN 	 NaN 	 NaN 	 NaN 	 0 	 0 	 NaN 	 NaN 	 6807 	 0.860556 	 418.995 	 139.527 	 133.815 	 69.758 	 0.210256 	 148.073 	 132.229 	 24.1867 	 0.180746 	  DCIS 
43 	 3050.55 	 1961.1 	 3067.41 	 418.191 	 2701 	 63.2602 	 57.0391 	 0.432451 	 0.959162 	 211.279 	 2282.46 	 719.494 	 0.315228 	 1172.97 	 1988.03 	 107.379 	 44.6928 	 24.9207 	 0.0724664 	 343.893 	 0 	 0 	 NaN 	 NaN 	 0 	 0 	 0 	 NaN 	 NaN 	 NaN 	 NaN 	 0 	 0 	 NaN 	 NaN 	 97 	 103 	 161.32 	 21.5166 	 1 	 0 	 0 	 NaN 	 NaN 	 NaN 	 NaN 	 97 	 97 	 97 	 0 	 4290 	 0.93832 	 287.882 	 92.4951 	 84.3731 	 20.3158 	 0.216418 	 91.8103 	 83.7741 	 9.80229 	 0.116178 	  DCIS 
44 	 3081.31 	 1863.74 	 3064.35 	 430.726 	 4035 	 74.5007 	 69.4303 	 0.362608 	 0.970185 	 250.593 	 1825.78 	 602.896 	 0.330213 	 1102.04 	 1531.35 	 108.617 	 36.8524 	 21.9479 	 0.063593 	 345.131 	 73 	 73 	 156.589 	 -19.9179 	 1 	 0 	 0 	 NaN 	 NaN 	 NaN 	 NaN 	 73 	 73 	 73 	 0 	 76 	 78 	 170.184 	 30.3812 	 1 	 0 	 0 	 NaN 	 NaN 	 NaN 	 NaN 	 76 	 76 	 76 	 0 	 5679 	 0.953492 	 332.368 	 102.734 	 106.948 	 42.891 	 0 	 0 	 0 	 49.3171 	 0.46113 	  DCIS 
45 	 3231.94 	 1627.73 	 3146.91 	 602.804 	 5639 	 111.985 	 65.9183 	 0.808399 	 0.950126 	 324.919 	 2126.06 	 476.509 	 0.224128 	 650.22 	 1831.63 	 102.361 	 8.52755 	 16.4643 	 0.0485852 	 338.875 	 45 	 45 	 131.022 	 -45.4847 	 1 	 0 	 0 	 NaN 	 NaN 	 NaN 	 NaN 	 45 	 45 	 45 	 0 	 45 	 45 	 136.622 	 -3.18081 	 1 	 0 	 0 	 NaN 	 NaN 	 NaN 	 NaN 	 45 	 45 	 45 	 0 	 7144 	 0.923833 	 384.534 	 92.4318 	 89.3743 	 25.3169 	 0.347305 	 82.9224 	 90.2572 	 13.4299 	 0.150265 	  DCIS 
46 	 3227.88 	 1993.07 	 3244.89 	 597.198 	 4382 	 84.3519 	 66.7226 	 0.611813 	 0.969898 	 263.765 	 1613.64 	 457.545 	 0.283548 	 697.394 	 1319.21 	 239.152 	 72.3595 	 80.6378 	 0.169526 	 475.665 	 0 	 0 	 NaN 	 NaN 	 0 	 0 	 0 	 NaN 	 NaN 	 NaN 	 NaN 	 0 	 0 	 NaN 	 NaN 	 0 	 0 	 NaN 	 NaN 	 0 	 0 	 0 	 NaN 	 NaN 	 NaN 	 NaN 	 0 	 0 	 NaN 	 NaN 	 6566 	 0.884429 	 406.836 	 153.842 	 130.767 	 66.7097 	 0.153425 	 131.679 	 130.204 	 36.0638 	 0.275786 	  DCIS 
47 	 3249.85 	 1873.18 	 3228.18 	 599.964 	 3372 	 89.0467 	 49.3158 	 0.832637 	 0.968409 	 244.049 	 1742.91 	 601.456 	 0.345088 	 821.97 	 1448.48 	 179.937 	 19.7027 	 54.9345 	 0.131911 	 416.45 	 0 	 0 	 NaN 	 NaN 	 0 	 0 	 0 	 NaN 	 NaN 	 NaN 	 NaN 	 0 	 0 	 NaN 	 NaN 	 0 	 0 	 NaN 	 NaN 	 0 	 0 	 0 	 NaN 	 NaN 	 NaN 	 NaN 	 0 	 0 	 NaN 	 NaN 	 5155 	 0.956046 	 319.681 	 87.7736 	 86.2279 	 22.1705 	 0 	 0 	 0 	 23.2111 	 0.269184 	  DCIS 
48 	 3276.45 	 1580.45 	 3179.47 	 635.419 	 4054 	 93.3106 	 56.3773 	 0.79684 	 0.936475 	 274.108 	 2093.51 	 456.426 	 0.21802 	 724.272 	 1799.08 	 135.406 	 -6.18749 	 26.137 	 0.0702761 	 371.919 	 0 	 0 	 NaN 	 NaN 	 0 	 0 	 0 	 NaN 	 NaN 	 NaN 	 NaN 	 0 	 0 	 NaN 	 NaN 	 0 	 0 	 NaN 	 NaN 	 0 	 0 	 0 	 NaN 	 NaN 	 NaN 	 NaN 	 0 	 0 	 NaN 	 NaN 	 5344 	 0.96323 	 303.907 	 98.9044 	 92.2154 	 28.158 	 0.288462 	 85.5467 	 92.2652 	 10.0589 	 0.10908 	  DCIS 
49 	 3293.04 	 1985.87 	 3304.03 	 658.614 	 3578 	 85.0735 	 56.9469 	 0.742915 	 0.909969 	 262.735 	 1434.25 	 330.818 	 0.230655 	 736.551 	 1139.82 	 384.499 	 29.3214 	 143.139 	 0.230492 	 621.013 	 90 	 305 	 192.056 	 15.5486 	 2 	 175.003 	 0.0489108 	 36.0555 	 36.0555 	 36.0555 	 0 	 45 	 45 	 45 	 0 	 179 	 454 	 121.48 	 -18.3226 	 2 	 663.298 	 0.185382 	 32.1311 	 32.1311 	 32.1311 	 0 	 117 	 62 	 89.5 	 38.8909 	 5292 	 0.796388 	 382.492 	 105.261 	 111.93 	 47.8731 	 0.182609 	 129.794 	 110.726 	 36.746 	 0.328293 	  DCIS 
50 	 3310.93 	 1651.33 	 3229.06 	 685.07 	 3595 	 90.6489 	 51.3812 	 0.823844 	 0.9732 	 246.652 	 2230.31 	 381.104 	 0.170875 	 553.477 	 1935.88 	 146.509 	 -6.13366 	 29.6254 	 0.0773463 	 383.023 	 0 	 0 	 NaN 	 NaN 	 0 	 0 	 0 	 NaN 	 NaN 	 NaN 	 NaN 	 0 	 0 	 NaN 	 NaN 	 0 	 0 	 NaN 	 NaN 	 0 	 0 	 0 	 NaN 	 NaN 	 NaN 	 NaN 	 0 	 0 	 NaN 	 NaN 	 5178 	 0.970572 	 294.995 	 91.6846 	 90.9774 	 26.9201 	 0.233083 	 82.5484 	 91.8511 	 14.7443 	 0.162066 	  DCIS 
51 	 3324.49 	 1769.65 	 3270.65 	 676.528 	 3465 	 100.338 	 46.24 	 0.887482 	 0.926966 	 273.421 	 1723.52 	 585.503 	 0.339714 	 836.604 	 1429.09 	 163.528 	 1.94934 	 24.5053 	 0.0612569 	 400.041 	 97 	 127 	 160.649 	 -15.8575 	 2 	 256.258 	 0.0739561 	 10.0106 	 10.0106 	 10.0106 	 0 	 52 	 45 	 48.5 	 4.94975 	 112 	 196 	 139.429 	 -0.374459 	 2 	 996.253 	 0.287519 	 15.6906 	 15.6906 	 15.6906 	 0 	 67 	 45 	 56 	 15.5563 	 5121 	 0.909915 	 347.681 	 85.5925 	 88.1335 	 24.0762 	 0.0931677 	 102.3 	 86.5025 	 16.7102 	 0.189601 	  DCIS 
52 	 3415.61 	 1550.88 	 3310.88 	 770.166 	 3657 	 94.8215 	 51.2222 	 0.841539 	 0.90812 	 304.676 	 1419.18 	 407.904 	 0.287421 	 695.554 	 1124.75 	 320.32 	 -132.789 	 189.607 	 0.340508 	 556.834 	 0 	 0 	 NaN 	 NaN 	 0 	 0 	 0 	 NaN 	 NaN 	 NaN 	 NaN 	 0 	 0 	 NaN 	 NaN 	 0 	 0 	 NaN 	 NaN 	 0 	 0 	 0 	 NaN 	 NaN 	 NaN 	 NaN 	 0 	 0 	 NaN 	 NaN 	 5484 	 0.948461 	 330.225 	 86.5337 	 85.6058 	 21.5484 	 0 	 0 	 0 	 11.2919 	 0.131906 	  DCIS 
53 	 3438.37 	 1767.97 	 3380.35 	 790.196 	 5389 	 106.656 	 68.451 	 0.766878 	 0.886494 	 336.233 	 1421.09 	 325.695 	 0.229187 	 715.4 	 1126.66 	 789.6 	 279.769 	 254.058 	 0.247592 	 1026.11 	 0 	 0 	 NaN 	 NaN 	 0 	 0 	 0 	 NaN 	 NaN 	 NaN 	 NaN 	 0 	 0 	 NaN 	 NaN 	 140 	 283 	 139.286 	 -0.517316 	 2 	 756.375 	 0.140355 	 21.5215 	 21.5215 	 21.5215 	 0 	 77 	 63 	 70 	 9.89949 	 7435 	 0.918128 	 391.681 	 101.035 	 88.5601 	 24.5027 	 0.0874317 	 100.656 	 87.7386 	 15.3523 	 0.173355 	  DCIS 
54 	 3480.99 	 2031.57 	 3496.85 	 852.144 	 5566 	 138.185 	 52.388 	 0.925349 	 0.934206 	 373.061 	 1210.7 	 178.618 	 0.147533 	 395.304 	 916.266 	 169.089 	 8.13274 	 17.6408 	 0.043493 	 405.602 	 0 	 0 	 NaN 	 NaN 	 0 	 0 	 0 	 NaN 	 NaN 	 NaN 	 NaN 	 0 	 0 	 NaN 	 NaN 	 0 	 0 	 NaN 	 NaN 	 0 	 0 	 0 	 NaN 	 NaN 	 NaN 	 NaN 	 0 	 0 	 NaN 	 NaN 	 8344 	 0.874267 	 473.865 	 125.19 	 121.897 	 57.8396 	 0.0892449 	 145.974 	 120.602 	 27.3902 	 0.2247 	  DCIS 
55 	 3460.56 	 1862.2 	 3427.28 	 810.326 	 4440 	 85.3281 	 66.8091 	 0.622063 	 0.952177 	 280.777 	 1294.63 	 326.932 	 0.252529 	 525.256 	 1000.2 	 144.163 	 -19.0775 	 34.5328 	 0.0907142 	 380.676 	 0 	 0 	 NaN 	 NaN 	 0 	 0 	 0 	 NaN 	 NaN 	 NaN 	 NaN 	 0 	 0 	 NaN 	 NaN 	 0 	 0 	 NaN 	 NaN 	 0 	 0 	 0 	 NaN 	 NaN 	 NaN 	 NaN 	 0 	 0 	 NaN 	 NaN 	 6215 	 0.960587 	 340.368 	 80.073 	 77.6604 	 13.603 	 0 	 0 	 0 	 10.1607 	 0.130836 	  DCIS 
56 	 3579.56 	 1954.6 	 3567.73 	 936.214 	 3379 	 116.118 	 37.8444 	 0.9454 	 0.950225 	 284.735 	 1476.3 	 337.128 	 0.228359 	 731.166 	 1181.87 	 191.911 	 23.3553 	 23.5468 	 0.0549614 	 428.425 	 45 	 45 	 184.733 	 8.22639 	 1 	 0 	 0 	 NaN 	 NaN 	 NaN 	 NaN 	 45 	 45 	 45 	 0 	 83 	 86 	 140.313 	 0.510223 	 1 	 0 	 0 	 NaN 	 NaN 	 NaN 	 NaN 	 83 	 83 	 83 	 0 	 5506 	 0.879553 	 397.137 	 109.98 	 110.146 	 46.0882 	 0.0604396 	 163.182 	 108.718 	 24.9387 	 0.226416 	  DCIS 
57 	 3576.14 	 1738.57 	 3507.21 	 930.39 	 4940 	 104.07 	 61.4046 	 0.807381 	 0.958851 	 298.291 	 1670.74 	 518.294 	 0.310218 	 795.846 	 1376.31 	 168.661 	 -20.576 	 53.155 	 0.13119 	 405.174 	 45 	 45 	 168.2 	 -8.30694 	 1 	 0 	 0 	 NaN 	 NaN 	 NaN 	 NaN 	 45 	 45 	 45 	 0 	 127 	 256 	 152.354 	 12.5513 	 2 	 1292.03 	 0.261544 	 20.6318 	 20.6318 	 20.6318 	 0 	 82 	 45 	 63.5 	 26.163 	 6678 	 0.960863 	 385.823 	 89.4715 	 79.2022 	 15.1449 	 0 	 0 	 0 	 10.5469 	 0.133165 	  DCIS 
58 	 3572.08 	 1632.47 	 3479.83 	 935.951 	 3760 	 84.9727 	 57.1534 	 0.739998 	 0.969072 	 248.978 	 1677.63 	 506.157 	 0.301709 	 1070.38 	 1383.2 	 186.94 	 4.02286 	 67.6223 	 0.159692 	 423.454 	 45 	 45 	 166.311 	 -10.1958 	 1 	 0 	 0 	 NaN 	 NaN 	 NaN 	 NaN 	 45 	 45 	 45 	 0 	 194 	 292 	 136.938 	 -2.86489 	 2 	 702.683 	 0.186884 	 12.2019 	 12.2019 	 12.2019 	 0 	 115 	 79 	 97 	 25.4558 	 5554 	 0.958247 	 319.882 	 87.0283 	 75.85 	 11.7926 	 0 	 0 	 0 	 9.47488 	 0.124916 	  DCIS 
59 	 3654.47 	 1973.42 	 3643.77 	 1011.91 	 10111 	 171.312 	 84.1896 	 0.870911 	 0.884061 	 503.772 	 1589.73 	 416.438 	 0.261955 	 864.156 	 1295.3 	 180.496 	 36.9722 	 27.6293 	 0.0662559 	 417.009 	 55 	 55 	 156.691 	 -19.816 	 1 	 0 	 0 	 NaN 	 NaN 	 NaN 	 NaN 	 55 	 55 	 55 	 0 	 129 	 2387 	 135.992 	 -3.81078 	 3 	 2815.88 	 0.278497 	 89.4145 	 34.7197 	 71.1728 	 28.2365 	 74 	 7 	 43 	 33.7787 	 80 	 0.792079 	 40.1421 	 133.625 	 133.028 	 68.9704 	 0.583333 	 133.048 	 134.907 	 14.4627 	 0.10872 	  DCIS 
60 	 3604.48 	 2050.24 	 3619.25 	 976.079 	 4759 	 113.235 	 54.4577 	 0.87676 	 0.934787 	 310.392 	 1712.76 	 500.314 	 0.292109 	 641.686 	 1418.33 	 261.4 	 2.25334 	 63.5916 	 0.127716 	 497.914 	 45 	 45 	 208 	 31.4931 	 1 	 0 	 0 	 NaN 	 NaN 	 NaN 	 NaN 	 45 	 45 	 45 	 0 	 131 	 214 	 140.885 	 1.08247 	 2 	 877.576 	 0.184403 	 15.7359 	 15.7359 	 15.7359 	 0 	 82 	 49 	 65.5 	 23.3345 	 6691 	 0.947331 	 369.439 	 163.356 	 149.197 	 85.1397 	 0.15942 	 160.891 	 147.621 	 46.711 	 0.313083 	  DCIS 
61 	 3741.55 	 1942.77 	 3719.72 	 1095.95 	 2319 	 61.7078 	 54.2657 	 0.47609 	 0.830885 	 228.794 	 1718.71 	 461.083 	 0.268273 	 976.823 	 1424.28 	 190.424 	 25.8879 	 18.4337 	 0.0431766 	 426.937 	 0 	 0 	 NaN 	 NaN 	 0 	 0 	 0 	 NaN 	 NaN 	 NaN 	 NaN 	 0 	 0 	 NaN 	 NaN 	 86 	 243 	 128.988 	 -10.8147 	 2 	 368.066 	 0.158717 	 21.8155 	 21.8155 	 21.8155 	 0 	 59 	 27 	 43 	 22.6274 	 3744 	 0.771323 	 341.924 	 115.199 	 125.946 	 61.8887 	 0.406349 	 136.977 	 120.988 	 31.3126 	 0.248619 	  DCIS 
62 	 3770.19 	 2000.28 	 3762.63 	 1130.52 	 5813 	 92.9239 	 82.3225 	 0.463852 	 0.952638 	 319.262 	 1534.01 	 443.772 	 0.289288 	 734.967 	 1239.58 	 186.317 	 -2.72735 	 27.1764 	 0.0642726 	 422.831 	 0 	 0 	 NaN 	 NaN 	 0 	 0 	 0 	 NaN 	 NaN 	 NaN 	 NaN 	 0 	 0 	 NaN 	 NaN 	 0 	 0 	 NaN 	 NaN 	 0 	 0 	 0 	 NaN 	 NaN 	 NaN 	 NaN 	 0 	 0 	 NaN 	 NaN 	 7154 	 0.885396 	 413.137 	 127.801 	 132.771 	 68.7137 	 0.286842 	 136.358 	 131.206 	 32.2613 	 0.242984 	  DCIS 
63 	 3898.11 	 1986.72 	 3881.81 	 1255.75 	 5237 	 89.9256 	 74.664 	 0.557336 	 0.952701 	 301.321 	 1573.59 	 414.329 	 0.263301 	 407.587 	 1279.16 	 196.71 	 19.9617 	 33.5876 	 0.0775295 	 433.224 	 0 	 0 	 NaN 	 NaN 	 0 	 0 	 0 	 NaN 	 NaN 	 NaN 	 NaN 	 0 	 0 	 NaN 	 NaN 	 0 	 0 	 NaN 	 NaN 	 0 	 0 	 0 	 NaN 	 NaN 	 NaN 	 NaN 	 0 	 0 	 NaN 	 NaN 	 7099 	 0.957255 	 359.681 	 93.4946 	 91.5958 	 27.5384 	 0 	 0 	 0 	 10.808 	 0.117996 	  DCIS 
64 	 4014.96 	 1400.79 	 3879.06 	 1366.79 	 2658 	 162.636 	 23.44 	 0.989559 	 0.784997 	 404.049 	 1343.13 	 349.769 	 0.260413 	 723.556 	 1048.7 	 171.19 	 28.6063 	 22.3072 	 0.0547142 	 407.704 	 0 	 0 	 NaN 	 NaN 	 0 	 0 	 0 	 NaN 	 NaN 	 NaN 	 NaN 	 0 	 0 	 NaN 	 NaN 	 0 	 0 	 NaN 	 NaN 	 0 	 0 	 0 	 NaN 	 NaN 	 NaN 	 NaN 	 0 	 0 	 NaN 	 NaN 	 3737 	 0.797822 	 447.924 	 83.3101 	 83.6033 	 19.5459 	 0.375297 	 89.0633 	 82.5102 	 8.13118 	 0.097259 	  Fib 
65 	 4059.11 	 1429.26 	 3926.26 	 1409.63 	 2866 	 159.468 	 24.0128 	 0.988598 	 0.898151 	 384.735 	 1508.18 	 496.353 	 0.329107 	 858.957 	 1213.75 	 224.518 	 61.8096 	 36.0834 	 0.0782668 	 461.031 	 0 	 0 	 NaN 	 NaN 	 0 	 0 	 0 	 NaN 	 NaN 	 NaN 	 NaN 	 0 	 0 	 NaN 	 NaN 	 0 	 0 	 NaN 	 NaN 	 0 	 0 	 0 	 NaN 	 NaN 	 NaN 	 NaN 	 0 	 0 	 NaN 	 NaN 	 4711 	 0.893081 	 474.794 	 92.605 	 86.183 	 22.1257 	 0.337054 	 88.8411 	 85.2634 	 13.7368 	 0.159391 	  Fib 
66 	 4015.51 	 1514.61 	 3895.86 	 1366.71 	 3592 	 85.1624 	 55.7552 	 0.755895 	 0.950265 	 250.451 	 2565.37 	 1139.84 	 0.444318 	 1627.88 	 2270.94 	 220.817 	 61.4637 	 48.4585 	 0.105959 	 457.331 	 90 	 304 	 205.656 	 29.1486 	 2 	 471.852 	 0.131362 	 32.2025 	 32.2025 	 32.2025 	 0 	 45 	 45 	 45 	 0 	 37 	 40 	 180 	 40.197 	 1 	 0 	 0 	 NaN 	 NaN 	 NaN 	 NaN 	 37 	 37 	 37 	 0 	 5223 	 0.954147 	 324.368 	 83.1938 	 73.9735 	 9.91613 	 0 	 0 	 0 	 6.96498 	 0.094155 	  Other 
67 	 4092.89 	 1311.4 	 3946.52 	 1451.84 	 3325 	 126.974 	 34.8497 	 0.961598 	 0.932417 	 310.693 	 1807.38 	 643.801 	 0.356208 	 940.233 	 1512.95 	 265.07 	 43.8708 	 31.5733 	 0.0629472 	 501.583 	 0 	 0 	 NaN 	 NaN 	 0 	 0 	 0 	 NaN 	 NaN 	 NaN 	 NaN 	 0 	 0 	 NaN 	 NaN 	 40 	 41 	 153.475 	 13.672 	 1 	 0 	 0 	 NaN 	 NaN 	 NaN 	 NaN 	 40 	 40 	 40 	 0 	 5009 	 0.949034 	 366.711 	 90.4841 	 83.2312 	 19.1738 	 0 	 0 	 0 	 6.80867 	 0.0818043 	  Fib 
68 	 1423.9 	 1679.45 	 1469.75 	 310.934 	 3759 	 89.5265 	 54.0018 	 0.797595 	 0.963846 	 257.522 	 1524.13 	 368.091 	 0.241508 	 494.546 	 1229.7 	 112.424 	 15.0041 	 22.2546 	 0.0637782 	 348.937 	 0 	 0 	 NaN 	 NaN 	 0 	 0 	 0 	 NaN 	 NaN 	 NaN 	 NaN 	 0 	 0 	 NaN 	 NaN 	 79 	 80 	 147.215 	 7.41216 	 1 	 0 	 0 	 NaN 	 NaN 	 NaN 	 NaN 	 79 	 79 	 79 	 0 	 5358 	 0.976668 	 300.569 	 94.0926 	 90.6901 	 26.6328 	 0 	 0 	 0 	 11.1964 	 0.123458 	  Other 
69 	 1446.72 	 1479.95 	 1398.46 	 495.961 	 2833 	 95.7671 	 38.2109 	 0.916952 	 0.958714 	 235.179 	 1858.5 	 390.532 	 0.210133 	 689.958 	 1564.07 	 143.033 	 25.0556 	 19.7707 	 0.0520903 	 379.547 	 52 	 52 	 158.712 	 -17.7954 	 1 	 0 	 0 	 NaN 	 NaN 	 NaN 	 NaN 	 52 	 52 	 52 	 0 	 122 	 164 	 135.393 	 -4.40959 	 2 	 702.948 	 0.248129 	 10.3265 	 10.3265 	 10.3265 	 0 	 78 	 44 	 61 	 24.0416 	 4695 	 0.951561 	 308.368 	 127.56 	 134.692 	 70.6349 	 0 	 0 	 0 	 47.4914 	 0.352592 	  DCIS 
70 	 1543.76 	 1690.24 	 1579.03 	 306.34 	 2474 	 69.1479 	 46.6143 	 0.738618 	 0.96754 	 200.267 	 1989.16 	 422.616 	 0.21246 	 729.945 	 1694.73 	 108.056 	 18.7027 	 17.762 	 0.0515483 	 344.57 	 0 	 0 	 NaN 	 NaN 	 0 	 0 	 0 	 NaN 	 NaN 	 NaN 	 NaN 	 0 	 0 	 NaN 	 NaN 	 75 	 77 	 139.267 	 -0.536364 	 1 	 0 	 0 	 NaN 	 NaN 	 NaN 	 NaN 	 75 	 75 	 75 	 0 	 3571 	 0.978356 	 241.598 	 104.361 	 103.617 	 39.56 	 0.0826087 	 115.632 	 104.032 	 14.9202 	 0.143993 	  DCIS 
71 	 1561.36 	 1643.08 	 1571.69 	 335.058 	 3311 	 83.5343 	 53.3677 	 0.769313 	 0.950617 	 249.037 	 1715.06 	 497 	 0.289786 	 800.647 	 1420.63 	 147.267 	 -87.3345 	 68.0444 	 0.1773 	 383.781 	 0 	 0 	 NaN 	 NaN 	 0 	 0 	 0 	 NaN 	 NaN 	 NaN 	 NaN 	 0 	 0 	 NaN 	 NaN 	 0 	 0 	 NaN 	 NaN 	 0 	 0 	 0 	 NaN 	 NaN 	 NaN 	 NaN 	 0 	 0 	 NaN 	 NaN 	 4791 	 0.96476 	 292.569 	 120.441 	 134.5 	 70.4426 	 0.221014 	 97.8033 	 138.593 	 74.4158 	 0.553277 	  DCIS 
72 	 1564.68 	 1415.89 	 1484.66 	 433.014 	 5391 	 100.777 	 76.4895 	 0.651089 	 0.889457 	 348.032 	 1291.34 	 172.581 	 0.133645 	 380.122 	 996.909 	 176.194 	 -0.316525 	 25.8059 	 0.0625281 	 412.708 	 0 	 0 	 NaN 	 NaN 	 0 	 0 	 0 	 NaN 	 NaN 	 NaN 	 NaN 	 0 	 0 	 NaN 	 NaN 	 0 	 0 	 NaN 	 NaN 	 0 	 0 	 0 	 NaN 	 NaN 	 NaN 	 NaN 	 0 	 0 	 NaN 	 NaN 	 7891 	 0.923788 	 399.681 	 116.916 	 115.299 	 51.2421 	 0 	 0 	 0 	 16.8911 	 0.146498 	  DCIS 
73 	 1596.65 	 1988.43 	 1786.2 	 115.434 	 4081 	 79.4591 	 65.9648 	 0.557506 	 0.973521 	 251.078 	 1588.56 	 393.824 	 0.247912 	 702.449 	 1294.13 	 136.646 	 -2.88398 	 40.9815 	 0.109823 	 373.159 	 64 	 65 	 147.062 	 -29.4444 	 1 	 0 	 0 	 NaN 	 NaN 	 NaN 	 NaN 	 64 	 64 	 64 	 0 	 45 	 45 	 134.267 	 -5.53636 	 1 	 0 	 0 	 NaN 	 NaN 	 NaN 	 NaN 	 45 	 45 	 45 	 0 	 10003 	 0.902553 	 490.936 	 283.483 	 298.624 	 234.567 	 0.190265 	 316.988 	 296.948 	 143.011 	 0.478901 	  DCIS 
74 	 1647.48 	 1307.25 	 1530.98 	 463.435 	 7065 	 130.969 	 75.5282 	 0.816966 	 0.875573 	 399.831 	 1522.66 	 346.523 	 0.227578 	 653.463 	 1228.23 	 294.768 	 5.53811 	 48.7119 	 0.0916876 	 531.281 	 0 	 0 	 NaN 	 NaN 	 0 	 0 	 0 	 NaN 	 NaN 	 NaN 	 NaN 	 0 	 0 	 NaN 	 NaN 	 88 	 143 	 145.398 	 5.5947 	 2 	 1893.95 	 0.268074 	 11.257 	 11.257 	 11.257 	 0 	 53 	 35 	 44 	 12.7279 	 9760 	 0.904039 	 446.167 	 138.123 	 130.749 	 66.6914 	 0.0933014 	 99.7179 	 132.732 	 46.7858 	 0.357829 	  DCIS 
75 	 1681.24 	 1570.88 	 1649.34 	 246.982 	 3437 	 93.1069 	 49.1489 	 0.849321 	 0.957115 	 254.007 	 1741.4 	 498.266 	 0.286129 	 660.542 	 1446.97 	 135.327 	 2.11348 	 38.9228 	 0.104676 	 371.841 	 0 	 0 	 NaN 	 NaN 	 0 	 0 	 0 	 NaN 	 NaN 	 NaN 	 NaN 	 0 	 0 	 NaN 	 NaN 	 66 	 67 	 149.758 	 9.95455 	 1 	 0 	 0 	 NaN 	 NaN 	 NaN 	 NaN 	 66 	 66 	 66 	 0 	 5200 	 0.966184 	 302.912 	 108.178 	 107.917 	 43.8593 	 0 	 0 	 0 	 19.7729 	 0.183224 	  DCIS 
76 	 1670.01 	 1778.68 	 1732.52 	 174.748 	 3549 	 71.9407 	 63.3414 	 0.474106 	 0.966503 	 236.794 	 1719.37 	 359.81 	 0.209268 	 712.055 	 1424.94 	 150.971 	 47.4133 	 18.1068 	 0.046729 	 387.485 	 0 	 0 	 NaN 	 NaN 	 0 	 0 	 0 	 NaN 	 NaN 	 NaN 	 NaN 	 0 	 0 	 NaN 	 NaN 	 153 	 348 	 149.34 	 9.53684 	 2 	 156.024 	 0.0439627 	 25.482 	 25.482 	 25.482 	 0 	 91 	 62 	 76.5 	 20.5061 	 4208 	 0.877581 	 306.61 	 180.049 	 173.42 	 109.363 	 0.353357 	 194.98 	 168.259 	 25.1914 	 0.145262 	  DCIS 
77 	 1705.79 	 1949.92 	 194.363 	 115.434 	 7117 	 120.051 	 78.7069 	 0.7551 	 0.90409 	 396.919 	 1617 	 398.897 	 0.24669 	 611.554 	 1322.57 	 173.829 	 -4.57215 	 43.0089 	 0.104812 	 410.343 	 0 	 0 	 NaN 	 NaN 	 0 	 0 	 0 	 NaN 	 NaN 	 NaN 	 NaN 	 0 	 0 	 NaN 	 NaN 	 131 	 415 	 137.542 	 -2.26105 	 2 	 1680.09 	 0.236067 	 36.4068 	 36.4068 	 36.4068 	 0 	 73 	 58 	 65.5 	 10.6066 	 15822 	 0.796396 	 657.806 	 241.038 	 266.674 	 202.617 	 0.139116 	 316.565 	 261.849 	 97.9349 	 0.367245 	  Tumour 
78 	 1683.39 	 1456.38 	 1609.24 	 321.386 	 1886 	 63.0164 	 38.7869 	 0.788133 	 0.960285 	 190.451 	 1254.95 	 175.737 	 0.140035 	 344.099 	 960.517 	 121.596 	 1.4053 	 12.3462 	 0.034476 	 358.11 	 0 	 0 	 NaN 	 NaN 	 0 	 0 	 0 	 NaN 	 NaN 	 NaN 	 NaN 	 0 	 0 	 NaN 	 NaN 	 71 	 73 	 128.887 	 -10.9157 	 1 	 0 	 0 	 NaN 	 NaN 	 NaN 	 NaN 	 71 	 71 	 71 	 0 	 3085 	 0.986253 	 220.77 	 90.2217 	 89.581 	 25.5236 	 0 	 0 	 0 	 9.15238 	 0.102169 	  Other 
79 	 1723.58 	 1744.38 	 1762.95 	 172.447 	 5576 	 100.951 	 75.2243 	 0.666887 	 0.840645 	 361.203 	 1483.29 	 282.847 	 0.190689 	 515.258 	 1188.86 	 110.252 	 27.0038 	 27.0326 	 0.0779563 	 346.766 	 0 	 0 	 NaN 	 NaN 	 0 	 0 	 0 	 NaN 	 NaN 	 NaN 	 NaN 	 0 	 0 	 NaN 	 NaN 	 0 	 0 	 NaN 	 NaN 	 0 	 0 	 0 	 NaN 	 NaN 	 NaN 	 NaN 	 0 	 0 	 NaN 	 NaN 	 7796 	 0.935445 	 400.853 	 159.106 	 156.066 	 92.0091 	 0.268617 	 192.851 	 149.433 	 35.6236 	 0.228259 	  DCIS 
80 	 1730.39 	 1265.14 	 1601.82 	 464.776 	 2245 	 67.3516 	 42.9421 	 0.770384 	 0.959402 	 186.811 	 2345.23 	 461.52 	 0.196791 	 919.691 	 2050.8 	 180.444 	 7.97102 	 20.0649 	 0.0481222 	 416.958 	 0 	 0 	 NaN 	 NaN 	 0 	 0 	 0 	 NaN 	 NaN 	 NaN 	 NaN 	 0 	 0 	 NaN 	 NaN 	 0 	 0 	 NaN 	 NaN 	 0 	 0 	 0 	 NaN 	 NaN 	 NaN 	 NaN 	 0 	 0 	 NaN 	 NaN 	 3225 	 0.932081 	 234.426 	 96.9175 	 96.009 	 31.9516 	 0.324324 	 98.5694 	 95.2151 	 9.12705 	 0.0950645 	  DCIS 
81 	 1794.99 	 1278.46 	 1668.09 	 433.757 	 3387 	 90.7945 	 49.8651 	 0.835686 	 0.947678 	 256.936 	 1764.17 	 569.512 	 0.322821 	 874.221 	 1469.74 	 99.2252 	 5.46342 	 34.4109 	 0.102493 	 335.739 	 0 	 0 	 NaN 	 NaN 	 0 	 0 	 0 	 NaN 	 NaN 	 NaN 	 NaN 	 0 	 0 	 NaN 	 NaN 	 0 	 0 	 NaN 	 NaN 	 0 	 0 	 0 	 NaN 	 NaN 	 NaN 	 NaN 	 0 	 0 	 NaN 	 NaN 	 4965 	 0.944455 	 301.154 	 97.1047 	 91.5404 	 27.483 	 0.329825 	 105.564 	 89.6004 	 16.4307 	 0.179491 	  DCIS 
82 	 1819.07 	 1348.37 	 1707.76 	 360.268 	 4571 	 99.3458 	 58.9106 	 0.805214 	 0.952689 	 287.463 	 1847.1 	 625.353 	 0.338559 	 1024.22 	 1552.67 	 214.039 	 64.8115 	 66.3193 	 0.147196 	 450.552 	 0 	 0 	 NaN 	 NaN 	 0 	 0 	 0 	 NaN 	 NaN 	 NaN 	 NaN 	 0 	 0 	 NaN 	 NaN 	 63 	 64 	 118.111 	 -21.6919 	 1 	 0 	 0 	 NaN 	 NaN 	 NaN 	 NaN 	 63 	 63 	 63 	 0 	 6638 	 0.978479 	 332.569 	 102.795 	 92.3449 	 28.2876 	 0.161392 	 105.157 	 91.7212 	 17.2683 	 0.186998 	  DCIS 
83 	 1890.95 	 1701.16 	 1474.05 	 172.447 	 15919 	 147.315 	 139.365 	 0.324072 	 0.981927 	 502.701 	 2512.93 	 732.205 	 0.291375 	 1063.19 	 2218.5 	 340.336 	 18.028 	 48.4051 	 0.0839128 	 576.85 	 165 	 2066 	 194.145 	 17.6385 	 3 	 3199.55 	 0.20099 	 72.4116 	 42.0937 	 58.8682 	 13.7876 	 67 	 45 	 55 	 11.1355 	 569 	 4716 	 171.12 	 31.3165 	 11 	 3353.01 	 0.21063 	 129.224 	 9.7532 	 50.0019 	 27.0515 	 77 	 32 	 51.7273 	 13.8571 	 27707 	 0.962216 	 708.801 	 295.945 	 335.768 	 271.71 	 0.104265 	 514.394 	 324.462 	 97.5783 	 0.290612 	  Tumour 
84 	 1897.5 	 1913.79 	 1616.52 	 242.547 	 8015 	 117.724 	 89.6434 	 0.648196 	 0.928952 	 398.215 	 1729.1 	 316.172 	 0.182854 	 311.842 	 1434.67 	 274.508 	 -27.3857 	 30.0097 	 0.0587248 	 511.022 	 0 	 0 	 NaN 	 NaN 	 0 	 0 	 0 	 NaN 	 NaN 	 NaN 	 NaN 	 0 	 0 	 NaN 	 NaN 	 49 	 51 	 129.122 	 -10.6806 	 1 	 0 	 0 	 NaN 	 NaN 	 NaN 	 NaN 	 49 	 49 	 49 	 0 	 11023 	 0.8394 	 541.061 	 337.407 	 405.466 	 341.408 	 0.465696 	 396.241 	 408.081 	 86.2045 	 0.212606 	  Tumour 
85 	 1949.48 	 1859.12 	 1618.52 	 252.686 	 6124 	 125.231 	 65.3709 	 0.852945 	 0.919934 	 344.032 	 1476.97 	 226.817 	 0.15357 	 418.355 	 1182.54 	 283.913 	 -26.0759 	 24.7167 	 0.0474932 	 520.426 	 90 	 353 	 156.567 	 -19.9403 	 2 	 216.924 	 0.0354219 	 38.2753 	 38.2753 	 38.2753 	 0 	 45 	 45 	 45 	 0 	 0 	 0 	 NaN 	 NaN 	 0 	 0 	 0 	 NaN 	 NaN 	 NaN 	 NaN 	 0 	 0 	 NaN 	 NaN 	 8352 	 0.800383 	 475.505 	 361.164 	 415.795 	 351.738 	 0.492857 	 406.647 	 416.324 	 81.268 	 0.195452 	  Tumour 
86 	 1942.8 	 1321.37 	 1821.9 	 383.541 	 3447 	 78.3893 	 56.8624 	 0.688343 	 0.963657 	 244.877 	 2078.9 	 1007.34 	 0.484555 	 1320.62 	 1784.47 	 228.218 	 23.1169 	 34.9739 	 0.0752561 	 464.732 	 0 	 0 	 NaN 	 NaN 	 0 	 0 	 0 	 NaN 	 NaN 	 NaN 	 NaN 	 0 	 0 	 NaN 	 NaN 	 84 	 90 	 169.405 	 29.6017 	 1 	 0 	 0 	 NaN 	 NaN 	 NaN 	 NaN 	 84 	 84 	 84 	 0 	 5240 	 0.965365 	 294.912 	 94.2973 	 88.1679 	 24.1105 	 0 	 0 	 0 	 9.67706 	 0.109757 	  DCIS 
87 	 1948.7 	 2000.6 	 1714.22 	 341.576 	 5853 	 99.7259 	 75.246 	 0.656268 	 0.982707 	 312.108 	 1540.15 	 212.78 	 0.138155 	 -35.9613 	 1245.72 	 271.269 	 -19.4126 	 22.4069 	 0.044127 	 507.783 	 0 	 0 	 NaN 	 NaN 	 0 	 0 	 0 	 NaN 	 NaN 	 NaN 	 NaN 	 0 	 0 	 NaN 	 NaN 	 90 	 167 	 124.644 	 -15.1586 	 2 	 815.647 	 0.139355 	 15.2315 	 15.2315 	 15.2315 	 0 	 45 	 45 	 45 	 0 	 12478 	 0.914608 	 514.208 	 361.715 	 444.791 	 380.734 	 0.597077 	 416.927 	 459.482 	 81.3056 	 0.182795 	  Tumour 
88 	 1988.29 	 1791.31 	 1605.81 	 268.151 	 5515 	 94.0298 	 76.6404 	 0.57937 	 0.962142 	 316.132 	 1251.98 	 193.267 	 0.15437 	 315.485 	 957.548 	 360.711 	 -15.1236 	 29.2351 	 0.0489516 	 597.225 	 45 	 45 	 170.933 	 -5.57361 	 1 	 0 	 0 	 NaN 	 NaN 	 NaN 	 NaN 	 45 	 45 	 45 	 0 	 0 	 0 	 NaN 	 NaN 	 0 	 0 	 0 	 NaN 	 NaN 	 NaN 	 NaN 	 0 	 0 	 NaN 	 NaN 	 7625 	 0.939734 	 387.966 	 484.387 	 495.099 	 431.041 	 0.49435 	 483.326 	 499.653 	 61.8444 	 0.124913 	  Tumour 
89 	 2027.6 	 2009.67 	 1777.83 	 403.946 	 8752 	 128.627 	 88.4436 	 0.726093 	 0.964089 	 368.978 	 1887.73 	 296.942 	 0.1573 	 461.34 	 1593.3 	 264.617 	 -37.0955 	 24.1415 	 0.0481741 	 501.13 	 163 	 331 	 172.926 	 -3.58056 	 3 	 4148.61 	 0.474018 	 17.3115 	 11.4253 	 14.678 	 2.67571 	 73 	 45 	 54.3333 	 16.1658 	 446 	 2290 	 153.374 	 13.5714 	 7 	 3117.62 	 0.356218 	 77.2879 	 10.9534 	 34.8868 	 21.3743 	 115 	 45 	 63.7143 	 24.1158 	 14820 	 0.859629 	 606.108 	 403.911 	 482.129 	 418.071 	 0.283451 	 395.335 	 501.734 	 103.188 	 0.214027 	  Tumour 
90 	 2121.05 	 1864.03 	 1755.81 	 414.74 	 8143 	 120.068 	 87.1649 	 0.687733 	 0.956537 	 373.546 	 1464.04 	 202.442 	 0.138276 	 405.335 	 1169.61 	 367.709 	 -7.42292 	 30.8227 	 0.0510122 	 604.222 	 0 	 0 	 NaN 	 NaN 	 0 	 0 	 0 	 NaN 	 NaN 	 NaN 	 NaN 	 0 	 0 	 NaN 	 NaN 	 52 	 53 	 138.577 	 -1.22611 	 1 	 0 	 0 	 NaN 	 NaN 	 NaN 	 NaN 	 52 	 52 	 52 	 0 	 12191 	 0.91209 	 513.38 	 402.571 	 464.743 	 400.686 	 0.156576 	 507.053 	 457.16 	 104.281 	 0.224384 	  Tumour 
91 	 2162.8 	 1683.13 	 1688.94 	 249.65 	 10087 	 121.831 	 106.7 	 0.482673 	 0.930363 	 438.617 	 1574.82 	 225.698 	 0.143317 	 383.991 	 1280.39 	 260.457 	 -1.71307 	 43.4269 	 0.0873833 	 496.97 	 0 	 0 	 NaN 	 NaN 	 0 	 0 	 0 	 NaN 	 NaN 	 NaN 	 NaN 	 0 	 0 	 NaN 	 NaN 	 0 	 0 	 NaN 	 NaN 	 0 	 0 	 0 	 NaN 	 NaN 	 NaN 	 NaN 	 0 	 0 	 NaN 	 NaN 	 12684 	 0.885754 	 545.179 	 308.932 	 357.109 	 293.052 	 0.50495 	 403.329 	 340.118 	 93.0322 	 0.260515 	  Tumour 
92 	 2193.51 	 1776.63 	 1765.37 	 332.746 	 8911 	 134.521 	 88.2989 	 0.754416 	 0.892349 	 430.558 	 1570.29 	 327.88 	 0.208802 	 638.665 	 1275.86 	 254.52 	 58.5887 	 53.2915 	 0.108529 	 491.034 	 90 	 328 	 157.922 	 -18.5847 	 2 	 260.385 	 0.0292207 	 35.2278 	 35.2278 	 35.2278 	 0 	 45 	 45 	 45 	 0 	 45 	 45 	 126.511 	 -13.2919 	 1 	 0 	 0 	 NaN 	 NaN 	 NaN 	 NaN 	 45 	 45 	 45 	 0 	 12606 	 0.885377 	 564.978 	 377.993 	 379.842 	 315.785 	 0.535645 	 422.903 	 365.34 	 105.179 	 0.276902 	  Tumour 
93 	 2248.14 	 1074.92 	 2087.84 	 564.287 	 2560 	 126.742 	 28.3625 	 0.974639 	 0.882454 	 294.35 	 1221.88 	 195.359 	 0.159884 	 403.257 	 927.448 	 144.218 	 14.2425 	 23.0277 	 0.0604828 	 380.732 	 0 	 0 	 NaN 	 NaN 	 0 	 0 	 0 	 NaN 	 NaN 	 NaN 	 NaN 	 0 	 0 	 NaN 	 NaN 	 0 	 0 	 NaN 	 NaN 	 0 	 0 	 0 	 NaN 	 NaN 	 NaN 	 NaN 	 0 	 0 	 NaN 	 NaN 	 4394 	 0.908602 	 329.255 	 81.8466 	 78.8449 	 14.7876 	 0 	 0 	 0 	 6.26236 	 0.0794263 	  Fib 
94 	 2282.07 	 1715.11 	 1807.6 	 267.918 	 12344 	 139.768 	 114.064 	 0.577916 	 0.958534 	 456.659 	 1617.45 	 243.558 	 0.150582 	 431.052 	 1323.02 	 257.223 	 14.7967 	 33.7883 	 0.068434 	 493.736 	 0 	 0 	 NaN 	 NaN 	 0 	 0 	 0 	 NaN 	 NaN 	 NaN 	 NaN 	 0 	 0 	 NaN 	 NaN 	 0 	 0 	 NaN 	 NaN 	 0 	 0 	 0 	 NaN 	 NaN 	 NaN 	 NaN 	 0 	 0 	 NaN 	 NaN 	 35125 	 0.911793 	 865.529 	 238.399 	 343.401 	 279.343 	 0.452926 	 385.292 	 328.368 	 106.704 	 0.310726 	  Tumour 
95 	 2249.83 	 1449.38 	 2150.34 	 249.65 	 4610 	 92.3912 	 66.261 	 0.696889 	 0.937945 	 299.12 	 1484.41 	 348.543 	 0.234802 	 529.311 	 1189.98 	 170.95 	 16.7272 	 59.7559 	 0.146653 	 407.464 	 0 	 0 	 NaN 	 NaN 	 0 	 0 	 0 	 NaN 	 NaN 	 NaN 	 NaN 	 0 	 0 	 NaN 	 NaN 	 0 	 0 	 NaN 	 NaN 	 0 	 0 	 0 	 NaN 	 NaN 	 NaN 	 NaN 	 0 	 0 	 NaN 	 NaN 	 7258 	 0.873826 	 402.853 	 200.729 	 205.452 	 141.395 	 0 	 0 	 0 	 85.9545 	 0.418367 	  DCIS 
96 	 2359.69 	 1951.79 	 2000.98 	 372.001 	 4307 	 117.101 	 51.6507 	 0.897469 	 0.896918 	 352.392 	 1316.18 	 177.817 	 0.135101 	 370.116 	 1021.75 	 208.348 	 -20.1644 	 38.6797 	 0.0869478 	 444.861 	 0 	 0 	 NaN 	 NaN 	 0 	 0 	 0 	 NaN 	 NaN 	 NaN 	 NaN 	 0 	 0 	 NaN 	 NaN 	 0 	 0 	 NaN 	 NaN 	 0 	 0 	 0 	 NaN 	 NaN 	 NaN 	 NaN 	 0 	 0 	 NaN 	 NaN 	 7040 	 0.856344 	 422.995 	 375.755 	 440.018 	 375.96 	 0.401015 	 460.696 	 429.869 	 125.834 	 0.285974 	  Tumour 
97 	 2448.83 	 1851.59 	 2021.12 	 398.527 	 11686 	 132.233 	 113.969 	 0.50711 	 0.956145 	 442.073 	 1601.95 	 269.949 	 0.168513 	 189.392 	 1307.52 	 249.592 	 -25.4759 	 24.3783 	 0.0501503 	 486.106 	 0 	 0 	 NaN 	 NaN 	 0 	 0 	 0 	 NaN 	 NaN 	 NaN 	 NaN 	 0 	 0 	 NaN 	 NaN 	 90 	 261 	 116.978 	 -22.8253 	 2 	 2089.12 	 0.178771 	 28.4429 	 28.4429 	 28.4429 	 0 	 45 	 45 	 45 	 0 	 37186 	 0.921061 	 937.973 	 279.322 	 397.838 	 333.78 	 0.505214 	 443.218 	 379.817 	 103.504 	 0.260166 	  Tumour 
98 	 2427.79 	 1956.13 	 2059.34 	 338.953 	 2525 	 84.343 	 41.4302 	 0.871041 	 0.855352 	 240.409 	 1299.05 	 139.506 	 0.107391 	 279.614 	 1004.62 	 245.633 	 12.7482 	 19.1155 	 0.0396467 	 482.146 	 0 	 0 	 NaN 	 NaN 	 0 	 0 	 0 	 NaN 	 NaN 	 NaN 	 NaN 	 0 	 0 	 NaN 	 NaN 	 0 	 0 	 NaN 	 NaN 	 0 	 0 	 0 	 NaN 	 NaN 	 NaN 	 NaN 	 0 	 0 	 NaN 	 NaN 	 4248 	 0.83655 	 326.853 	 379.76 	 424.874 	 360.817 	 0.754967 	 431.93 	 412.923 	 123.499 	 0.290672 	  Tumour 
99 	 2513.26 	 1616.35 	 1967.97 	 311.541 	 19003 	 170.402 	 145.962 	 0.51603 	 0.954589 	 593.151 	 1890.25 	 511.058 	 0.270365 	 624.841 	 1595.82 	 297.071 	 -7.01202 	 51.7007 	 0.0968932 	 533.584 	 45 	 45 	 178.644 	 2.1375 	 1 	 0 	 0 	 NaN 	 NaN 	 NaN 	 NaN 	 45 	 45 	 45 	 0 	 0 	 0 	 NaN 	 NaN 	 0 	 0 	 0 	 NaN 	 NaN 	 NaN 	 NaN 	 0 	 0 	 NaN 	 NaN 	 48389 	 0.940944 	 1011.31 	 295.15 	 347.693 	 283.635 	 0.107574 	 422.429 	 343.087 	 79.1165 	 0.227547 	  Tumour 
100 	 2484.14 	 1954.45 	 2104.95 	 325.357 	 5433 	 99.0149 	 72.3542 	 0.682655 	 0.904595 	 334.007 	 1863.93 	 556.828 	 0.298739 	 666.503 	 1569.5 	 278.266 	 -37.6234 	 19.6982 	 0.0382653 	 514.779 	 0 	 0 	 NaN 	 NaN 	 0 	 0 	 0 	 NaN 	 NaN 	 NaN 	 NaN 	 0 	 0 	 NaN 	 NaN 	 0 	 0 	 NaN 	 NaN 	 0 	 0 	 0 	 NaN 	 NaN 	 NaN 	 NaN 	 0 	 0 	 NaN 	 NaN 	 5756 	 0.909608 	 352.61 	 460.597 	 520.076 	 456.019 	 0.823708 	 504.863 	 528.011 	 96.4907 	 0.185532 	  Tumour 
101 	 2552.15 	 1172.2 	 2399.38 	 314.651 	 4976 	 146.146 	 47.2544 	 0.946284 	 0.903249 	 368.718 	 1817.7 	 645.804 	 0.355286 	 1111.83 	 1523.27 	 224.788 	 48.5188 	 39.5704 	 0.0857801 	 461.301 	 0 	 0 	 NaN 	 NaN 	 0 	 0 	 0 	 NaN 	 NaN 	 NaN 	 NaN 	 0 	 0 	 NaN 	 NaN 	 0 	 0 	 NaN 	 NaN 	 0 	 0 	 0 	 NaN 	 NaN 	 NaN 	 NaN 	 0 	 0 	 NaN 	 NaN 	 7574 	 0.925238 	 419.196 	 92.7515 	 86.2828 	 22.2255 	 0 	 0 	 0 	 12.5137 	 0.145031 	  Fib 
102 	 2563.43 	 1942.76 	 2165.83 	 276.147 	 12648 	 153.723 	 107.245 	 0.716435 	 0.928021 	 526.115 	 1479.47 	 234.369 	 0.158415 	 478.684 	 1185.03 	 285.947 	 -13.1274 	 32.8364 	 0.0628496 	 522.46 	 266 	 1928 	 165.823 	 -10.6836 	 4 	 2825.71 	 0.223412 	 92.5134 	 16.8381 	 52.9022 	 30.501 	 112 	 45 	 66.5 	 30.8815 	 439 	 2959 	 160.815 	 21.0125 	 6 	 2792.6 	 0.220794 	 114.64 	 12.4874 	 60.1058 	 37.5077 	 111 	 39 	 73.1667 	 32.8841 	 15932 	 0.873609 	 615.463 	 441.259 	 499.54 	 435.482 	 0.536155 	 494.829 	 496.889 	 82.031 	 0.164213 	  Tumour 
103 	 2650.06 	 1471.24 	 2041.97 	 314.651 	 23228 	 220.529 	 135.112 	 0.790339 	 0.98278 	 615.772 	 2244.37 	 519.822 	 0.231612 	 1030.06 	 1949.94 	 282.298 	 5.00087 	 39.3432 	 0.0758332 	 518.812 	 170 	 980 	 189.335 	 12.8283 	 3 	 4322.57 	 0.186093 	 40.6356 	 25 	 35.3826 	 8.04255 	 80 	 45 	 56.6667 	 20.2073 	 545 	 4772 	 173.976 	 34.1731 	 8 	 5339.4 	 0.229869 	 109.797 	 11.4953 	 56.1803 	 29.1702 	 124 	 42 	 68.125 	 25.0225 	 28571 	 0.955137 	 781.002 	 252.623 	 338.152 	 274.095 	 0.137834 	 422.133 	 330.288 	 147.252 	 0.43546 	  Tumour 
104 	 2628.2 	 1063.7 	 2466.27 	 407.594 	 3598 	 178.503 	 26.175 	 0.98919 	 0.914591 	 398.049 	 1441.09 	 350.273 	 0.243061 	 798.822 	 1146.66 	 165.734 	 32.44 	 24.9954 	 0.0621393 	 402.247 	 0 	 0 	 NaN 	 NaN 	 0 	 0 	 0 	 NaN 	 NaN 	 NaN 	 NaN 	 0 	 0 	 NaN 	 NaN 	 85 	 89 	 143.541 	 3.73815 	 1 	 0 	 0 	 NaN 	 NaN 	 NaN 	 NaN 	 85 	 85 	 85 	 0 	 6027 	 0.919872 	 426.426 	 90.7616 	 87.1208 	 23.0634 	 0 	 0 	 0 	 19.6965 	 0.226083 	  Fib 
105 	 2650.66 	 1839 	 2190.35 	 210.64 	 10281 	 156.575 	 84.8668 	 0.840367 	 0.952827 	 434.701 	 1570.72 	 235.289 	 0.149797 	 462.916 	 1276.29 	 337.274 	 -18.9909 	 30.9648 	 0.0539656 	 573.788 	 299 	 1408 	 169.906 	 -6.60059 	 5 	 2760.13 	 0.268469 	 60.3624 	 12.4991 	 32.4473 	 14.9356 	 72 	 45 	 59.8 	 10.2567 	 555 	 1787 	 155.227 	 15.424 	 7 	 2594.69 	 0.252377 	 65.5141 	 11.5229 	 34.1321 	 16.816 	 156 	 44 	 79.2857 	 36.9221 	 14556 	 0.91674 	 596.735 	 432.237 	 461.601 	 397.544 	 0.164855 	 556.824 	 454.708 	 116.857 	 0.253155 	  Tumour 
106 	 124.518 	 1936.79 	 1018.83 	 657.938 	 1514 	 57.423 	 35.1091 	 0.791313 	 0.983117 	 158.669 	 2211.18 	 408.786 	 0.184872 	 915.143 	 1916.75 	 146.307 	 -21.5479 	 64.7205 	 0.169062 	 382.82 	 68 	 69 	 156.662 	 -19.8452 	 1 	 0 	 0 	 NaN 	 NaN 	 NaN 	 NaN 	 68 	 68 	 68 	 0 	 163 	 225 	 143.663 	 3.85955 	 2 	 140.414 	 0.0927438 	 13.3228 	 13.3228 	 13.3228 	 0 	 87 	 76 	 81.5 	 7.77817 	 5514 	 0.979048 	 297.255 	 79.6251 	 71.5599 	 7.50248 	 0 	 0 	 0 	 8.13403 	 0.113668 	  Other 
107 	 141.963 	 1341.94 	 423.68 	 786.863 	 2664 	 81.0872 	 42.3435 	 0.852825 	 0.95724 	 225.078 	 1218.2 	 343.889 	 0.282293 	 500.874 	 923.77 	 195.376 	 4.59421 	 62.6848 	 0.145141 	 431.89 	 45 	 45 	 178.733 	 2.22639 	 1 	 0 	 0 	 NaN 	 NaN 	 NaN 	 NaN 	 45 	 45 	 45 	 0 	 0 	 0 	 NaN 	 NaN 	 0 	 0 	 0 	 NaN 	 NaN 	 NaN 	 NaN 	 0 	 0 	 NaN 	 NaN 	 4326 	 0.964764 	 276.569 	 79.2924 	 75.8231 	 11.7657 	 0 	 0 	 0 	 7.13463 	 0.0940958 	  Other 
108 	 233.592 	 1575.05 	 659.515 	 789.507 	 1612 	 64.7072 	 33.1313 	 0.858974 	 0.944347 	 175.924 	 1140.21 	 235.435 	 0.206484 	 549.791 	 845.775 	 158.767 	 -0.123149 	 24.5492 	 0.0621058 	 395.281 	 0 	 0 	 NaN 	 NaN 	 0 	 0 	 0 	 NaN 	 NaN 	 NaN 	 NaN 	 0 	 0 	 NaN 	 NaN 	 97 	 100 	 124.876 	 -14.9267 	 1 	 0 	 0 	 NaN 	 NaN 	 NaN 	 NaN 	 97 	 97 	 97 	 0 	 2797 	 0.988339 	 220.77 	 76.0783 	 74.8095 	 10.7521 	 0 	 0 	 0 	 7.41858 	 0.0991662 	  Other 
109 	 346.736 	 1702.75 	 804.622 	 618.917 	 4263 	 98.7012 	 57.7597 	 0.810891 	 0.950714 	 272.007 	 1577.35 	 483.168 	 0.306317 	 1100.55 	 1282.92 	 155.002 	 36.8009 	 24.7421 	 0.0631957 	 391.515 	 94 	 387 	 162.777 	 -13.7303 	 2 	 73.4172 	 0.017222 	 44.4816 	 44.4816 	 44.4816 	 0 	 61 	 33 	 47 	 19.799 	 197 	 838 	 127.853 	 -11.9502 	 3 	 507.415 	 0.119028 	 43.186 	 25.8558 	 31.7223 	 8.88052 	 76 	 47 	 65.6667 	 16.1967 	 6362 	 0.95268 	 343.882 	 85.1534 	 74.8889 	 10.8315 	 0 	 0 	 0 	 7.19133 	 0.0960266 	  Fib 
110 	 570.377 	 1660.43 	 843.977 	 550.974 	 1372 	 47.4134 	 38.3707 	 0.587423 	 0.885161 	 172.066 	 953.391 	 165.55 	 0.173643 	 390.27 	 658.96 	 132.588 	 4.94192 	 15.2186 	 0.0412314 	 369.102 	 0 	 0 	 NaN 	 NaN 	 0 	 0 	 0 	 NaN 	 NaN 	 NaN 	 NaN 	 0 	 0 	 NaN 	 NaN 	 0 	 0 	 NaN 	 NaN 	 0 	 0 	 0 	 NaN 	 NaN 	 NaN 	 NaN 	 0 	 0 	 NaN 	 NaN 	 2317 	 0.98178 	 188.77 	 103.257 	 103.242 	 39.1842 	 0 	 0 	 0 	 20.2432 	 0.196076 	  Other 
111 	 714.8 	 1675.54 	 935.12 	 496.763 	 3314 	 71.3592 	 59.6379 	 0.549121 	 0.976429 	 218.066 	 1571.29 	 391.323 	 0.249046 	 580.851 	 1276.86 	 246.021 	 34.3844 	 32.073 	 0.0664678 	 482.534 	 65 	 67 	 176.846 	 0.339209 	 1 	 0 	 0 	 NaN 	 NaN 	 NaN 	 NaN 	 65 	 65 	 65 	 0 	 56 	 59 	 117.339 	 -22.4637 	 1 	 0 	 0 	 NaN 	 NaN 	 NaN 	 NaN 	 56 	 56 	 56 	 0 	 4871 	 0.976935 	 277.74 	 115.189 	 107.805 	 43.748 	 0 	 0 	 0 	 16.4651 	 0.15273 	  DCIS 
112 	 836.557 	 1384.51 	 816.944 	 589.922 	 1552 	 56.0127 	 36.0079 	 0.765991 	 0.952147 	 159.782 	 1333.35 	 336.47 	 0.252349 	 658.637 	 1038.92 	 510.495 	 -102.608 	 135.966 	 0.182014 	 747.009 	 0 	 0 	 NaN 	 NaN 	 0 	 0 	 0 	 NaN 	 NaN 	 NaN 	 NaN 	 0 	 0 	 NaN 	 NaN 	 0 	 0 	 NaN 	 NaN 	 0 	 0 	 0 	 NaN 	 NaN 	 NaN 	 NaN 	 0 	 0 	 NaN 	 NaN 	 3050 	 0.949564 	 233.255 	 138.799 	 104.814 	 40.7563 	 0 	 0 	 0 	 13.3546 	 0.127412 	  Other 
113 	 849.759 	 1951.56 	 1238.93 	 214.22 	 2410 	 72.6684 	 42.9014 	 0.807131 	 0.954078 	 204.208 	 1491.56 	 382.682 	 0.256565 	 498.457 	 1197.13 	 98.6304 	 19.2956 	 16.9478 	 0.0505687 	 335.144 	 0 	 0 	 NaN 	 NaN 	 0 	 0 	 0 	 NaN 	 NaN 	 NaN 	 NaN 	 0 	 0 	 NaN 	 NaN 	 0 	 0 	 NaN 	 NaN 	 0 	 0 	 0 	 NaN 	 NaN 	 NaN 	 NaN 	 0 	 0 	 NaN 	 NaN 	 6658 	 0.948703 	 366.51 	 156.411 	 113.826 	 49.7691 	 0 	 0 	 0 	 20.8312 	 0.183008 	  DCIS 
114 	 875.339 	 1754.96 	 1096.16 	 389.478 	 3293 	 80.4042 	 52.8747 	 0.753358 	 0.958661 	 237.48 	 1425.59 	 342.638 	 0.240349 	 425.014 	 1131.16 	 133.145 	 19.2296 	 18.1915 	 0.0492115 	 369.659 	 0 	 0 	 NaN 	 NaN 	 0 	 0 	 0 	 NaN 	 NaN 	 NaN 	 NaN 	 0 	 0 	 NaN 	 NaN 	 89 	 91 	 131.438 	 -8.36483 	 1 	 0 	 0 	 NaN 	 NaN 	 NaN 	 NaN 	 89 	 89 	 89 	 0 	 4973 	 0.959668 	 299.397 	 100.048 	 94.8652 	 30.8079 	 0 	 0 	 0 	 13.0205 	 0.137253 	  DCIS 
115 	 873.359 	 1288.29 	 797.502 	 505.051 	 2641 	 74.4598 	 45.6986 	 0.789512 	 0.967045 	 213.966 	 1455.73 	 394.987 	 0.271333 	 556.921 	 1161.3 	 289.881 	 28.7624 	 49.7797 	 0.0945672 	 526.395 	 0 	 0 	 NaN 	 NaN 	 0 	 0 	 0 	 NaN 	 NaN 	 NaN 	 NaN 	 0 	 0 	 NaN 	 NaN 	 0 	 0 	 NaN 	 NaN 	 0 	 0 	 0 	 NaN 	 NaN 	 NaN 	 NaN 	 0 	 0 	 NaN 	 NaN 	 3883 	 0.957819 	 281.054 	 109.339 	 106.992 	 42.935 	 0 	 0 	 0 	 29.4531 	 0.275282 	  DCIS 
116 	 985.561 	 1509.15 	 1010.2 	 499.988 	 3215 	 74.3308 	 55.8679 	 0.659606 	 0.954006 	 245.22 	 1083.25 	 112.984 	 0.104301 	 258.17 	 788.82 	 113.645 	 -1.40676 	 15.9763 	 0.045626 	 350.158 	 0 	 0 	 NaN 	 NaN 	 0 	 0 	 0 	 NaN 	 NaN 	 NaN 	 NaN 	 0 	 0 	 NaN 	 NaN 	 0 	 0 	 NaN 	 NaN 	 0 	 0 	 0 	 NaN 	 NaN 	 NaN 	 NaN 	 0 	 0 	 NaN 	 NaN 	 4815 	 0.963771 	 285.74 	 75.4312 	 72.5444 	 8.48707 	 0 	 0 	 0 	 4.1267 	 0.0568851 	  DCIS 
117 	 1208.24 	 1957.36 	 1249.65 	 195.533 	 6292 	 104.732 	 79.2336 	 0.653951 	 0.949736 	 363.362 	 1841.42 	 448.52 	 0.243572 	 619.199 	 1546.99 	 377.235 	 46.9454 	 27.0038 	 0.0439981 	 613.749 	 112 	 123 	 195.455 	 18.9484 	 1 	 0 	 0 	 NaN 	 NaN 	 NaN 	 NaN 	 112 	 112 	 112 	 0 	 165 	 419 	 151.473 	 11.6697 	 2 	 496.696 	 0.0789408 	 33.2398 	 33.2398 	 33.2398 	 0 	 93 	 72 	 82.5 	 14.8492 	 8187 	 0.913524 	 441.622 	 384.314 	 360.64 	 296.583 	 0.231527 	 428.862 	 351.089 	 65.8828 	 0.182683 	  Tumour 
118 	 1216.37 	 1450.48 	 1176.63 	 507.063 	 4279 	 92.8281 	 60.1474 	 0.761688 	 0.977834 	 259.321 	 2387.76 	 672.617 	 0.281694 	 1136.18 	 2093.33 	 167.512 	 30.5959 	 46.7998 	 0.115834 	 404.025 	 0 	 0 	 NaN 	 NaN 	 0 	 0 	 0 	 NaN 	 NaN 	 NaN 	 NaN 	 0 	 0 	 NaN 	 NaN 	 45 	 45 	 163.067 	 23.2636 	 1 	 0 	 0 	 NaN 	 NaN 	 NaN 	 NaN 	 45 	 45 	 45 	 0 	 6474 	 0.96139 	 343.882 	 86.6781 	 76.716 	 12.6587 	 0 	 0 	 0 	 5.70478 	 0.0743623 	  DCIS 
119 	 1268.14 	 1604.8 	 1298.08 	 357.077 	 3574 	 139.533 	 33.6846 	 0.970423 	 0.929519 	 321.765 	 2583.25 	 682.14 	 0.264062 	 1195.79 	 2288.82 	 281.665 	 60.5743 	 41.431 	 0.079955 	 518.179 	 90 	 211 	 193.511 	 17.0042 	 2 	 502.773 	 0.140675 	 22.2036 	 22.2036 	 22.2036 	 0 	 45 	 45 	 45 	 0 	 135 	 218 	 143.896 	 4.09327 	 2 	 521.493 	 0.145913 	 16.1247 	 16.1247 	 16.1247 	 0 	 88 	 47 	 67.5 	 28.9914 	 4527 	 0.945094 	 345.421 	 103.535 	 100.385 	 36.3275 	 0.174342 	 108.736 	 99.1189 	 17.654 	 0.175863 	  Fib 
120 	 1302.29 	 1964.53 	 1296.48 	 180.003 	 7154 	 115.167 	 79.9071 	 0.720132 	 0.98121 	 330.693 	 2370.99 	 465.072 	 0.196151 	 667.526 	 2076.56 	 336.58 	 1.64382 	 48.0614 	 0.0838631 	 573.093 	 74 	 603 	 204.351 	 27.8444 	 2 	 158.002 	 0.0220858 	 80.2187 	 80.2187 	 80.2187 	 0 	 45 	 29 	 37 	 11.3137 	 374 	 1483 	 152.265 	 12.4617 	 5 	 1415 	 0.197791 	 53.4975 	 14.6238 	 32.7456 	 13.1482 	 93 	 59 	 74.8 	 13.9893 	 9805 	 0.931857 	 456.652 	 317.445 	 363.685 	 299.628 	 0.220657 	 419.67 	 355.904 	 62.7392 	 0.17251 	  Tumour 
121 	 1301.01 	 1785.23 	 1427.65 	 180.003 	 1407 	 44.893 	 40.2256 	 0.44399 	 0.944295 	 153.338 	 1078.72 	 153.428 	 0.142232 	 282.587 	 784.292 	 92.8368 	 0.678416 	 15.5084 	 0.0470879 	 329.35 	 0 	 0 	 NaN 	 NaN 	 0 	 0 	 0 	 NaN 	 NaN 	 NaN 	 NaN 	 0 	 0 	 NaN 	 NaN 	 0 	 0 	 NaN 	 NaN 	 0 	 0 	 0 	 NaN 	 NaN 	 NaN 	 NaN 	 0 	 0 	 NaN 	 NaN 	 2534 	 0.977623 	 197.941 	 88.3473 	 84.8883 	 20.8309 	 0 	 0 	 0 	 7.7109 	 0.0908359 	  Other 
122 	 1315.01 	 1613.42 	 1342.33 	 352.24 	 3488 	 94.6322 	 48.1507 	 0.860873 	 0.975391 	 245.581 	 3111 	 816.243 	 0.262373 	 1915.14 	 2816.57 	 264.37 	 67.1081 	 37.4676 	 0.0748031 	 500.884 	 90 	 179 	 213.456 	 36.9486 	 2 	 405.268 	 0.116189 	 18.1108 	 18.1108 	 18.1108 	 0 	 45 	 45 	 45 	 0 	 111 	 117 	 208.216 	 68.4132 	 1 	 0 	 0 	 NaN 	 NaN 	 NaN 	 NaN 	 111 	 111 	 111 	 0 	 4662 	 0.939162 	 305.64 	 104.608 	 95.2857 	 31.2283 	 0.205575 	 110.237 	 93.4951 	 20.4025 	 0.214119 	  DCIS 
123 	 1343.84 	 1421.82 	 1280.9 	 544.622 	 2568 	 67.8064 	 49.2143 	 0.687898 	 0.980527 	 195.439 	 2418.27 	 670.108 	 0.277103 	 1250.58 	 2123.83 	 296.589 	 86.2733 	 52.641 	 0.0987445 	 533.103 	 0 	 0 	 NaN 	 NaN 	 0 	 0 	 0 	 NaN 	 NaN 	 NaN 	 NaN 	 0 	 0 	 NaN 	 NaN 	 45 	 45 	 151.044 	 11.2414 	 1 	 0 	 0 	 NaN 	 NaN 	 NaN 	 NaN 	 45 	 45 	 45 	 0 	 3937 	 0.983758 	 256.083 	 94.4785 	 86.0579 	 22.0005 	 0 	 0 	 0 	 6.74896 	 0.0784236 	  DCIS 
124 	 101.03 	 2131.05 	 1213.74 	 635.385 	 3827 	 98.1691 	 54.3109 	 0.833023 	 0.805176 	 346.718 	 1212.1 	 94.3016 	 0.0778001 	 192.647 	 917.671 	 142.03 	 8.11737 	 15.8177 	 0.0417856 	 378.544 	 0 	 0 	 NaN 	 NaN 	 0 	 0 	 0 	 NaN 	 NaN 	 NaN 	 NaN 	 0 	 0 	 NaN 	 NaN 	 65 	 67 	 112.923 	 -26.88 	 1 	 0 	 0 	 NaN 	 NaN 	 NaN 	 NaN 	 65 	 65 	 65 	 0 	 6099 	 0.912751 	 353.054 	 111.715 	 103.686 	 39.6283 	 0 	 0 	 0 	 10.2787 	 0.0991333 	  DCIS 
125 	 122.354 	 3062.77 	 2144.45 	 983.452 	 2263 	 84.4704 	 36.2883 	 0.90302 	 0.904476 	 228.836 	 1293.73 	 334.71 	 0.258716 	 757.794 	 999.304 	 144.33 	 42.9733 	 29.0698 	 0.07633 	 380.844 	 0 	 0 	 NaN 	 NaN 	 0 	 0 	 0 	 NaN 	 NaN 	 NaN 	 NaN 	 0 	 0 	 NaN 	 NaN 	 124 	 332 	 128.637 	 -11.1659 	 2 	 292.73 	 0.129355 	 28.1822 	 28.1822 	 28.1822 	 0 	 79 	 45 	 62 	 24.0416 	 4129 	 0.940118 	 286.711 	 75.4105 	 69.9887 	 5.93134 	 0 	 0 	 0 	 4.61375 	 0.0659213 	  Other 
126 	 286.168 	 2279.52 	 1366.28 	 457.755 	 2882 	 106.935 	 35.7885 	 0.942334 	 0.905435 	 258.108 	 1206.54 	 195.029 	 0.161643 	 587.155 	 912.108 	 234.348 	 15.8041 	 37.99 	 0.0806819 	 470.862 	 0 	 0 	 NaN 	 NaN 	 0 	 0 	 0 	 NaN 	 NaN 	 NaN 	 NaN 	 0 	 0 	 NaN 	 NaN 	 83 	 88 	 136.301 	 -3.50183 	 1 	 0 	 0 	 NaN 	 NaN 	 NaN 	 NaN 	 83 	 83 	 83 	 0 	 4255 	 0.901101 	 317.924 	 138.98 	 133.167 	 69.1093 	 0.183333 	 118.982 	 134.426 	 36.6894 	 0.275515 	  DCIS 
127 	 320.589 	 2335.17 	 1424.46 	 439.056 	 2580 	 76.1628 	 43.824 	 0.817873 	 0.956264 	 208.995 	 1594.79 	 463.742 	 0.290785 	 1022.97 	 1300.36 	 181.214 	 44.1607 	 31.9841 	 0.076567 	 417.728 	 0 	 0 	 NaN 	 NaN 	 0 	 0 	 0 	 NaN 	 NaN 	 NaN 	 NaN 	 0 	 0 	 NaN 	 NaN 	 0 	 0 	 NaN 	 NaN 	 0 	 0 	 0 	 NaN 	 NaN 	 NaN 	 NaN 	 0 	 0 	 NaN 	 NaN 	 3585 	 0.962675 	 251.439 	 99.7174 	 96.3744 	 32.3171 	 0.312775 	 104.958 	 94.7023 	 10.133 	 0.105142 	  DCIS 
128 	 333.299 	 2199.42 	 1290.85 	 401.211 	 4921 	 109.994 	 59.0023 	 0.843955 	 0.949817 	 314.534 	 1503.53 	 387.317 	 0.257604 	 809.319 	 1209.1 	 251.182 	 -9.44349 	 64.7709 	 0.13281 	 487.696 	 45 	 45 	 203.622 	 27.1153 	 1 	 0 	 0 	 NaN 	 NaN 	 NaN 	 NaN 	 45 	 45 	 45 	 0 	 208 	 589 	 128.399 	 -11.404 	 3 	 1158.3 	 0.235379 	 29.083 	 14.8226 	 22.976 	 6.57149 	 78 	 65 	 69.3333 	 7.50555 	 7131 	 0.96836 	 361.054 	 107.421 	 112.336 	 48.2789 	 0 	 0 	 110.218 	 100.177 	 0.891759 	  DCIS 
129 	 360.72 	 2312.37 	 1406.58 	 393.707 	 1895 	 54.444 	 49.0596 	 0.433606 	 0.857854 	 191.823 	 1476.7 	 342.427 	 0.231887 	 846.384 	 1182.27 	 232.199 	 28.05 	 33.0251 	 0.0704592 	 468.712 	 0 	 0 	 NaN 	 NaN 	 0 	 0 	 0 	 NaN 	 NaN 	 NaN 	 NaN 	 0 	 0 	 NaN 	 NaN 	 0 	 0 	 NaN 	 NaN 	 0 	 0 	 0 	 NaN 	 NaN 	 NaN 	 NaN 	 0 	 0 	 NaN 	 NaN 	 2803 	 0.801315 	 258.995 	 105.395 	 106.052 	 41.9948 	 0.395652 	 112.198 	 105.886 	 19.819 	 0.18688 	  DCIS 
130 	 362.857 	 2471.27 	 1564.45 	 467.831 	 3200 	 84.6776 	 48.7248 	 0.817861 	 0.97561 	 230.309 	 2316.37 	 861.453 	 0.371898 	 1418.25 	 2021.94 	 216.082 	 39.1682 	 40.8912 	 0.0903482 	 452.595 	 0 	 0 	 NaN 	 NaN 	 0 	 0 	 0 	 NaN 	 NaN 	 NaN 	 NaN 	 0 	 0 	 NaN 	 NaN 	 45 	 45 	 161.667 	 21.8636 	 1 	 0 	 0 	 NaN 	 NaN 	 NaN 	 NaN 	 45 	 45 	 45 	 0 	 4761 	 0.977618 	 280.083 	 93.0632 	 87.5865 	 23.5291 	 0 	 0 	 0 	 8.23396 	 0.0940095 	  DCIS 
131 	 507.77 	 2382.97 	 1503.42 	 299.808 	 4287 	 86.6661 	 63.5208 	 0.680296 	 0.976538 	 253.664 	 1937.65 	 680.915 	 0.351413 	 1102.26 	 1643.22 	 164.524 	 44.0609 	 39.1788 	 0.0976936 	 401.037 	 0 	 0 	 NaN 	 NaN 	 0 	 0 	 0 	 NaN 	 NaN 	 NaN 	 NaN 	 0 	 0 	 NaN 	 NaN 	 137 	 311 	 149.212 	 9.40865 	 2 	 197.437 	 0.0460547 	 23.0458 	 23.0458 	 23.0458 	 0 	 70 	 67 	 68.5 	 2.12132 	 6205 	 0.976858 	 315.397 	 111.381 	 97.4899 	 33.4326 	 0 	 0 	 0 	 11.2834 	 0.115739 	  DCIS 
132 	 513.924 	 2250.27 	 1375.74 	 229.12 	 4393 	 80.2076 	 70.055 	 0.486967 	 0.956455 	 275.806 	 1281.48 	 244.991 	 0.191179 	 382.621 	 987.049 	 187.738 	 27.9211 	 26.8708 	 0.0633371 	 424.252 	 0 	 0 	 NaN 	 NaN 	 0 	 0 	 0 	 NaN 	 NaN 	 NaN 	 NaN 	 0 	 0 	 NaN 	 NaN 	 0 	 0 	 NaN 	 NaN 	 0 	 0 	 0 	 NaN 	 NaN 	 NaN 	 NaN 	 0 	 0 	 NaN 	 NaN 	 6436 	 0.970739 	 322.225 	 99.427 	 95.1711 	 31.1137 	 0 	 0 	 0 	 10.8751 	 0.114269 	  DCIS 
133 	 701.413 	 2512.87 	 1681.39 	 193.83 	 5116 	 92.4948 	 70.8035 	 0.643451 	 0.973179 	 285.463 	 1439.3 	 344.953 	 0.239667 	 618.966 	 1144.87 	 109.063 	 8.06476 	 29.3671 	 0.0849801 	 345.576 	 0 	 0 	 NaN 	 NaN 	 0 	 0 	 0 	 NaN 	 NaN 	 NaN 	 NaN 	 0 	 0 	 NaN 	 NaN 	 0 	 0 	 NaN 	 NaN 	 0 	 0 	 0 	 NaN 	 NaN 	 NaN 	 NaN 	 0 	 0 	 NaN 	 NaN 	 13114 	 0.987277 	 438.274 	 189.11 	 213.497 	 149.44 	 0 	 0 	 0 	 109.179 	 0.511385 	  DCIS 
134 	 733.643 	 2185.91 	 1379.08 	 229.12 	 3108 	 76.7024 	 52.0928 	 0.733995 	 0.946407 	 233.966 	 1854.63 	 477.82 	 0.257637 	 616.665 	 1560.2 	 273.044 	 34.1473 	 78.7508 	 0.154547 	 509.558 	 0 	 0 	 NaN 	 NaN 	 0 	 0 	 0 	 NaN 	 NaN 	 NaN 	 NaN 	 0 	 0 	 NaN 	 NaN 	 89 	 124 	 136.64 	 -3.16258 	 2 	 215.528 	 0.0693462 	 9.38612 	 9.38612 	 9.38612 	 0 	 45 	 44 	 44.5 	 0.707107 	 4120 	 0.931916 	 284.225 	 353.879 	 357.226 	 293.168 	 0.387218 	 488.019 	 323.124 	 145.609 	 0.407611 	  Tumour 
135 	 813.453 	 2162.91 	 1359.25 	 214.22 	 11037 	 131.336 	 110.669 	 0.538483 	 0.963846 	 421.404 	 2351.93 	 543.625 	 0.231139 	 244.008 	 2057.5 	 283.145 	 -40.1212 	 36.141 	 0.0695476 	 519.659 	 0 	 0 	 NaN 	 NaN 	 0 	 0 	 0 	 NaN 	 NaN 	 NaN 	 NaN 	 0 	 0 	 NaN 	 NaN 	 86 	 88 	 155.698 	 15.8946 	 1 	 0 	 0 	 NaN 	 NaN 	 NaN 	 NaN 	 86 	 86 	 86 	 0 	 20991 	 0.856636 	 738.291 	 309.323 	 425.642 	 361.584 	 0.415094 	 511.689 	 404.994 	 111.932 	 0.262973 	  Tumour 
136 	 877.937 	 2434.43 	 1634.75 	 185.267 	 13137 	 135.973 	 124.3 	 0.405372 	 0.986928 	 434.836 	 1867.44 	 218.263 	 0.116878 	 393.269 	 1573.01 	 261.827 	 -0.602448 	 23.9626 	 0.0480847 	 498.34 	 0 	 0 	 NaN 	 NaN 	 0 	 0 	 0 	 NaN 	 NaN 	 NaN 	 NaN 	 0 	 0 	 NaN 	 NaN 	 45 	 45 	 147.844 	 8.04141 	 1 	 0 	 0 	 NaN 	 NaN 	 NaN 	 NaN 	 45 	 45 	 45 	 0 	 22665 	 0.894718 	 682.014 	 303.565 	 338.235 	 274.178 	 0.221667 	 430.241 	 324.257 	 105.935 	 0.313199 	  Tumour 
137 	 907.207 	 2276.54 	 1481.97 	 306.14 	 8173 	 125.572 	 83.2969 	 0.748319 	 0.976347 	 370.09 	 1592.77 	 290.52 	 0.1824 	 389.79 	 1298.34 	 317.772 	 -6.6571 	 34.5755 	 0.0623785 	 554.286 	 113 	 415 	 187.513 	 11.0063 	 2 	 1170.16 	 0.143174 	 42.7376 	 42.7376 	 42.7376 	 0 	 68 	 45 	 56.5 	 16.2635 	 455 	 1380 	 141.398 	 1.59477 	 6 	 682.069 	 0.0834539 	 53.4627 	 8.544 	 25.2065 	 13.9749 	 189 	 45 	 75.8333 	 56.5983 	 21192 	 0.926548 	 702.676 	 347.414 	 435.819 	 371.762 	 0.375 	 509.996 	 415.441 	 119.204 	 0.273518 	  Tumour 
138 	 949.958 	 2919 	 2148.18 	 471.84 	 4694 	 153.31 	 41.1275 	 0.963345 	 0.898889 	 394.96 	 1405.63 	 399.25 	 0.284037 	 618.499 	 1111.2 	 174.164 	 56.4433 	 61.5832 	 0.149955 	 410.677 	 0 	 0 	 NaN 	 NaN 	 0 	 0 	 0 	 NaN 	 NaN 	 NaN 	 NaN 	 0 	 0 	 NaN 	 NaN 	 0 	 0 	 NaN 	 NaN 	 0 	 0 	 0 	 NaN 	 NaN 	 NaN 	 NaN 	 0 	 0 	 NaN 	 NaN 	 7215 	 0.916773 	 428.368 	 104.603 	 99.2389 	 35.1815 	 0 	 0 	 0 	 21.4817 	 0.216464 	  Fib 
139 	 1008.14 	 2565.61 	 1849.75 	 124.904 	 2742 	 104.281 	 34.2509 	 0.944522 	 0.929807 	 253.179 	 1462.45 	 338.252 	 0.231292 	 490.355 	 1168.02 	 170.203 	 6.18692 	 66.871 	 0.164417 	 406.717 	 45 	 45 	 152.889 	 -23.6181 	 1 	 0 	 0 	 NaN 	 NaN 	 NaN 	 NaN 	 45 	 45 	 45 	 0 	 0 	 0 	 NaN 	 NaN 	 0 	 0 	 0 	 NaN 	 NaN 	 NaN 	 NaN 	 0 	 0 	 NaN 	 NaN 	 5752 	 0.871119 	 383.581 	 266.278 	 253.82 	 189.762 	 0 	 0 	 0 	 130.926 	 0.515821 	  Fib 
140 	 1022.81 	 2441.92 	 1663.02 	 124.904 	 6428 	 111.46 	 74.5299 	 0.74356 	 0.971878 	 337.321 	 2047.6 	 384.51 	 0.187786 	 583.489 	 1753.17 	 286.07 	 -12.3716 	 36.5527 	 0.0699461 	 522.584 	 90 	 164 	 183.744 	 7.2375 	 2 	 2945.55 	 0.458237 	 17 	 17 	 17 	 0 	 45 	 45 	 45 	 0 	 200 	 627 	 136.575 	 -3.22803 	 3 	 1572.4 	 0.244617 	 55.8144 	 22.8739 	 37.2453 	 15.086 	 86 	 45 	 66.6667 	 20.5994 	 10925 	 0.891982 	 485.137 	 259.758 	 293.327 	 229.27 	 0.429204 	 292.108 	 294.56 	 61.6914 	 0.210316 	  Tumour 
141 	 1057.95 	 2373.54 	 1603.25 	 198.404 	 5462 	 103.922 	 68.8353 	 0.749171 	 0.951568 	 324.836 	 2519.85 	 468.376 	 0.185875 	 758.129 	 2225.42 	 296.072 	 0.0502072 	 49.1883 	 0.0923576 	 532.585 	 45 	 45 	 191.889 	 15.3819 	 1 	 0 	 0 	 NaN 	 NaN 	 NaN 	 NaN 	 45 	 45 	 45 	 0 	 128 	 709 	 143.398 	 3.59541 	 2 	 2491.49 	 0.45615 	 66.5443 	 66.5443 	 66.5443 	 0 	 90 	 38 	 64 	 36.7696 	 11229 	 0.893602 	 545.664 	 269.042 	 328.346 	 264.289 	 0.326044 	 374.238 	 314.28 	 169.94 	 0.517563 	  Tumour 
142 	 1121.41 	 2731.72 	 2049.14 	 230.645 	 4668 	 137.828 	 44.0825 	 0.947473 	 0.918717 	 369.747 	 1408.01 	 380.507 	 0.270245 	 695.583 	 1113.58 	 75.2982 	 46.021 	 41.4545 	 0.132947 	 311.812 	 63 	 65 	 154.603 	 -21.9038 	 1 	 0 	 0 	 NaN 	 NaN 	 NaN 	 NaN 	 63 	 63 	 63 	 0 	 105 	 110 	 134.219 	 -5.58398 	 1 	 0 	 0 	 NaN 	 NaN 	 NaN 	 NaN 	 105 	 105 	 105 	 0 	 6551 	 0.93827 	 395.397 	 89.2227 	 86.4762 	 22.4188 	 0.179894 	 117.5 	 82.6978 	 18.5206 	 0.21417 	  Fib 
143 	 1140.77 	 2235.11 	 1489.05 	 356.721 	 13363 	 145.243 	 121.933 	 0.543344 	 0.985763 	 497.605 	 2197.25 	 362.088 	 0.164791 	 711.944 	 1902.82 	 346.166 	 -46.9485 	 38.0685 	 0.0653334 	 582.68 	 45 	 45 	 165.711 	 -10.7958 	 1 	 0 	 0 	 NaN 	 NaN 	 NaN 	 NaN 	 45 	 45 	 45 	 0 	 54 	 56 	 138.481 	 -1.32155 	 1 	 0 	 0 	 NaN 	 NaN 	 NaN 	 NaN 	 54 	 54 	 54 	 0 	 21372 	 0.848567 	 762.049 	 337.875 	 416.017 	 351.959 	 0.313725 	 371.295 	 422.985 	 140.627 	 0.338033 	  Tumour 
144 	 1187.3 	 2510.53 	 1767.1 	 187.259 	 9493 	 150.981 	 80.7874 	 0.844799 	 0.974141 	 422.718 	 2271.87 	 609.082 	 0.268098 	 600.968 	 1977.43 	 358.248 	 -9.0421 	 29.3764 	 0.0493918 	 594.762 	 0 	 0 	 NaN 	 NaN 	 0 	 0 	 0 	 NaN 	 NaN 	 NaN 	 NaN 	 0 	 0 	 NaN 	 NaN 	 0 	 0 	 NaN 	 NaN 	 0 	 0 	 0 	 NaN 	 NaN 	 NaN 	 NaN 	 0 	 0 	 NaN 	 NaN 	 20433 	 0.923985 	 669.588 	 254.421 	 244.578 	 180.521 	 0.308333 	 235.946 	 246.006 	 50.9163 	 0.20818 	  Tumour 
145 	 1231.37 	 2434.66 	 1706.61 	 258.631 	 12921 	 186.054 	 94.1448 	 0.862529 	 0.895923 	 510.032 	 2253.47 	 541.631 	 0.240354 	 508.853 	 1959.04 	 330.965 	 -31.7761 	 32.5457 	 0.0573514 	 567.479 	 67 	 71 	 193.955 	 17.4483 	 1 	 0 	 0 	 NaN 	 NaN 	 NaN 	 NaN 	 67 	 67 	 67 	 0 	 340 	 1320 	 161.774 	 21.9705 	 6 	 2290.85 	 0.177296 	 65.6865 	 10.0499 	 28.2961 	 19.061 	 83 	 45 	 56.6667 	 15.5521 	 17608 	 0.874454 	 652.534 	 284.956 	 339.693 	 275.635 	 0.39701 	 304.247 	 348.037 	 116.174 	 0.341996 	  Tumour 
146 	 1239.52 	 2747.4 	 2120.16 	 241.878 	 5320 	 141.392 	 55.1536 	 0.920783 	 0.829306 	 413.487 	 1245.51 	 243.942 	 0.195857 	 563.096 	 951.081 	 69.9626 	 7.04392 	 13.6389 	 0.0445023 	 306.476 	 118 	 396 	 121.754 	 -54.7527 	 2 	 436.348 	 0.0820202 	 40.7634 	 40.7634 	 40.7634 	 0 	 101 	 17 	 59 	 59.397 	 125 	 454 	 108.528 	 -31.275 	 2 	 3542.2 	 0.665827 	 48.2651 	 48.2651 	 48.2651 	 0 	 70 	 55 	 62.5 	 10.6066 	 8147 	 0.890383 	 478.309 	 91.5449 	 89.1525 	 25.0951 	 0.152466 	 117.412 	 86.8993 	 23.0597 	 0.258654 	  Fib 
147 	 1241.1 	 2248.08 	 1532.63 	 394.225 	 12829 	 155.722 	 107.825 	 0.721498 	 0.967423 	 469.605 	 2489.39 	 355.829 	 0.142938 	 413.342 	 2194.96 	 364.288 	 -19.2005 	 29.1578 	 0.0485315 	 600.801 	 125 	 504 	 191.352 	 14.8451 	 2 	 4600.07 	 0.358568 	 45.7196 	 45.7196 	 45.7196 	 0 	 66 	 59 	 62.5 	 4.94975 	 764 	 4391 	 157.861 	 18.0582 	 9 	 3612.23 	 0.281567 	 91.4248 	 13.0507 	 42.1673 	 21.6749 	 158 	 45 	 84.8889 	 40.0482 	 40612 	 0.940419 	 896.032 	 301.208 	 340.533 	 276.476 	 0.276775 	 344.722 	 339.438 	 97.224 	 0.285505 	  Tumour 
148 	 1455.85 	 2193.76 	 1570.65 	 249.634 	 15311 	 149.627 	 132.114 	 0.46945 	 0.985518 	 487.505 	 2112.1 	 287.484 	 0.136113 	 201.09 	 1817.67 	 263.44 	 -9.30414 	 23.4192 	 0.0468427 	 499.953 	 135 	 1049 	 158.074 	 -18.4329 	 3 	 2357.47 	 0.153972 	 65.123 	 32.6956 	 45.5762 	 15.3938 	 45 	 45 	 45 	 0 	 201 	 1200 	 140.005 	 0.201945 	 3 	 2658.2 	 0.173614 	 74.5853 	 28.6149 	 50.6787 	 20.6081 	 72 	 62 	 67 	 5 	 28322 	 0.740096 	 1052.96 	 245.882 	 272.141 	 208.084 	 0.176768 	 283.674 	 269.158 	 56.4178 	 0.207311 	  Tumour 
149 	 1542.8 	 2665.84 	 2224.44 	 388.207 	 1096 	 65.0435 	 23.0059 	 0.935359 	 0.905037 	 160.267 	 1135.21 	 179.962 	 0.158528 	 425.848 	 840.78 	 302.699 	 -19.5592 	 77.0123 	 0.142824 	 539.213 	 0 	 0 	 NaN 	 NaN 	 0 	 0 	 0 	 NaN 	 NaN 	 NaN 	 NaN 	 0 	 0 	 NaN 	 NaN 	 0 	 0 	 NaN 	 NaN 	 0 	 0 	 0 	 NaN 	 NaN 	 NaN 	 NaN 	 0 	 0 	 NaN 	 NaN 	 2190 	 0.96817 	 205.941 	 96.6164 	 95.148 	 31.0906 	 0 	 0 	 0 	 8.17147 	 0.0858817 	  Other 
150 	 1579.13 	 2778.21 	 2335.05 	 474.292 	 3219 	 68.5791 	 60.7421 	 0.464213 	 0.950679 	 233.421 	 1529.83 	 428.113 	 0.279844 	 843.779 	 1235.4 	 266.364 	 -145.421 	 125.265 	 0.249096 	 502.878 	 0 	 0 	 NaN 	 NaN 	 0 	 0 	 0 	 NaN 	 NaN 	 NaN 	 NaN 	 0 	 0 	 NaN 	 NaN 	 133 	 230 	 138.158 	 -1.64514 	 2 	 637.639 	 0.198086 	 17.6385 	 17.6385 	 17.6385 	 0 	 69 	 64 	 66.5 	 3.53553 	 4942 	 0.966367 	 284.569 	 99.6926 	 91.75 	 27.6926 	 0 	 0 	 0 	 12.5269 	 0.136533 	  DCIS 
151 	 1622.33 	 2191.33 	 1652.53 	 204.534 	 8512 	 135.468 	 82.1192 	 0.795321 	 0.9718 	 367.161 	 2382.32 	 446.454 	 0.187403 	 653.765 	 2087.89 	 284.848 	 -7.29857 	 20.995 	 0.0402695 	 521.362 	 152 	 822 	 184.5 	 7.99306 	 3 	 1272.32 	 0.149474 	 56.5779 	 10.0935 	 40.3254 	 23.4396 	 57 	 45 	 50.6667 	 6.02771 	 160 	 566 	 167.644 	 27.8407 	 3 	 2363.06 	 0.277615 	 49.3612 	 14.6793 	 33.1399 	 15.6069 	 73 	 42 	 53.3333 	 17.0978 	 26023 	 0.938442 	 681.63 	 317.545 	 336.362 	 272.305 	 0.290909 	 279.875 	 346.574 	 69.6155 	 0.206966 	  Tumour 
152 	 1788.83 	 2320.66 	 1853.94 	 368.164 	 6758 	 102.254 	 85.1972 	 0.552989 	 0.980131 	 319.907 	 2159.96 	 569.784 	 0.263794 	 908.474 	 1865.52 	 289.329 	 63.9196 	 51.3203 	 0.0975964 	 525.842 	 90 	 268 	 179.156 	 2.64861 	 2 	 2837.2 	 0.419828 	 29.4279 	 29.4279 	 29.4279 	 0 	 45 	 45 	 45 	 0 	 126 	 213 	 149.913 	 10.1097 	 2 	 2407.5 	 0.356245 	 16.7428 	 16.7428 	 16.7428 	 0 	 67 	 59 	 63 	 5.65685 	 17909 	 0.837613 	 731.73 	 287.315 	 303.129 	 239.072 	 0.0790274 	 470.769 	 295.62 	 115.562 	 0.38123 	  Tumour 
153 	 1798.8 	 2201.93 	 1764.21 	 294.279 	 5346 	 97.8763 	 69.8808 	 0.700176 	 0.98254 	 284.794 	 2659.91 	 419.245 	 0.157616 	 665.298 	 2365.48 	 350.575 	 13.7435 	 32.5837 	 0.0555005 	 587.089 	 100 	 469 	 205.3 	 28.7931 	 2 	 384.82 	 0.0719828 	 49.6589 	 49.6589 	 49.6589 	 0 	 55 	 45 	 50 	 7.07107 	 109 	 461 	 162.119 	 22.3162 	 2 	 690.386 	 0.129141 	 46.7674 	 46.7674 	 46.7674 	 0 	 62 	 47 	 54.5 	 10.6066 	 19577 	 0.891241 	 689.22 	 365.255 	 456.431 	 392.374 	 0.0825545 	 461.849 	 454.55 	 74.6668 	 0.163588 	  Tumour 
154 	 1948.47 	 2774.12 	 2572.27 	 480.094 	 2512 	 64.2966 	 50.7011 	 0.614971 	 0.96356 	 198.752 	 1357.14 	 278.832 	 0.205456 	 647.075 	 1062.7 	 60.7866 	 27.9014 	 34.0095 	 0.114395 	 297.3 	 64 	 65 	 150.922 	 -25.5851 	 1 	 0 	 0 	 NaN 	 NaN 	 NaN 	 NaN 	 64 	 64 	 64 	 0 	 65 	 69 	 112.462 	 -27.3415 	 1 	 0 	 0 	 NaN 	 NaN 	 NaN 	 NaN 	 65 	 65 	 65 	 0 	 3829 	 0.979284 	 244.77 	 94.8135 	 84.3803 	 20.323 	 0 	 0 	 0 	 19.8517 	 0.235265 	  DCIS 
155 	 1976.15 	 2649.59 	 2504.49 	 378.431 	 2358 	 57.4716 	 52.6323 	 0.401642 	 0.953883 	 199.865 	 1202.37 	 124.377 	 0.103443 	 257.653 	 907.944 	 -20.5534 	 2.43862 	 9.77876 	 0.0452804 	 215.96 	 0 	 0 	 NaN 	 NaN 	 0 	 0 	 0 	 NaN 	 NaN 	 NaN 	 NaN 	 0 	 0 	 NaN 	 NaN 	 0 	 0 	 NaN 	 NaN 	 0 	 0 	 0 	 NaN 	 NaN 	 NaN 	 NaN 	 0 	 0 	 NaN 	 NaN 	 3726 	 0.987805 	 237.941 	 80.3642 	 75.75 	 11.6926 	 0 	 0 	 0 	 4.83779 	 0.0638652 	  Other 
156 	 2133.81 	 2931.04 	 2814.46 	 684.436 	 12379 	 247.236 	 65.5434 	 0.96422 	 0.930612 	 580.801 	 923.368 	 186.325 	 0.201788 	 443.443 	 628.938 	 107.683 	 2.78772 	 34.0596 	 0.0989539 	 344.197 	 157 	 1598 	 148.911 	 -27.5961 	 3 	 4911.09 	 0.396728 	 93.9928 	 48.6761 	 64.4173 	 22.9249 	 68 	 44 	 52.3333 	 13.5769 	 147 	 530 	 124.728 	 -15.0751 	 2 	 897.325 	 0.0724877 	 37.3964 	 37.3964 	 37.3964 	 0 	 90 	 57 	 73.5 	 23.3345 	 16316 	 0.939429 	 647.48 	 89.8241 	 88.5925 	 24.5352 	 0 	 0 	 0 	 21.6488 	 0.244364 	  Fib 
157 	 2058 	 2602.13 	 2532.22 	 381.068 	 2382 	 56.3813 	 54.1015 	 0.281491 	 0.9528 	 198.208 	 1252.7 	 190.84 	 0.152342 	 314.914 	 958.273 	 50.9159 	 1.24158 	 30.9117 	 0.107545 	 287.429 	 0 	 0 	 NaN 	 NaN 	 0 	 0 	 0 	 NaN 	 NaN 	 NaN 	 NaN 	 0 	 0 	 NaN 	 NaN 	 0 	 0 	 NaN 	 NaN 	 0 	 0 	 0 	 NaN 	 NaN 	 NaN 	 NaN 	 0 	 0 	 NaN 	 NaN 	 3832 	 0.947342 	 262.569 	 113.536 	 114.041 	 49.9833 	 0.158537 	 155.179 	 109.964 	 28.4612 	 0.249571 	  Other 
158 	 2090.37 	 2533.16 	 2511.33 	 307.461 	 2882 	 71.3509 	 51.7989 	 0.687722 	 0.961628 	 221.321 	 1280.15 	 236.931 	 0.185081 	 467.226 	 985.718 	 77.1429 	 10.2474 	 42.8046 	 0.13647 	 313.656 	 0 	 0 	 NaN 	 NaN 	 0 	 0 	 0 	 NaN 	 NaN 	 NaN 	 NaN 	 0 	 0 	 NaN 	 NaN 	 0 	 0 	 NaN 	 NaN 	 0 	 0 	 0 	 NaN 	 NaN 	 NaN 	 NaN 	 0 	 0 	 NaN 	 NaN 	 4502 	 0.968172 	 276.569 	 126.512 	 130.619 	 66.5619 	 0.146154 	 152.842 	 129.253 	 35.5325 	 0.272031 	  Other 
159 	 2136.17 	 2228.65 	 2007.48 	 222.928 	 6821 	 141.928 	 63.1355 	 0.895609 	 0.971099 	 355.404 	 2191.21 	 366.797 	 0.167395 	 690.517 	 1896.78 	 296.403 	 -48.0526 	 58.768 	 0.110276 	 532.916 	 197 	 588 	 224.31 	 47.8027 	 3 	 1228.79 	 0.180149 	 55.5097 	 13.2597 	 37.0338 	 19.3353 	 74 	 55 	 65.6667 	 9.71253 	 307 	 892 	 182.476 	 42.6725 	 4 	 1680.05 	 0.246306 	 51.3329 	 8.33597 	 28.7493 	 15.6596 	 106 	 45 	 76.75 	 25.1578 	 23102 	 0.940138 	 689.245 	 299.979 	 338.159 	 274.101 	 0.252427 	 299.654 	 344.501 	 98.6755 	 0.291802 	  Tumour 
160 	 2203.99 	 2179.79 	 2022.46 	 221.847 	 7402 	 113.755 	 87.8887 	 0.634877 	 0.91507 	 377.304 	 2766.65 	 521.295 	 0.188421 	 919.95 	 2472.22 	 300.271 	 -44.0837 	 61.5523 	 0.114669 	 536.785 	 0 	 0 	 NaN 	 NaN 	 0 	 0 	 0 	 NaN 	 NaN 	 NaN 	 NaN 	 0 	 0 	 NaN 	 NaN 	 157 	 249 	 205.045 	 65.2416 	 2 	 1435.88 	 0.193985 	 17.2903 	 17.2903 	 17.2903 	 0 	 106 	 51 	 78.5 	 38.8909 	 18755 	 0.884503 	 690.434 	 286.434 	 370.469 	 306.412 	 0.361068 	 358.03 	 370.564 	 91.2306 	 0.246257 	  Tumour 
161 	 2317.19 	 2727.47 	 2809.92 	 460.314 	 5831 	 228.671 	 35.5511 	 0.987841 	 0.839718 	 491.588 	 1099.6 	 236.008 	 0.21463 	 511.532 	 805.173 	 113.756 	 5.17228 	 57.0185 	 0.162785 	 350.27 	 31 	 31 	 136.032 	 -40.4747 	 1 	 0 	 0 	 NaN 	 NaN 	 NaN 	 NaN 	 31 	 31 	 31 	 0 	 61 	 61 	 131.377 	 -8.42598 	 1 	 0 	 0 	 NaN 	 NaN 	 NaN 	 NaN 	 61 	 61 	 61 	 0 	 9302 	 0.8754 	 561.823 	 93.7893 	 92.0564 	 27.999 	 0 	 0 	 0 	 16.6354 	 0.180708 	  Fib 
162 	 2299.65 	 2379.82 	 2586.21 	 113 	 7911 	 141.934 	 72.0617 	 0.861526 	 0.959491 	 390.718 	 1726.35 	 463.23 	 0.268329 	 719.775 	 1431.92 	 314.116 	 16.7968 	 139.541 	 0.253421 	 550.63 	 0 	 0 	 NaN 	 NaN 	 0 	 0 	 0 	 NaN 	 NaN 	 NaN 	 NaN 	 0 	 0 	 NaN 	 NaN 	 0 	 0 	 NaN 	 NaN 	 0 	 0 	 0 	 NaN 	 NaN 	 NaN 	 NaN 	 0 	 0 	 NaN 	 NaN 	 17929 	 0.916381 	 624.943 	 223.627 	 240.499 	 176.442 	 0.262385 	 449.161 	 202.354 	 139.405 	 0.579648 	  DCIS 
163 	 2300.23 	 2267.2 	 2152.01 	 113 	 4936 	 117.8 	 54.6344 	 0.885945 	 0.943605 	 307.806 	 1901.75 	 369.766 	 0.194434 	 561.219 	 1607.32 	 387.096 	 6.34233 	 28.5717 	 0.0458167 	 623.61 	 66 	 66 	 190.621 	 14.1143 	 1 	 0 	 0 	 NaN 	 NaN 	 NaN 	 NaN 	 66 	 66 	 66 	 0 	 56 	 59 	 133.089 	 -6.71374 	 1 	 0 	 0 	 NaN 	 NaN 	 NaN 	 NaN 	 56 	 56 	 56 	 0 	 9065 	 0.923869 	 466.593 	 494.13 	 463.585 	 399.527 	 0.392019 	 433.952 	 473.022 	 74.3121 	 0.160299 	  Tumour 
164 	 2441.76 	 2145.03 	 2181.51 	 166.193 	 10785 	 134.951 	 102.808 	 0.647794 	 0.975665 	 418.919 	 2006.39 	 421.414 	 0.210036 	 282.628 	 1711.96 	 333.332 	 -21.2609 	 35.2693 	 0.0618927 	 569.845 	 0 	 0 	 NaN 	 NaN 	 0 	 0 	 0 	 NaN 	 NaN 	 NaN 	 NaN 	 0 	 0 	 NaN 	 NaN 	 60 	 61 	 147.183 	 7.3803 	 1 	 0 	 0 	 NaN 	 NaN 	 NaN 	 NaN 	 60 	 60 	 60 	 0 	 17098 	 0.92662 	 611.765 	 373.329 	 429.893 	 365.836 	 0 	 0 	 426.057 	 95.7996 	 0.222845 	  Tumour 
165 	 2548.05 	 2273.11 	 2739.93 	 166.193 	 3201 	 100.072 	 44.2363 	 0.896993 	 0.876266 	 258.836 	 1860.51 	 506 	 0.271968 	 739.039 	 1566.08 	 105.475 	 18.8161 	 41.9913 	 0.122786 	 341.989 	 0 	 0 	 NaN 	 NaN 	 0 	 0 	 0 	 NaN 	 NaN 	 NaN 	 NaN 	 0 	 0 	 NaN 	 NaN 	 160 	 497 	 137.494 	 -2.30928 	 2 	 125.49 	 0.0392034 	 39.7054 	 39.7054 	 39.7054 	 0 	 86 	 74 	 80 	 8.48528 	 5169 	 0.957222 	 318.711 	 114.351 	 105.292 	 41.2346 	 0 	 0 	 0 	 18.4504 	 0.175231 	  DCIS 
166 	 2686.31 	 3069.2 	 3312.54 	 890.056 	 11540 	 164.368 	 91.4605 	 0.83089 	 0.954113 	 462.174 	 2326.97 	 711.728 	 0.30586 	 1632.31 	 2032.54 	 183.83 	 31.7056 	 33.6014 	 0.0799379 	 420.343 	 144 	 1494 	 160.708 	 -15.7986 	 3 	 2480.99 	 0.214991 	 82.7345 	 23.4964 	 58.4521 	 27.7521 	 54 	 45 	 48 	 5.19615 	 307 	 2962 	 151.691 	 11.8875 	 5 	 1152.64 	 0.0998821 	 84.5437 	 11.5338 	 52.3441 	 25.4105 	 79 	 31 	 61.4 	 18.3657 	 14560 	 0.951758 	 545.966 	 107.113 	 101.416 	 37.3586 	 0 	 0 	 0 	 33.0177 	 0.325567 	  DCIS 
167 	 2666.38 	 2243.53 	 2829.42 	 244.902 	 3121 	 111.116 	 38.5637 	 0.937844 	 0.921464 	 272.777 	 1364.32 	 274.944 	 0.201523 	 524.389 	 1069.89 	 95.9885 	 0.614291 	 21.1549 	 0.0636233 	 332.502 	 0 	 0 	 NaN 	 NaN 	 0 	 0 	 0 	 NaN 	 NaN 	 NaN 	 NaN 	 0 	 0 	 NaN 	 NaN 	 0 	 0 	 NaN 	 NaN 	 0 	 0 	 0 	 NaN 	 NaN 	 NaN 	 NaN 	 0 	 0 	 NaN 	 NaN 	 5370 	 0.942767 	 342.51 	 94.3171 	 99.5253 	 35.4679 	 0 	 0 	 0 	 25.8037 	 0.259268 	  Fib 
168 	 2827.61 	 2893.05 	 3314.05 	 818.938 	 4001 	 113.947 	 45.8264 	 0.915564 	 0.940085 	 292.108 	 1707 	 587.895 	 0.344403 	 962.459 	 1412.57 	 60.8179 	 12.115 	 18.8358 	 0.0633494 	 297.331 	 0 	 0 	 NaN 	 NaN 	 0 	 0 	 0 	 NaN 	 NaN 	 NaN 	 NaN 	 0 	 0 	 NaN 	 NaN 	 160 	 345 	 141.275 	 1.47197 	 2 	 294.525 	 0.0736128 	 25.0582 	 25.0582 	 25.0582 	 0 	 93 	 67 	 80 	 18.3848 	 5548 	 0.943858 	 346.225 	 81.7417 	 75.628 	 11.5707 	 0 	 0 	 0 	 6.10425 	 0.0807141 	  DCIS 
169 	 2924.57 	 2175 	 3031.44 	 429.963 	 4852 	 90.7336 	 70.9083 	 0.623905 	 0.947656 	 286.635 	 2368.5 	 1080.45 	 0.456176 	 1532.81 	 2074.07 	 166.082 	 56.6468 	 55.1769 	 0.137053 	 402.595 	 45 	 45 	 180.356 	 3.84861 	 1 	 0 	 0 	 NaN 	 NaN 	 NaN 	 NaN 	 45 	 45 	 45 	 0 	 45 	 45 	 176.889 	 37.0859 	 1 	 0 	 0 	 NaN 	 NaN 	 NaN 	 NaN 	 45 	 45 	 45 	 0 	 6945 	 0.955296 	 365.338 	 86.5572 	 79.7574 	 15.7 	 0 	 0 	 0 	 10.6085 	 0.13301 	  DCIS 
170 	 3045.22 	 2322.78 	 3203.1 	 613.778 	 5892 	 145.695 	 52.4272 	 0.933013 	 0.954943 	 362.191 	 1475.96 	 584.788 	 0.396209 	 848.558 	 1181.53 	 164.423 	 18.4881 	 91.2316 	 0.227546 	 400.937 	 45 	 45 	 138.578 	 -37.9292 	 1 	 0 	 0 	 NaN 	 NaN 	 NaN 	 NaN 	 45 	 45 	 45 	 0 	 70 	 70 	 144.957 	 5.15411 	 1 	 0 	 0 	 NaN 	 NaN 	 NaN 	 NaN 	 70 	 70 	 70 	 0 	 8171 	 0.922443 	 454.309 	 82.668 	 79.1517 	 15.0943 	 0 	 0 	 0 	 12.4491 	 0.157281 	  DCIS 
171 	 3036.56 	 2796.76 	 3430.67 	 882.683 	 6226 	 104.719 	 76.2807 	 0.685118 	 0.965571 	 328.818 	 1644.26 	 531.858 	 0.323464 	 935.614 	 1349.83 	 295.948 	 67.3249 	 65.4076 	 0.12284 	 532.462 	 0 	 0 	 NaN 	 NaN 	 0 	 0 	 0 	 NaN 	 NaN 	 NaN 	 NaN 	 0 	 0 	 NaN 	 NaN 	 59 	 60 	 155.017 	 15.2139 	 1 	 0 	 0 	 NaN 	 NaN 	 NaN 	 NaN 	 59 	 59 	 59 	 0 	 10751 	 0.883692 	 520.25 	 104.737 	 97.5649 	 33.5075 	 0 	 0 	 0 	 8.58836 	 0.0880272 	  DCIS 
172 	 3086.6 	 2529.09 	 3335.32 	 750.654 	 2767 	 85.8361 	 41.4983 	 0.875367 	 0.94276 	 239.037 	 1379.25 	 479.546 	 0.347687 	 636.216 	 1084.82 	 348.93 	 62.6708 	 49.4578 	 0.0844792 	 585.443 	 0 	 0 	 NaN 	 NaN 	 0 	 0 	 0 	 NaN 	 NaN 	 NaN 	 NaN 	 0 	 0 	 NaN 	 NaN 	 0 	 0 	 NaN 	 NaN 	 0 	 0 	 0 	 NaN 	 NaN 	 NaN 	 NaN 	 0 	 0 	 NaN 	 NaN 	 4353 	 0.902363 	 317.338 	 102.692 	 94.0138 	 29.9564 	 0 	 0 	 0 	 8.56806 	 0.0911362 	  DCIS 
173 	 3171.69 	 2343.77 	 3326.66 	 725.58 	 1920 	 67.6865 	 37.2094 	 0.835341 	 0.941176 	 200.693 	 1063.04 	 151.042 	 0.142085 	 294.064 	 768.608 	 51.6661 	 9.80781 	 11.2288 	 0.0389647 	 288.18 	 0 	 0 	 NaN 	 NaN 	 0 	 0 	 0 	 NaN 	 NaN 	 NaN 	 NaN 	 0 	 0 	 NaN 	 NaN 	 0 	 0 	 NaN 	 NaN 	 0 	 0 	 0 	 NaN 	 NaN 	 NaN 	 NaN 	 0 	 0 	 NaN 	 NaN 	 3262 	 0.952687 	 252.569 	 70.2474 	 67.8814 	 3.82398 	 0 	 0 	 0 	 5.53391 	 0.0815233 	  DCIS 
174 	 3363.18 	 2116.64 	 3414.09 	 764.348 	 5249 	 85.6147 	 79.3555 	 0.37533 	 0.931334 	 312.35 	 1979.77 	 608.451 	 0.307334 	 1035.55 	 1685.34 	 203.932 	 31.4345 	 33.4415 	 0.0759266 	 440.446 	 45 	 45 	 185.311 	 8.80417 	 1 	 0 	 0 	 NaN 	 NaN 	 NaN 	 NaN 	 45 	 45 	 45 	 0 	 115 	 207 	 135.304 	 -4.49868 	 2 	 2143.01 	 0.408271 	 16.5557 	 16.5557 	 16.5557 	 0 	 65 	 50 	 57.5 	 10.6066 	 6900 	 0.959666 	 354.225 	 102.363 	 101.119 	 37.0617 	 0 	 0 	 0 	 24.0063 	 0.237406 	  DCIS 
175 	 3439.83 	 2937.44 	 3845.96 	 1274.08 	 6106 	 187.005 	 44.7288 	 0.970974 	 0.831993 	 473.304 	 896.401 	 283.597 	 0.316373 	 318.278 	 601.971 	 112.054 	 29.9441 	 55.6218 	 0.159572 	 348.568 	 0 	 0 	 NaN 	 NaN 	 0 	 0 	 0 	 NaN 	 NaN 	 NaN 	 NaN 	 0 	 0 	 NaN 	 NaN 	 153 	 433 	 117.588 	 -22.2148 	 2 	 793.177 	 0.129901 	 39.463 	 39.463 	 39.463 	 0 	 90 	 63 	 76.5 	 19.0919 	 12379 	 0.822744 	 674.191 	 109.819 	 111.003 	 46.9458 	 0 	 0 	 0 	 30.1986 	 0.272052 	  Fib 
176 	 3425.88 	 2593.95 	 3665.14 	 1081 	 3483 	 113.836 	 40.9971 	 0.932897 	 0.95608 	 281.765 	 1442.76 	 560.923 	 0.388785 	 760.11 	 1148.33 	 96.7515 	 29.665 	 27.964 	 0.0839093 	 333.265 	 0 	 0 	 NaN 	 NaN 	 0 	 0 	 0 	 NaN 	 NaN 	 NaN 	 NaN 	 0 	 0 	 NaN 	 NaN 	 0 	 0 	 NaN 	 NaN 	 0 	 0 	 0 	 NaN 	 NaN 	 NaN 	 NaN 	 0 	 0 	 NaN 	 NaN 	 5168 	 0.94479 	 349.539 	 80.3069 	 74.6982 	 10.6408 	 0 	 0 	 0 	 5.97372 	 0.0799715 	  Fib 
177 	 3485.75 	 2458.01 	 3659.36 	 1039.42 	 3955 	 95.9919 	 53.9172 	 0.827351 	 0.92385 	 308.676 	 1092.51 	 163.588 	 0.149736 	 382.136 	 798.075 	 97.5262 	 0.769855 	 33.1284 	 0.099175 	 334.04 	 42 	 45 	 128.643 	 -47.8641 	 1 	 0 	 0 	 NaN 	 NaN 	 NaN 	 NaN 	 42 	 42 	 42 	 0 	 0 	 0 	 NaN 	 NaN 	 0 	 0 	 0 	 NaN 	 NaN 	 NaN 	 NaN 	 0 	 0 	 NaN 	 NaN 	 6089 	 0.933037 	 351.439 	 86.6729 	 110.792 	 46.7347 	 0.088685 	 169.345 	 100.292 	 175.044 	 1.57993 	  DCIS 
178 	 3533.65 	 2125.91 	 3577.75 	 928.471 	 8661 	 144.699 	 77.8928 	 0.842748 	 0.945627 	 413.505 	 1945.48 	 616.978 	 0.317133 	 888.263 	 1651.05 	 384.882 	 52.2113 	 121.262 	 0.195144 	 621.396 	 45 	 45 	 200.089 	 23.5819 	 1 	 0 	 0 	 NaN 	 NaN 	 NaN 	 NaN 	 45 	 45 	 45 	 0 	 138 	 194 	 145.362 	 5.55929 	 2 	 1708.59 	 0.197274 	 13.3956 	 13.3956 	 13.3956 	 0 	 84 	 54 	 69 	 21.2132 	 12439 	 0.91855 	 529.622 	 120.446 	 128.192 	 64.1349 	 0.0748988 	 185.459 	 125.994 	 52.4878 	 0.409446 	  DCIS 
179 	 3586.15 	 2508.61 	 3771.54 	 1150.27 	 4763 	 111.407 	 55.986 	 0.864556 	 0.962611 	 299.179 	 1933.64 	 614.334 	 0.317708 	 1024.56 	 1639.21 	 209.329 	 47.4826 	 69.8397 	 0.156646 	 445.843 	 0 	 0 	 NaN 	 NaN 	 0 	 0 	 0 	 NaN 	 NaN 	 NaN 	 NaN 	 0 	 0 	 NaN 	 NaN 	 0 	 0 	 NaN 	 NaN 	 0 	 0 	 0 	 NaN 	 NaN 	 NaN 	 NaN 	 0 	 0 	 NaN 	 NaN 	 7076 	 0.919917 	 415.48 	 97.3763 	 100.935 	 36.8775 	 0.0755208 	 222.034 	 97.6211 	 58.4648 	 0.579232 	  DCIS 
180 	 3709.62 	 2596.01 	 3920.75 	 1301.74 	 6715 	 132.411 	 67.0135 	 0.862474 	 0.925313 	 370.86 	 1954.07 	 782.599 	 0.400496 	 1291.27 	 1659.64 	 289.87 	 26.1496 	 43.7727 	 0.0831574 	 526.383 	 0 	 0 	 NaN 	 NaN 	 0 	 0 	 0 	 NaN 	 NaN 	 NaN 	 NaN 	 0 	 0 	 NaN 	 NaN 	 103 	 110 	 162.466 	 22.663 	 1 	 0 	 0 	 NaN 	 NaN 	 NaN 	 NaN 	 103 	 103 	 103 	 0 	 9564 	 0.894584 	 529.806 	 96.8971 	 94.6066 	 30.5492 	 0.0331263 	 97.0625 	 94.7352 	 22.5621 	 0.238483 	  DCIS 
181 	 3816.19 	 2779.57 	 4097.05 	 1497.57 	 6779 	 131.713 	 66.3015 	 0.864065 	 0.948775 	 363.304 	 1887.26 	 733.658 	 0.388742 	 1266.4 	 1592.83 	 328.422 	 39.295 	 38.1489 	 0.067528 	 564.935 	 0 	 0 	 NaN 	 NaN 	 0 	 0 	 0 	 NaN 	 NaN 	 NaN 	 NaN 	 0 	 0 	 NaN 	 NaN 	 43 	 44 	 139.907 	 0.103946 	 1 	 0 	 0 	 NaN 	 NaN 	 NaN 	 NaN 	 43 	 43 	 43 	 0 	 9683 	 0.922366 	 476.936 	 103.234 	 98.9726 	 34.9152 	 0 	 0 	 0 	 18.3365 	 0.185269 	  DCIS 
182 	 3800.93 	 2189.14 	 3850.47 	 1202.08 	 3071 	 88.0502 	 45.3604 	 0.857091 	 0.979898 	 230.61 	 2679.6 	 898.984 	 0.335491 	 1791.3 	 2385.17 	 215.017 	 45.2917 	 29.4839 	 0.0652977 	 451.53 	 45 	 45 	 202.978 	 26.4708 	 1 	 0 	 0 	 NaN 	 NaN 	 NaN 	 NaN 	 45 	 45 	 45 	 0 	 161 	 307 	 175.957 	 36.1535 	 2 	 289.741 	 0.0943475 	 21.1917 	 21.1917 	 21.1917 	 0 	 89 	 72 	 80.5 	 12.0208 	 6643 	 0.942002 	 367.681 	 88.3185 	 78.0673 	 14.0099 	 0 	 0 	 0 	 8.42727 	 0.107949 	  DCIS 
183 	 3836.26 	 2550.84 	 4016.51 	 1382.45 	 7085 	 110.548 	 84.2812 	 0.647116 	 0.950369 	 354.233 	 1720.63 	 691.157 	 0.401688 	 1071.31 	 1426.2 	 265.742 	 39.0171 	 45.6424 	 0.0908749 	 502.255 	 115 	 301 	 197.313 	 20.8061 	 2 	 957.381 	 0.135128 	 26.6496 	 26.6496 	 26.6496 	 0 	 70 	 45 	 57.5 	 17.6777 	 208 	 635 	 135.899 	 -3.90399 	 3 	 291.434 	 0.0411339 	 42.2481 	 12.6802 	 28.4615 	 13.3131 	 91 	 49 	 69.3333 	 21.0317 	 9484 	 0.940127 	 454.108 	 96.4751 	 88.7596 	 24.7022 	 0.0408654 	 97.5294 	 88.8577 	 9.48962 	 0.106914 	  DCIS 
184 	 3927.2 	 2436.8 	 4055.79 	 1409.18 	 3524 	 75.06 	 62.2296 	 0.559152 	 0.931044 	 239.865 	 2021.63 	 1048.24 	 0.51851 	 1380.7 	 1727.2 	 282.391 	 51.2395 	 37.3142 	 0.0719096 	 518.904 	 0 	 0 	 0 	 -176.507 	 0 	 0 	 0 	 NaN 	 NaN 	 NaN 	 NaN 	 0 	 0 	 NaN 	 NaN 	 0 	 0 	 0 	 -139.803 	 0 	 0 	 0 	 NaN 	 NaN 	 NaN 	 NaN 	 0 	 0 	 NaN 	 NaN 	 5239 	 0.963051 	 308.368 	 89.0403 	 79.3636 	 15.3063 	 0 	 0 	 0 	 4.35051 	 0.0548174 	  DCIS 
