rownames 	XLoc 	YLoc 	NNDistSame 	NNDistOpp 	dapi_Area 	dapi_MajorAxisLength 	dapi_MinorAxisLength 	dapi_Eccentricity 	dapi_Solidity 	dapi_Perimeter 	dapi_MeanIntensity 	dapi_PixelSD 	dapi_PixelCV 	dapi_NucAdjustedInt 	dapi_BackAdjustedInt 	memb_Area 	memb_Solidity 	memb_Perimeter 	memb_MeanIntensity 	memb_MembraneIntensity 	memb_temp 	memb_pcTouch 	memb_OverLapIntensity 	memb_nonLapIntensity 	memb_PixelSD 	memb_PixelCV 	cent_Area 	cent_ConvexArea 	cent_MeanIntensity 	cent_BackAdjustedInt 	cent_CN 	cent_AreaSD 	cent_CoeffVar 	cent_MaxSpotDist 	cent_MinSpotDist 	cent_MeanSpotDist 	cent_SDSpotDist 	cent_SpotAreaMax 	cent_SpotAreaMin 	cent_SpotAreaMean 	cent_SpotAreaSD 	nucl_BackgroundAdjust 	nucl_NuclearAdjustedInt 	nucl_PixelSD 	nucl_PixelCV 	nucl_MeanIntensity 	Her2_Area 	Her2_ConvexArea 	Her2_MeanIntensity 	Her2_BackAdjustedInt 	Her2_CN 	Her2_AreaSD 	Her2_CoeffVar 	Her2_MaxSpotDist 	Her2_MinSpotDist 	Her2_MeanSpotDist 	Her2_SDSpotDist 	Her2_SpotAreaMax 	Her2_SpotAreaMin 	Her2_SpotAreaMean 	Her2_SpotAreaSD 	CellLabels 	
1 	 78.3047 	 258.44 	 120.333 	 151.397 	 6353 	 99.4459 	 82.2584 	 0.561955 	 0.965942 	 321.12 	 1153.25 	 355.344 	 0.308123 	 544.728 	 1028.64 	 14867 	 0.97655 	 482.919 	 255.129 	 454.162 	 336.692 	 0.12178 	 689.327 	 432.939 	 249.645 	 0.549684 	 51 	 52 	 107.078 	 5.60784 	 1 	 0 	 0 	 NaN 	 NaN 	 NaN 	 NaN 	 51 	 51 	 51 	 0 	 43.8043 	 -28.1366 	 9.80244 	 0.101757 	 96.3315 	 65 	 70 	 129.2 	 -0.851948 	 1 	 0 	 0 	 NaN 	 NaN 	 NaN 	 NaN 	 65 	 65 	 65 	 0 	  Tumour 
2 	 137.321 	 497.044 	 76.2168 	 349.588 	 9943 	 160.922 	 86.9064 	 0.84163 	 0.819771 	 454.902 	 1472.46 	 408.167 	 0.277201 	 1066.49 	 1347.85 	 12710 	 0.738653 	 639.463 	 339.795 	 460.237 	 342.767 	 0.453469 	 534.496 	 433.264 	 152.039 	 0.33035 	 204 	 2736 	 112.495 	 11.0245 	 3 	 1101.06 	 0.110737 	 99.3662 	 42.5496 	 73.4233 	 25.6946 	 91 	 56 	 68 	 19.9249 	 74.3723 	 -2.24815 	 31.9985 	 0.252157 	 126.899 	 161 	 1086 	 156.484 	 26.4325 	 2 	 1462.81 	 0.14712 	 97.0454 	 97.0454 	 97.0454 	 0 	 102 	 59 	 80.5 	 30.4056 	  Tumour 
3 	 137.88 	 119.195 	 455.054 	 151.397 	 1583 	 75.4686 	 29.2566 	 0.9218 	 0.865974 	 187.48 	 1239.67 	 418.74 	 0.337785 	 516.297 	 1115.06 	 11123 	 0.910527 	 497.848 	 287.263 	 408.775 	 291.305 	 0.207207 	 710.185 	 369.568 	 228.869 	 0.55989 	 0 	 0 	 NaN 	 NaN 	 0 	 0 	 0 	 NaN 	 NaN 	 NaN 	 NaN 	 0 	 0 	 NaN 	 NaN 	 37.1709 	 -24.2109 	 11.5824 	 0.129127 	 89.698 	 0 	 0 	 NaN 	 NaN 	 0 	 0 	 0 	 NaN 	 NaN 	 NaN 	 NaN 	 0 	 0 	 NaN 	 NaN 	  Other 
4 	 168.615 	 887.109 	 635.549 	 82.28 	 7529 	 112.638 	 86.8138 	 0.637158 	 0.966496 	 355.563 	 829.359 	 250.334 	 0.30184 	 529.56 	 704.748 	 13786 	 0.885933 	 587.421 	 405.649 	 533.89 	 416.421 	 0.199634 	 528.101 	 533.159 	 190.799 	 0.357374 	 159 	 1870 	 103.692 	 2.22124 	 3 	 2187.94 	 0.290602 	 69.6617 	 43.7124 	 55.0769 	 11.8699 	 63 	 38 	 53 	 13.2288 	 80.3006 	 -26.4486 	 24.794 	 0.186663 	 132.828 	 137 	 472 	 140.336 	 10.2838 	 2 	 154.206 	 0.0204816 	 41.0427 	 41.0427 	 41.0427 	 0 	 73 	 64 	 68.5 	 6.36396 	  Tumour 
5 	 197.494 	 543.858 	 309.769 	 273.892 	 7779 	 101.723 	 98.0932 	 0.264764 	 0.976648 	 338.25 	 1943.79 	 649.991 	 0.334394 	 1286.19 	 1819.17 	 11902 	 0.909035 	 503.137 	 401.338 	 542.417 	 424.947 	 0.597872 	 515.915 	 551.688 	 123.59 	 0.227851 	 259 	 2347 	 114.301 	 12.8306 	 5 	 1305.29 	 0.167796 	 73.5742 	 13.5309 	 41.6474 	 16.4909 	 62 	 42 	 51.8 	 8.40833 	 72.0576 	 -54.2626 	 25.1225 	 0.20165 	 124.585 	 230 	 1568 	 143.761 	 13.7089 	 4 	 1528.85 	 0.196535 	 58.1921 	 13.1841 	 38.505 	 17.0011 	 65 	 44 	 57.5 	 9.32738 	  Tumour 
6 	 193.506 	 290.316 	 120.333 	 179.936 	 9017 	 165.267 	 71.6744 	 0.901063 	 0.946965 	 409.948 	 1272.46 	 470.934 	 0.370096 	 867.725 	 1147.85 	 19859 	 0.865731 	 734.534 	 374.204 	 550.64 	 433.171 	 0.30848 	 667.564 	 527.334 	 190.922 	 0.346727 	 101 	 736 	 109.218 	 7.74723 	 2 	 584.77 	 0.064852 	 79.797 	 79.797 	 79.797 	 0 	 56 	 45 	 50.5 	 7.77817 	 74.1192 	 -17.619 	 18.2553 	 0.144144 	 126.646 	 173 	 1127 	 126.387 	 -3.66466 	 3 	 2267.54 	 0.251474 	 63.6168 	 20.4757 	 45.1344 	 19.8776 	 66 	 51 	 57.6667 	 7.63763 	  Tumour 
7 	 238.561 	 433.77 	 238.531 	 315.653 	 11123 	 145.643 	 98.7636 	 0.734952 	 0.958549 	 429.002 	 1868.41 	 725.785 	 0.38845 	 1414.35 	 1743.8 	 14796 	 0.872972 	 612.392 	 384.774 	 535.67 	 418.2 	 0.618375 	 599.091 	 501.774 	 192.707 	 0.359751 	 185 	 696 	 117.281 	 15.8105 	 3 	 1974.06 	 0.177476 	 28.3445 	 23.7705 	 25.2998 	 2.35842 	 63 	 60 	 61.6667 	 1.52753 	 68.0911 	 -13.3175 	 24.2161 	 0.200767 	 120.618 	 215 	 875 	 144.94 	 14.8876 	 4 	 3309.42 	 0.29753 	 55.9927 	 14.8328 	 30.8768 	 14.5518 	 61 	 46 	 53.75 	 7.8475 	  Tumour 
8 	 245.821 	 857.982 	 256.113 	 82.28 	 1139 	 40.7677 	 35.8751 	 0.474994 	 0.967715 	 126.569 	 1025.4 	 268.55 	 0.261898 	 750.928 	 900.788 	 5981 	 0.889104 	 364.752 	 391.945 	 596.798 	 479.329 	 0.581602 	 653.153 	 558.738 	 207.341 	 0.347423 	 0 	 0 	 NaN 	 NaN 	 0 	 0 	 0 	 NaN 	 NaN 	 NaN 	 NaN 	 0 	 0 	 NaN 	 NaN 	 42.9145 	 -6.15064 	 7.10262 	 0.0744184 	 95.4416 	 0 	 0 	 NaN 	 NaN 	 0 	 0 	 0 	 NaN 	 NaN 	 NaN 	 NaN 	 0 	 0 	 NaN 	 NaN 	  Other 
9 	 304.939 	 796.177 	 583.929 	 85.5862 	 3563 	 83.1899 	 54.8722 	 0.751615 	 0.968996 	 234.451 	 731.609 	 182.701 	 0.249725 	 453.652 	 606.999 	 12693 	 0.826798 	 590.593 	 450.523 	 714.687 	 597.218 	 0.26 	 799.825 	 700.528 	 263.506 	 0.368701 	 0 	 0 	 NaN 	 NaN 	 0 	 0 	 0 	 NaN 	 NaN 	 NaN 	 NaN 	 0 	 0 	 NaN 	 NaN 	 67.9368 	 -14.6389 	 15.609 	 0.129574 	 120.464 	 61 	 61 	 116.934 	 -13.1175 	 1 	 0 	 0 	 NaN 	 NaN 	 NaN 	 NaN 	 61 	 61 	 61 	 0 	  Tumour 
10 	 366.476 	 527.446 	 394.088 	 169.779 	 8564 	 111.14 	 99.5769 	 0.444135 	 0.976066 	 358.392 	 1136.77 	 313.427 	 0.275716 	 766.09 	 1012.16 	 16595 	 0.931414 	 581.22 	 409.43 	 691.588 	 574.118 	 0.32397 	 732.023 	 682.166 	 206.113 	 0.298029 	 191 	 1395 	 112.723 	 11.2519 	 3 	 3052.97 	 0.356488 	 47.6613 	 33.3603 	 42.1944 	 6.90699 	 67 	 58 	 63.6667 	 4.93288 	 79.9417 	 -29.1471 	 26.255 	 0.198198 	 132.469 	 207 	 1228 	 147.952 	 17.8997 	 3 	 1178.1 	 0.137564 	 77.9286 	 40.2691 	 52.9157 	 19.3753 	 77 	 59 	 69 	 9.16515 	  Tumour 
11 	 345.278 	 951.656 	 743.589 	 136.517 	 3607 	 75.2192 	 61.2553 	 0.580365 	 0.978037 	 232.208 	 853.016 	 176.875 	 0.207352 	 558.634 	 728.406 	 14869 	 0.932577 	 525.865 	 428.936 	 563.728 	 446.258 	 0.118609 	 815.448 	 566.459 	 266.75 	 0.473189 	 0 	 0 	 NaN 	 NaN 	 0 	 0 	 0 	 NaN 	 NaN 	 NaN 	 NaN 	 0 	 0 	 NaN 	 NaN 	 108.022 	 -14.6001 	 18.983 	 0.118238 	 160.549 	 0 	 0 	 NaN 	 NaN 	 0 	 0 	 0 	 NaN 	 NaN 	 NaN 	 NaN 	 0 	 0 	 NaN 	 NaN 	  Tumour 
12 	 432.907 	 683.206 	 636.491 	 149.773 	 1862 	 60.9091 	 39.9124 	 0.755388 	 0.910068 	 194.167 	 670.816 	 124.416 	 0.185469 	 379.794 	 546.206 	 43936 	 0.953721 	 963.051 	 436.689 	 533.665 	 416.196 	 0.137891 	 772.059 	 511.654 	 200.57 	 0.375834 	 0 	 0 	 NaN 	 NaN 	 0 	 0 	 0 	 NaN 	 NaN 	 NaN 	 NaN 	 0 	 0 	 NaN 	 NaN 	 57.6367 	 0.660509 	 11.5636 	 0.104967 	 110.164 	 0 	 0 	 NaN 	 NaN 	 0 	 0 	 0 	 NaN 	 NaN 	 NaN 	 NaN 	 0 	 0 	 NaN 	 NaN 	  Other 
13 	 517.003 	 807.424 	 702.938 	 149.773 	 7401 	 143.168 	 67.3774 	 0.882337 	 0.941124 	 389.505 	 1173.13 	 414.007 	 0.352907 	 782.404 	 1048.52 	 12843 	 0.911239 	 546.451 	 427.245 	 573.055 	 455.585 	 0.101961 	 621.212 	 569.146 	 164.245 	 0.286613 	 91 	 679 	 104.264 	 2.79315 	 2 	 612.037 	 0.0826966 	 74.3421 	 74.3421 	 74.3421 	 0 	 50 	 41 	 45.5 	 6.36396 	 108.671 	 -17.6288 	 29.3454 	 0.182046 	 161.198 	 119 	 223 	 134.277 	 4.22536 	 2 	 2952.8 	 0.398973 	 17.2198 	 17.2198 	 17.2198 	 0 	 61 	 58 	 59.5 	 2.12132 	  Tumour 
14 	 505.682 	 285.797 	 428.915 	 194.538 	 4433 	 97.3728 	 58.3939 	 0.800229 	 0.97151 	 265.664 	 1070.78 	 281.64 	 0.263024 	 667.921 	 946.165 	 9377 	 0.875455 	 490.35 	 535.002 	 707.237 	 589.768 	 0.45898 	 758.512 	 678.632 	 207.37 	 0.293211 	 0 	 0 	 NaN 	 NaN 	 0 	 0 	 0 	 NaN 	 NaN 	 NaN 	 NaN 	 0 	 0 	 NaN 	 NaN 	 112.92 	 -22.0003 	 31.8524 	 0.192523 	 165.447 	 0 	 0 	 NaN 	 NaN 	 0 	 0 	 0 	 NaN 	 NaN 	 NaN 	 NaN 	 0 	 0 	 NaN 	 NaN 	  Tumour 
15 	 568.796 	 488.075 	 542.2 	 237.741 	 8519 	 113.418 	 96.0283 	 0.532105 	 0.981226 	 353.747 	 1291.45 	 431.007 	 0.333739 	 889.037 	 1166.84 	 18180 	 0.876736 	 682.492 	 350.724 	 512.649 	 395.18 	 0.483568 	 560.667 	 497.242 	 141.63 	 0.276271 	 172 	 529 	 114.907 	 13.4364 	 3 	 2496.22 	 0.293018 	 23.2698 	 17.2587 	 21.0405 	 2.94496 	 73 	 41 	 57.3333 	 16.0104 	 62.4308 	 -18.1689 	 18.8794 	 0.164229 	 114.958 	 218 	 411 	 140.133 	 10.0811 	 3 	 1888.03 	 0.221625 	 25.3601 	 13.7633 	 17.9594 	 5.7497 	 82 	 68 	 72.6667 	 8.0829 	  Tumour 
16 	 548.459 	 382.585 	 486.338 	 274.711 	 4181 	 90.0785 	 60.0933 	 0.744949 	 0.95326 	 257.037 	 1065.15 	 275.504 	 0.258654 	 694.944 	 940.536 	 11675 	 0.939713 	 479.966 	 435.76 	 553.067 	 435.598 	 0.286996 	 604.758 	 547.545 	 192.816 	 0.34863 	 0 	 0 	 NaN 	 NaN 	 0 	 0 	 0 	 NaN 	 NaN 	 NaN 	 NaN 	 0 	 0 	 NaN 	 NaN 	 91.16 	 -21.1901 	 28.0521 	 0.195231 	 143.687 	 0 	 0 	 NaN 	 NaN 	 0 	 0 	 0 	 NaN 	 NaN 	 NaN 	 NaN 	 0 	 0 	 NaN 	 NaN 	  Tumour 
17 	 622.769 	 268.914 	 545.111 	 159.841 	 13079 	 133.413 	 125.303 	 0.343333 	 0.982866 	 443.889 	 1315.57 	 472.442 	 0.359117 	 891.802 	 1190.96 	 31679 	 0.947509 	 832.482 	 446.575 	 608.464 	 490.994 	 0.388509 	 704.401 	 586.1 	 219.941 	 0.361469 	 157 	 1475 	 124.223 	 22.7523 	 3 	 2949.2 	 0.225491 	 82.6928 	 17.341 	 59.0271 	 32.3885 	 57 	 47 	 52.3333 	 5.03322 	 124.353 	 -0.251806 	 38.2702 	 0.216362 	 176.88 	 213 	 790 	 148.958 	 18.9058 	 3 	 2296.95 	 0.175621 	 57.4297 	 10.6816 	 38.4517 	 21.9876 	 74 	 69 	 71 	 2.64575 	  Tumour 
18 	 592.897 	 111.596 	 455.054 	 149.215 	 1160 	 52.759 	 28.9781 	 0.835655 	 0.936995 	 142.225 	 1284.6 	 448.745 	 0.349326 	 972.466 	 1159.99 	 3885 	 0.985041 	 245.622 	 394.317 	 319.676 	 202.207 	 0 	 0 	 0 	 88.9646 	 0.278296 	 0 	 0 	 NaN 	 NaN 	 0 	 0 	 0 	 NaN 	 NaN 	 NaN 	 NaN 	 0 	 0 	 NaN 	 NaN 	 63.0797 	 10.2443 	 16.1976 	 0.140109 	 115.607 	 0 	 0 	 NaN 	 NaN 	 0 	 0 	 0 	 NaN 	 NaN 	 NaN 	 NaN 	 0 	 0 	 NaN 	 NaN 	  Other 
19 	 647.81 	 643.883 	 688.401 	 202.054 	 3679 	 74.6444 	 63.6327 	 0.522763 	 0.974053 	 235.865 	 1252.67 	 448.59 	 0.358107 	 880.201 	 1128.06 	 10719 	 0.807762 	 553.179 	 456.228 	 628.035 	 510.565 	 0.448343 	 657.191 	 618.437 	 149.387 	 0.237863 	 50 	 52 	 106.4 	 4.92941 	 1 	 0 	 0 	 NaN 	 NaN 	 NaN 	 NaN 	 50 	 50 	 50 	 0 	 85.0896 	 -21.1575 	 16.6355 	 0.120883 	 137.617 	 51 	 52 	 127.314 	 -2.73822 	 1 	 0 	 0 	 NaN 	 NaN 	 NaN 	 NaN 	 51 	 51 	 51 	 0 	  Tumour 
20 	 689.819 	 585.017 	 693.883 	 139.474 	 6944 	 111.856 	 80.1199 	 0.697817 	 0.959514 	 333.12 	 1408.63 	 479.767 	 0.340591 	 1016.33 	 1284.02 	 15379 	 0.924219 	 641.907 	 351.608 	 537.105 	 419.636 	 0.431438 	 570.744 	 526.272 	 113.409 	 0.211148 	 97 	 258 	 102.495 	 1.02426 	 2 	 1897.33 	 0.273232 	 24.4816 	 24.4816 	 24.4816 	 0 	 51 	 46 	 48.5 	 3.53553 	 60.9538 	 -11.8993 	 19.8003 	 0.174481 	 113.481 	 131 	 490 	 128.221 	 -1.83057 	 2 	 1066.5 	 0.153586 	 44.3757 	 44.3757 	 44.3757 	 0 	 66 	 65 	 65.5 	 0.707107 	  Tumour 
21 	 692.171 	 500.429 	 659.97 	 126.016 	 6837 	 133.883 	 70.8579 	 0.848464 	 0.902217 	 362.676 	 1586.57 	 611.043 	 0.385135 	 1159.57 	 1461.96 	 10385 	 0.824927 	 535.279 	 433.833 	 509.207 	 391.737 	 0.598394 	 530.896 	 494.856 	 163.343 	 0.32078 	 120 	 208 	 125.583 	 24.1127 	 2 	 1941.71 	 0.284 	 15.9294 	 15.9294 	 15.9294 	 0 	 65 	 55 	 60 	 7.07107 	 82.3936 	 1.19524 	 20.3053 	 0.150498 	 134.921 	 234 	 747 	 182.406 	 52.354 	 3 	 1219.48 	 0.178365 	 34.7479 	 13.8064 	 27.5292 	 10.6345 	 136 	 30 	 78 	 53.7029 	  Tumour 
22 	 735.669 	 743.864 	 818.022 	 219.021 	 8646 	 135.91 	 81.3425 	 0.801122 	 0.971679 	 380.475 	 1312.45 	 454.559 	 0.346344 	 946.983 	 1187.84 	 15419 	 0.939782 	 564.635 	 375.066 	 534.075 	 416.606 	 0.133462 	 779.246 	 516.126 	 184.737 	 0.345901 	 52 	 54 	 104.096 	 2.62557 	 1 	 0 	 0 	 NaN 	 NaN 	 NaN 	 NaN 	 52 	 52 	 52 	 0 	 74.4941 	 -25.2235 	 19.0113 	 0.14967 	 127.021 	 243 	 1682 	 140.626 	 10.5736 	 4 	 791.396 	 0.0915332 	 77.0684 	 24.7301 	 47.3197 	 19.6628 	 68 	 50 	 60.75 	 8.13941 	  Tumour 
23 	 741.727 	 103.924 	 681.625 	 149.215 	 5832 	 110.993 	 67.5215 	 0.793678 	 0.974925 	 305.848 	 1415.92 	 570.512 	 0.402926 	 1025.36 	 1291.31 	 22409 	 0.913199 	 669.63 	 427.145 	 398.953 	 281.483 	 0 	 0 	 0 	 158.015 	 0.396075 	 182 	 1188 	 118.275 	 16.8041 	 3 	 1312.59 	 0.225066 	 40.5692 	 34.3651 	 37.5285 	 2.77616 	 72 	 54 	 60.6667 	 9.86577 	 72.3484 	 -16.1171 	 19.9417 	 0.159692 	 124.876 	 210 	 687 	 141.267 	 11.2147 	 3 	 1687.64 	 0.289376 	 51.4846 	 16.6946 	 34.7978 	 15.5972 	 84 	 50 	 70 	 17.7764 	  Tumour 
24 	 755.517 	 407.114 	 694.179 	 113.442 	 7545 	 122.807 	 80.3636 	 0.756158 	 0.956274 	 356.09 	 1357.89 	 518.783 	 0.38205 	 937.397 	 1233.28 	 13839 	 0.889396 	 586.291 	 353.133 	 518.561 	 401.091 	 0.625698 	 574.333 	 486.42 	 180.978 	 0.349001 	 86 	 96 	 118.826 	 17.355 	 1 	 0 	 0 	 NaN 	 NaN 	 NaN 	 NaN 	 86 	 86 	 86 	 0 	 64.8393 	 -4.44271 	 15.372 	 0.130974 	 117.366 	 235 	 859 	 152.715 	 22.6629 	 3 	 1848.54 	 0.245003 	 44.903 	 13.6995 	 32.7152 	 14.9233 	 111 	 59 	 78.3333 	 28.4488 	  Tumour 
25 	 770.564 	 295.353 	 693.987 	 212.269 	 9183 	 125.4 	 93.9754 	 0.662113 	 0.968773 	 391.304 	 1435.44 	 603.305 	 0.420294 	 973.324 	 1310.83 	 17766 	 0.849073 	 744.316 	 359.313 	 550.337 	 432.867 	 0.614009 	 538.417 	 554.264 	 214.33 	 0.389452 	 236 	 2082 	 118.161 	 16.6904 	 4 	 1944.81 	 0.211783 	 67.1009 	 20.4896 	 45.4551 	 14.8368 	 63 	 49 	 59 	 6.68331 	 74.5472 	 6.83647 	 18.2041 	 0.143255 	 127.074 	 184 	 1354 	 145.712 	 15.66 	 3 	 1272.11 	 0.138529 	 51.5166 	 35.5148 	 42.4815 	 7.33339 	 77 	 42 	 61.3333 	 17.7858 	  Tumour 
26 	 823.42 	 542.696 	 805.606 	 126.016 	 1396 	 50.7476 	 36.6496 	 0.69169 	 0.910633 	 154.468 	 823.516 	 149.9 	 0.182024 	 510.329 	 698.906 	 10411 	 0.894646 	 491.12 	 394.593 	 482.871 	 365.401 	 0.451247 	 496.422 	 473.018 	 163.758 	 0.339135 	 0 	 0 	 NaN 	 NaN 	 0 	 0 	 0 	 NaN 	 NaN 	 NaN 	 NaN 	 0 	 0 	 NaN 	 NaN 	 64.6412 	 -3.97271 	 9.07395 	 0.0774437 	 117.168 	 0 	 0 	 NaN 	 NaN 	 0 	 0 	 0 	 NaN 	 NaN 	 NaN 	 NaN 	 0 	 0 	 NaN 	 NaN 	  Other 
27 	 818.382 	 502.041 	 780.442 	 99.8098 	 1731 	 52.5135 	 42.5982 	 0.58479 	 0.951099 	 166.953 	 962.481 	 241.836 	 0.251263 	 614.434 	 837.87 	 4745 	 0.899526 	 325.095 	 402.427 	 510.732 	 393.263 	 0.729097 	 487 	 520.376 	 138.022 	 0.270244 	 0 	 0 	 NaN 	 NaN 	 0 	 0 	 0 	 NaN 	 NaN 	 NaN 	 NaN 	 0 	 0 	 NaN 	 NaN 	 74.9523 	 -5.99338 	 11.4664 	 0.0899467 	 127.479 	 0 	 0 	 NaN 	 NaN 	 0 	 0 	 0 	 NaN 	 NaN 	 NaN 	 NaN 	 0 	 0 	 NaN 	 NaN 	  Other 
28 	 896.641 	 441.194 	 839.196 	 99.8098 	 6018 	 108.521 	 72.4127 	 0.744819 	 0.955693 	 319.948 	 992.975 	 269.356 	 0.271262 	 615.905 	 868.365 	 17993 	 0.922907 	 686.475 	 341.861 	 545.431 	 427.962 	 0.623003 	 568.667 	 529.815 	 158.027 	 0.289729 	 61 	 62 	 111.508 	 10.0376 	 1 	 0 	 0 	 NaN 	 NaN 	 NaN 	 NaN 	 61 	 61 	 61 	 0 	 59.154 	 -0.383895 	 19.2408 	 0.172283 	 111.681 	 62 	 63 	 132.065 	 2.01257 	 1 	 0 	 0 	 NaN 	 NaN 	 NaN 	 NaN 	 62 	 62 	 62 	 0 	  Tumour 
29 	 937.637 	 367.88 	 867.006 	 179.878 	 7317 	 116.266 	 80.6139 	 0.720592 	 0.971713 	 340.676 	 1464.12 	 533.459 	 0.364356 	 1064.82 	 1339.51 	 11054 	 0.929689 	 504.451 	 392.012 	 468.767 	 351.297 	 0.326923 	 560.621 	 449.143 	 168.453 	 0.359354 	 121 	 242 	 128.545 	 27.0749 	 2 	 1026.22 	 0.140252 	 19.9733 	 19.9733 	 19.9733 	 0 	 78 	 43 	 60.5 	 24.7487 	 72.0961 	 -3.64945 	 19.1695 	 0.15382 	 124.623 	 186 	 433 	 168.231 	 38.1792 	 2 	 334.707 	 0.0457437 	 25.7637 	 25.7637 	 25.7637 	 0 	 113 	 73 	 93 	 28.2843 	  Tumour 
30 	 1045.16 	 941.109 	 1183.88 	 455.728 	 3187 	 79.4284 	 51.4057 	 0.762324 	 0.960808 	 234.409 	 574.32 	 194.774 	 0.339139 	 344.344 	 449.709 	 21367 	 0.941029 	 665.789 	 365.723 	 439.864 	 322.394 	 0 	 0 	 0 	 258.038 	 0.586631 	 0 	 0 	 NaN 	 NaN 	 0 	 0 	 0 	 NaN 	 NaN 	 NaN 	 NaN 	 0 	 0 	 NaN 	 NaN 	 70.9934 	 -18.4102 	 16.1902 	 0.131073 	 123.521 	 0 	 0 	 NaN 	 NaN 	 0 	 0 	 0 	 NaN 	 NaN 	 NaN 	 NaN 	 0 	 0 	 NaN 	 NaN 	  Tumour 
31 	 1084.58 	 673.237 	 1089.16 	 292.479 	 4001 	 84.5967 	 60.61 	 0.69763 	 0.976807 	 246.167 	 591.404 	 169.939 	 0.287349 	 337.892 	 466.794 	 17880 	 0.880095 	 680.534 	 454.552 	 650.808 	 533.338 	 0.0920635 	 780.828 	 639.772 	 194.245 	 0.298467 	 0 	 0 	 NaN 	 NaN 	 0 	 0 	 0 	 NaN 	 NaN 	 NaN 	 NaN 	 0 	 0 	 NaN 	 NaN 	 87.7498 	 2.7195 	 23.3445 	 0.166417 	 140.277 	 0 	 0 	 NaN 	 NaN 	 0 	 0 	 0 	 NaN 	 NaN 	 NaN 	 NaN 	 0 	 0 	 NaN 	 NaN 	  Tumour 
32 	 1094.17 	 504.164 	 1045.36 	 273.792 	 3816 	 77.1937 	 63.7302 	 0.564273 	 0.970498 	 241.966 	 865.856 	 202.127 	 0.233441 	 560.61 	 741.246 	 14908 	 0.820293 	 698.049 	 414.159 	 541.931 	 424.461 	 0.241538 	 558.682 	 537.96 	 181.492 	 0.334899 	 0 	 0 	 NaN 	 NaN 	 0 	 0 	 0 	 NaN 	 NaN 	 NaN 	 NaN 	 0 	 0 	 NaN 	 NaN 	 106.989 	 1.62616 	 21.796 	 0.136638 	 159.516 	 0 	 0 	 NaN 	 NaN 	 0 	 0 	 0 	 NaN 	 NaN 	 NaN 	 NaN 	 0 	 0 	 NaN 	 NaN 	  Tumour 
33 	 1145.55 	 534.086 	 1103.09 	 323.125 	 3792 	 103.942 	 49.7674 	 0.877925 	 0.847943 	 285.279 	 963.078 	 234.261 	 0.243242 	 655.095 	 838.467 	 12054 	 0.786609 	 591.078 	 432.257 	 596.511 	 479.041 	 0.306569 	 515.5 	 610.202 	 161.996 	 0.271572 	 0 	 0 	 NaN 	 NaN 	 0 	 0 	 0 	 NaN 	 NaN 	 NaN 	 NaN 	 0 	 0 	 NaN 	 NaN 	 81.6651 	 2.36348 	 25.5814 	 0.190633 	 134.192 	 0 	 0 	 NaN 	 NaN 	 0 	 0 	 0 	 NaN 	 NaN 	 NaN 	 NaN 	 0 	 0 	 NaN 	 NaN 	  Tumour 
34 	 1300.11 	 241.212 	 1222.12 	 548.129 	 13391 	 172.055 	 100.667 	 0.81097 	 0.970925 	 473.044 	 1472.49 	 493.055 	 0.334845 	 1034.16 	 1347.88 	 28768 	 0.952015 	 787.328 	 423.119 	 563.264 	 445.794 	 0 	 0 	 0 	 317.551 	 0.563769 	 138 	 1541 	 110.732 	 9.2613 	 3 	 3746.66 	 0.279789 	 91.7489 	 42.0759 	 63.0861 	 22.9917 	 56 	 30 	 46 	 14 	 76.7187 	 -32.0179 	 25.213 	 0.195078 	 129.246 	 132 	 555 	 138.879 	 8.82684 	 2 	 466.346 	 0.0348254 	 49.7674 	 49.7674 	 49.7674 	 0 	 75 	 57 	 66 	 12.7279 	  Tumour 
35 	 1339.5 	 813.637 	 1379.05 	 583.721 	 11879 	 153.114 	 99.628 	 0.759352 	 0.971538 	 462.96 	 1228.38 	 391.279 	 0.318532 	 796.647 	 1103.77 	 21017 	 0.904035 	 721.765 	 409.329 	 566.026 	 448.557 	 0 	 0 	 0 	 149.323 	 0.263809 	 219 	 1431 	 117.662 	 16.1915 	 4 	 2783 	 0.234279 	 45.6112 	 19.859 	 34.0353 	 8.5591 	 63 	 43 	 54.75 	 9.17878 	 98.9444 	 -36.0992 	 33.4822 	 0.221046 	 151.472 	 331 	 2224 	 151.634 	 21.5825 	 5 	 3463.72 	 0.291584 	 70.094 	 13.6803 	 39.5345 	 21.3202 	 75 	 53 	 66.2 	 8.64292 	  Tumour 
