rownames 	XLoc 	YLoc 	NNDistSame 	NNDistOpp 	dapi_Area 	dapi_MajorAxisLength 	dapi_MinorAxisLength 	dapi_Eccentricity 	dapi_Solidity 	dapi_Perimeter 	dapi_MeanIntensity 	dapi_PixelSD 	dapi_PixelCV 	dapi_NucAdjustedInt 	dapi_BackAdjustedInt 	memb_Area 	memb_Solidity 	memb_Perimeter 	memb_MeanIntensity 	memb_MembraneIntensity 	memb_temp 	memb_pcTouch 	memb_OverLapIntensity 	memb_nonLapIntensity 	memb_PixelSD 	memb_PixelCV 	cent_Area 	cent_ConvexArea 	cent_MeanIntensity 	cent_BackAdjustedInt 	cent_CN 	cent_AreaSD 	cent_CoeffVar 	cent_MaxSpotDist 	cent_MinSpotDist 	cent_MeanSpotDist 	cent_SDSpotDist 	cent_SpotAreaMax 	cent_SpotAreaMin 	cent_SpotAreaMean 	cent_SpotAreaSD 	nucl_BackgroundAdjust 	nucl_NuclearAdjustedInt 	nucl_PixelSD 	nucl_PixelCV 	nucl_MeanIntensity 	Her2_Area 	Her2_ConvexArea 	Her2_MeanIntensity 	Her2_BackAdjustedInt 	Her2_CN 	Her2_AreaSD 	Her2_CoeffVar 	Her2_MaxSpotDist 	Her2_MinSpotDist 	Her2_MeanSpotDist 	Her2_SDSpotDist 	Her2_SpotAreaMax 	Her2_SpotAreaMin 	Her2_SpotAreaMean 	Her2_SpotAreaSD 	CellLabels 	
1 	 33.4452 	 180.776 	 218.215 	 632.361 	 3091 	 79.6445 	 50.0383 	 0.777994 	 0.943529 	 238.35 	 666.315 	 172.169 	 0.25839 	 357.38 	 523.324 	 6511 	 0.904054 	 394.167 	 626.395 	 727.221 	 558.15 	 0 	 0 	 0 	 223.63 	 0.307513 	 65 	 70 	 156.323 	 16.3003 	 1 	 0 	 0 	 NaN 	 NaN 	 NaN 	 NaN 	 65 	 65 	 65 	 0 	 120.586 	 20.3131 	 17.1829 	 0.0936789 	 183.424 	 37 	 37 	 134.297 	 -37.5246 	 1 	 0 	 0 	 NaN 	 NaN 	 NaN 	 NaN 	 37 	 37 	 37 	 0 	  Tumour 
2 	 69.7293 	 665.361 	 172.261 	 165.424 	 9096 	 114.273 	 102.392 	 0.44399 	 0.978275 	 370.375 	 902.033 	 315.284 	 0.349526 	 391.634 	 759.042 	 12809 	 0.927785 	 518.451 	 464.241 	 486.95 	 317.878 	 0 	 0 	 0 	 236.985 	 0.486673 	 86 	 228 	 154.233 	 14.2098 	 2 	 1623.13 	 0.178444 	 24.5051 	 24.5051 	 24.5051 	 0 	 44 	 42 	 43 	 1.41421 	 97.0328 	 -8.1976 	 28.384 	 0.177543 	 159.871 	 176 	 875 	 169.58 	 -2.24237 	 3 	 1438.62 	 0.15816 	 44.0907 	 27.0909 	 32.9412 	 8.63994 	 64 	 49 	 58.6667 	 8.3865 	  Tumour 
3 	 126.665 	 963.986 	 115.169 	 304.385 	 5686 	 120.116 	 61.0961 	 0.860977 	 0.947509 	 323.605 	 855.622 	 269.479 	 0.31495 	 485.231 	 712.631 	 7882 	 0.963805 	 390.51 	 382.913 	 399.071 	 230 	 0 	 0 	 0 	 128.362 	 0.321653 	 0 	 0 	 NaN 	 NaN 	 0 	 0 	 0 	 NaN 	 NaN 	 NaN 	 NaN 	 0 	 0 	 NaN 	 NaN 	 96.7506 	 31.3987 	 25.9073 	 0.162338 	 159.589 	 127 	 344 	 158.732 	 -13.0896 	 2 	 152.585 	 0.0268352 	 23.3483 	 23.3483 	 23.3483 	 0 	 82 	 45 	 63.5 	 26.163 	  DCIS 
4 	 166.043 	 353.65 	 218.215 	 445.001 	 11232 	 137.842 	 105.485 	 0.643722 	 0.958444 	 455.688 	 965.359 	 281.658 	 0.291765 	 606.189 	 822.368 	 18412 	 0.894177 	 638.108 	 638.67 	 844.85 	 675.778 	 0.13 	 1030.29 	 829.498 	 214.015 	 0.253318 	 49 	 51 	 156.796 	 16.7732 	 1 	 0 	 0 	 NaN 	 NaN 	 NaN 	 NaN 	 49 	 49 	 49 	 0 	 217.658 	 69.9229 	 52.7164 	 0.187939 	 280.496 	 54 	 54 	 170.093 	 -1.72933 	 1 	 0 	 0 	 NaN 	 NaN 	 NaN 	 NaN 	 54 	 54 	 54 	 0 	  Tumour 
5 	 167.057 	 798.728 	 57 	 165.424 	 3587 	 105.258 	 43.6966 	 0.909758 	 0.960118 	 272.35 	 1135.96 	 483.523 	 0.425649 	 619.021 	 992.973 	 5363 	 0.909291 	 350.024 	 416.938 	 400.595 	 231.523 	 0.141104 	 448.739 	 393.62 	 62.7564 	 0.156658 	 0 	 0 	 NaN 	 NaN 	 0 	 0 	 0 	 NaN 	 NaN 	 NaN 	 NaN 	 0 	 0 	 NaN 	 NaN 	 56.8459 	 -16.3138 	 17.4514 	 0.145812 	 119.684 	 0 	 0 	 NaN 	 NaN 	 0 	 0 	 0 	 NaN 	 NaN 	 NaN 	 NaN 	 0 	 0 	 NaN 	 NaN 	  DCIS 
6 	 167.183 	 855.675 	 115.169 	 214.22 	 2627 	 82.1166 	 42.1341 	 0.858328 	 0.928925 	 227.38 	 1175.6 	 530.687 	 0.451419 	 668.218 	 1032.61 	 3893 	 0.93762 	 275.397 	 530.024 	 490.12 	 321.048 	 0.186047 	 439.438 	 497.545 	 142.205 	 0.290142 	 0 	 0 	 NaN 	 NaN 	 0 	 0 	 0 	 NaN 	 NaN 	 NaN 	 NaN 	 0 	 0 	 NaN 	 NaN 	 124.644 	 16.0681 	 54.8388 	 0.292502 	 187.482 	 37 	 38 	 198.27 	 26.4484 	 1 	 0 	 0 	 NaN 	 NaN 	 NaN 	 NaN 	 37 	 37 	 37 	 0 	  DCIS 
7 	 204.597 	 557.816 	 414.383 	 243.977 	 10577 	 152.277 	 89.5801 	 0.808664 	 0.955379 	 421.203 	 707.704 	 272.649 	 0.385258 	 438.944 	 564.712 	 11979 	 0.909705 	 535.321 	 548.276 	 615.978 	 446.906 	 0.307536 	 681.543 	 600.577 	 153.398 	 0.249032 	 44 	 45 	 138.727 	 -1.29545 	 1 	 0 	 0 	 NaN 	 NaN 	 NaN 	 NaN 	 44 	 44 	 44 	 0 	 202.483 	 87.904 	 82.9101 	 0.312489 	 265.321 	 37 	 38 	 141.216 	 -30.6057 	 1 	 0 	 0 	 NaN 	 NaN 	 NaN 	 NaN 	 37 	 37 	 37 	 0 	  Tumour 
8 	 272.824 	 202.811 	 241.006 	 605.353 	 10442 	 129.46 	 103.26 	 0.603157 	 0.977166 	 400.96 	 1019.8 	 338.667 	 0.332091 	 686.617 	 876.812 	 18192 	 0.924343 	 612.149 	 665.001 	 985.884 	 816.812 	 0.402116 	 917.991 	 993.257 	 198.521 	 0.201364 	 100 	 477 	 159.38 	 19.3573 	 2 	 2251.44 	 0.215613 	 47.6725 	 47.6725 	 47.6725 	 0 	 55 	 45 	 50 	 7.07107 	 120.227 	 -5.06089 	 36.3965 	 0.198818 	 183.065 	 112 	 154 	 188.223 	 16.4013 	 2 	 3108.27 	 0.29767 	 11.2396 	 11.2396 	 11.2396 	 0 	 62 	 50 	 56 	 8.48528 	  Tumour 
9 	 288.698 	 504.079 	 412.147 	 312.827 	 6819 	 117.998 	 76.7663 	 0.759442 	 0.89913 	 353.061 	 863.568 	 196.772 	 0.227859 	 551.381 	 720.577 	 12127 	 0.831129 	 615.262 	 652.58 	 746.373 	 577.301 	 0.383244 	 756.079 	 745.513 	 230.815 	 0.309249 	 103 	 427 	 153.913 	 13.8899 	 2 	 206.487 	 0.0302812 	 42.9152 	 42.9152 	 42.9152 	 0 	 52 	 51 	 51.5 	 0.707107 	 118.566 	 27.1389 	 28.8651 	 0.15912 	 181.404 	 199 	 1082 	 170.724 	 -1.0983 	 3 	 807.289 	 0.118388 	 37.5936 	 33.1408 	 34.832 	 2.1571 	 73 	 61 	 66.3333 	 6.1101 	  Tumour 
10 	 340.657 	 124.545 	 313.05 	 685.123 	 13402 	 182.134 	 102.069 	 0.828218 	 0.886141 	 551.186 	 1166.82 	 427.275 	 0.366187 	 847.708 	 1023.83 	 18715 	 0.803633 	 736.392 	 629.695 	 788.506 	 619.434 	 0.489855 	 875.062 	 756.756 	 186.179 	 0.236117 	 0 	 0 	 NaN 	 NaN 	 0 	 0 	 0 	 NaN 	 NaN 	 NaN 	 NaN 	 0 	 0 	 NaN 	 NaN 	 174.198 	 28.4686 	 32.2452 	 0.136035 	 237.036 	 150 	 283 	 161.727 	 -10.0953 	 3 	 5800.55 	 0.432812 	 16.6972 	 10.6649 	 13.1753 	 2.80922 	 61 	 40 	 50 	 10.5357 	  Tumour 
11 	 287.839 	 837.794 	 204.443 	 256.891 	 2814 	 81.0759 	 45.2583 	 0.829692 	 0.957794 	 223.865 	 971.181 	 372.364 	 0.383413 	 652.385 	 828.19 	 4194 	 0.89558 	 309.196 	 381.425 	 368.476 	 199.404 	 0.22028 	 455.254 	 356.679 	 58.725 	 0.159373 	 0 	 0 	 NaN 	 NaN 	 0 	 0 	 0 	 NaN 	 NaN 	 NaN 	 NaN 	 0 	 0 	 NaN 	 NaN 	 37.9694 	 14.0207 	 14.3609 	 0.142458 	 100.807 	 85 	 90 	 194.882 	 23.0604 	 1 	 0 	 0 	 NaN 	 NaN 	 NaN 	 NaN 	 85 	 85 	 85 	 0 	  DCIS 
12 	 354.822 	 589.67 	 520.543 	 220.002 	 10718 	 139.65 	 97.8874 	 0.713213 	 0.978098 	 410.375 	 959.838 	 305.22 	 0.317992 	 628.354 	 816.847 	 18150 	 0.890055 	 701.463 	 543.014 	 670.541 	 501.469 	 0.295559 	 781.285 	 648.233 	 151.869 	 0.226488 	 256 	 2856 	 162.355 	 22.3327 	 5 	 2039.17 	 0.190256 	 71.2127 	 30.7352 	 46.2629 	 14.1966 	 63 	 30 	 51.2 	 12.8725 	 79.0216 	 -12.3634 	 18.3892 	 0.12963 	 141.86 	 232 	 1180 	 171.362 	 -0.459849 	 3 	 903.943 	 0.0843388 	 49.091 	 19.2142 	 38.2073 	 14.7642 	 94 	 67 	 77.3333 	 14.5717 	  Tumour 
13 	 362.378 	 893.398 	 245.491 	 303.081 	 5386 	 108.512 	 64.7013 	 0.802793 	 0.958192 	 300.25 	 772.078 	 265.709 	 0.344148 	 458.667 	 629.086 	 7521 	 0.928748 	 393.338 	 359.035 	 347.836 	 178.764 	 0.0437158 	 340.125 	 347.856 	 61.7201 	 0.17744 	 0 	 0 	 NaN 	 NaN 	 0 	 0 	 0 	 NaN 	 NaN 	 NaN 	 NaN 	 0 	 0 	 NaN 	 NaN 	 35.6078 	 5.63676 	 9.64103 	 0.0979324 	 98.4458 	 89 	 99 	 168.551 	 -3.27136 	 1 	 0 	 0 	 NaN 	 NaN 	 NaN 	 NaN 	 89 	 89 	 89 	 0 	  DCIS 
14 	 354.01 	 810.457 	 274.308 	 220.002 	 3202 	 82.2463 	 53.5509 	 0.758988 	 0.877741 	 249.522 	 1402.86 	 694.558 	 0.495101 	 942.054 	 1259.87 	 4588 	 0.913762 	 303.539 	 400.229 	 391.699 	 222.627 	 0.386525 	 424.083 	 380.9 	 82.1652 	 0.209766 	 0 	 0 	 NaN 	 NaN 	 0 	 0 	 0 	 NaN 	 NaN 	 NaN 	 NaN 	 0 	 0 	 NaN 	 NaN 	 35.9596 	 6.16351 	 12.1352 	 0.122829 	 98.7976 	 0 	 0 	 NaN 	 NaN 	 0 	 0 	 0 	 NaN 	 NaN 	 NaN 	 NaN 	 0 	 0 	 NaN 	 NaN 	  DCIS 
15 	 434.691 	 100.602 	 409.883 	 706.191 	 2880 	 78.6693 	 48.4292 	 0.788055 	 0.913126 	 239.966 	 699.697 	 151.529 	 0.216563 	 395.876 	 556.706 	 6320 	 0.86174 	 399.48 	 735.189 	 809.144 	 640.072 	 0.55163 	 877.271 	 780.329 	 163.363 	 0.201897 	 0 	 0 	 NaN 	 NaN 	 0 	 0 	 0 	 NaN 	 NaN 	 NaN 	 NaN 	 0 	 0 	 NaN 	 NaN 	 169.903 	 16.6983 	 26.1038 	 0.112158 	 232.741 	 51 	 53 	 160.824 	 -10.9984 	 1 	 0 	 0 	 NaN 	 NaN 	 NaN 	 NaN 	 51 	 51 	 51 	 0 	  Tumour 
16 	 464.495 	 188.99 	 431.074 	 617.117 	 4388 	 131.253 	 45.863 	 0.936965 	 0.890784 	 323.321 	 877.751 	 304.88 	 0.347343 	 548.009 	 734.76 	 5945 	 0.761886 	 431.338 	 857.809 	 1007.88 	 838.809 	 0.566832 	 1167.33 	 929.927 	 280.8 	 0.278604 	 54 	 57 	 183.87 	 43.8476 	 1 	 0 	 0 	 NaN 	 NaN 	 NaN 	 NaN 	 54 	 54 	 54 	 0 	 176.629 	 19.6151 	 61.03 	 0.254857 	 239.467 	 55 	 56 	 178.345 	 6.52354 	 1 	 0 	 0 	 NaN 	 NaN 	 NaN 	 NaN 	 55 	 55 	 55 	 0 	  Tumour 
17 	 476.033 	 805.783 	 383.099 	 179.836 	 4835 	 135.73 	 47.6001 	 0.936489 	 0.91798 	 350.635 	 1100.3 	 484.956 	 0.440748 	 752.672 	 957.311 	 6970 	 0.928343 	 407.882 	 433.298 	 416.711 	 247.64 	 0.0721649 	 426.821 	 415.723 	 98.6705 	 0.236784 	 0 	 0 	 NaN 	 NaN 	 0 	 0 	 0 	 NaN 	 NaN 	 NaN 	 NaN 	 0 	 0 	 NaN 	 NaN 	 45.4212 	 3.61823 	 13.4067 	 0.123839 	 108.259 	 112 	 123 	 191.92 	 20.0977 	 1 	 0 	 0 	 NaN 	 NaN 	 NaN 	 NaN 	 112 	 112 	 112 	 0 	  DCIS 
18 	 470.659 	 882.149 	 353.638 	 235.716 	 2469 	 66.528 	 50.169 	 0.656755 	 0.932402 	 204.066 	 969.248 	 296.701 	 0.306114 	 680.735 	 826.257 	 3578 	 0.934204 	 263.882 	 358.847 	 320.373 	 151.301 	 0 	 0 	 0 	 85.8206 	 0.267877 	 0 	 0 	 NaN 	 NaN 	 0 	 0 	 0 	 NaN 	 NaN 	 NaN 	 NaN 	 0 	 0 	 NaN 	 NaN 	 27.8331 	 7.60763 	 8.98705 	 0.099117 	 90.6711 	 75 	 78 	 169.427 	 -2.39525 	 1 	 0 	 0 	 NaN 	 NaN 	 NaN 	 NaN 	 75 	 75 	 75 	 0 	  DCIS 
19 	 482.11 	 590.399 	 607.357 	 216.083 	 3267 	 84.5303 	 52.5979 	 0.782828 	 0.929445 	 235.966 	 406.835 	 107.488 	 0.264206 	 193.12 	 263.844 	 11909 	 0.897573 	 504.108 	 565.386 	 643.723 	 474.651 	 0.100858 	 671.553 	 641.445 	 132.001 	 0.205058 	 0 	 0 	 NaN 	 NaN 	 0 	 0 	 0 	 NaN 	 NaN 	 NaN 	 NaN 	 0 	 0 	 NaN 	 NaN 	 120.169 	 17.1751 	 26.7241 	 0.146028 	 183.007 	 0 	 0 	 NaN 	 NaN 	 0 	 0 	 0 	 NaN 	 NaN 	 NaN 	 NaN 	 0 	 0 	 NaN 	 NaN 	  Tumour 
20 	 517.31 	 163.571 	 484.298 	 631.051 	 3090 	 90.7731 	 44.3238 	 0.87268 	 0.935796 	 250.593 	 741.389 	 196.01 	 0.264382 	 452.305 	 598.398 	 5197 	 0.912715 	 346.024 	 904.353 	 998.814 	 829.742 	 0.543478 	 1107.43 	 955.925 	 230.407 	 0.230681 	 43 	 46 	 183.698 	 43.6749 	 1 	 0 	 0 	 NaN 	 NaN 	 NaN 	 NaN 	 43 	 43 	 43 	 0 	 154.333 	 8.98304 	 51.3106 	 0.236269 	 217.171 	 0 	 0 	 NaN 	 NaN 	 0 	 0 	 0 	 NaN 	 NaN 	 NaN 	 NaN 	 0 	 0 	 NaN 	 NaN 	  Tumour 
21 	 622.327 	 701.147 	 785.698 	 85.235 	 5860 	 119.804 	 63.6213 	 0.847344 	 0.948681 	 322.836 	 780.239 	 282.966 	 0.362666 	 520.758 	 637.248 	 8197 	 0.880168 	 442.309 	 433.378 	 444.329 	 275.257 	 0.219512 	 634.444 	 416.644 	 182.484 	 0.410696 	 56 	 57 	 144.036 	 4.01299 	 1 	 0 	 0 	 NaN 	 NaN 	 NaN 	 NaN 	 56 	 56 	 56 	 0 	 61.8434 	 31.3262 	 29.8134 	 0.239116 	 124.681 	 86 	 90 	 171.849 	 0.0269194 	 1 	 0 	 0 	 NaN 	 NaN 	 NaN 	 NaN 	 86 	 86 	 86 	 0 	  Tumour 
22 	 635.998 	 870.447 	 517.607 	 168.074 	 2989 	 86.8151 	 47.3715 	 0.838007 	 0.891973 	 242.007 	 882.158 	 354.633 	 0.402007 	 540.478 	 739.167 	 4488 	 0.856979 	 323.196 	 428.946 	 427.673 	 258.602 	 0.233333 	 488.371 	 418.44 	 132.978 	 0.310934 	 0 	 0 	 NaN 	 NaN 	 0 	 0 	 0 	 NaN 	 NaN 	 NaN 	 NaN 	 0 	 0 	 NaN 	 NaN 	 54.3487 	 11.7312 	 18.5144 	 0.157991 	 117.187 	 0 	 0 	 NaN 	 NaN 	 0 	 0 	 0 	 NaN 	 NaN 	 NaN 	 NaN 	 0 	 0 	 NaN 	 NaN 	  Fib 
23 	 654.106 	 779.824 	 558.198 	 85.235 	 4920 	 153.141 	 54.2567 	 0.935135 	 0.745455 	 389.203 	 956.186 	 392.335 	 0.410312 	 613.94 	 813.195 	 6755 	 0.815427 	 430.309 	 489.556 	 437.724 	 268.652 	 0.336683 	 551.239 	 415.639 	 124.853 	 0.285232 	 0 	 0 	 NaN 	 NaN 	 0 	 0 	 0 	 NaN 	 NaN 	 NaN 	 NaN 	 0 	 0 	 NaN 	 NaN 	 72.2931 	 31.8217 	 28.2448 	 0.209018 	 135.131 	 0 	 0 	 NaN 	 NaN 	 0 	 0 	 0 	 NaN 	 NaN 	 NaN 	 NaN 	 0 	 0 	 NaN 	 NaN 	  Fib 
24 	 671.4 	 435.706 	 687.073 	 344.42 	 3284 	 87.8016 	 51.869 	 0.806853 	 0.863983 	 252.693 	 502.891 	 130.766 	 0.260029 	 291.404 	 359.9 	 14637 	 0.970237 	 475.99 	 508.608 	 603.354 	 434.282 	 0 	 0 	 0 	 194.628 	 0.322577 	 0 	 0 	 NaN 	 NaN 	 0 	 0 	 0 	 NaN 	 NaN 	 NaN 	 NaN 	 0 	 0 	 NaN 	 NaN 	 53.9638 	 7.1185 	 11.6203 	 0.0994874 	 116.802 	 0 	 0 	 NaN 	 NaN 	 0 	 0 	 0 	 NaN 	 NaN 	 NaN 	 NaN 	 0 	 0 	 NaN 	 NaN 	  Tumour 
25 	 668.568 	 940.766 	 542.488 	 167.431 	 3784 	 75.1918 	 64.1968 	 0.520643 	 0.978536 	 238.108 	 1326.56 	 574.048 	 0.432733 	 983.223 	 1183.57 	 5608 	 0.937636 	 325.196 	 407.195 	 415.493 	 246.422 	 0.188742 	 545.333 	 402.857 	 218.94 	 0.526941 	 119 	 239 	 170.294 	 30.2714 	 2 	 540.738 	 0.142901 	 18.3394 	 18.3394 	 18.3394 	 0 	 65 	 54 	 59.5 	 7.77817 	 54.8496 	 19.1124 	 21.4759 	 0.182483 	 117.688 	 153 	 299 	 237.529 	 65.7075 	 2 	 135.054 	 0.0356908 	 20.496 	 20.496 	 20.496 	 0 	 78 	 75 	 76.5 	 2.12132 	  DCIS 
26 	 737.304 	 320.724 	 717.785 	 466.444 	 2593 	 66.712 	 50.2451 	 0.657833 	 0.952608 	 203.924 	 524.515 	 133.968 	 0.255413 	 309.732 	 381.524 	 9395 	 0.953517 	 404.534 	 542.214 	 671.881 	 502.81 	 0.127119 	 761.844 	 662.556 	 159.331 	 0.237141 	 0 	 0 	 NaN 	 NaN 	 0 	 0 	 0 	 NaN 	 NaN 	 NaN 	 NaN 	 0 	 0 	 NaN 	 NaN 	 80.258 	 -0.565263 	 13.049 	 0.0911902 	 143.096 	 0 	 0 	 NaN 	 NaN 	 0 	 0 	 0 	 NaN 	 NaN 	 NaN 	 NaN 	 0 	 0 	 NaN 	 NaN 	  Tumour 
27 	 771.07 	 632.53 	 865.418 	 187.878 	 8296 	 124.982 	 87.8742 	 0.711099 	 0.93455 	 402.902 	 894.583 	 267.625 	 0.299161 	 590.139 	 751.592 	 15125 	 0.894177 	 593.044 	 484.243 	 587.955 	 418.884 	 0.271318 	 678.471 	 574.381 	 137.625 	 0.234073 	 111 	 361 	 153.279 	 13.2566 	 2 	 693.969 	 0.0836511 	 32.55 	 32.55 	 32.55 	 0 	 60 	 51 	 55.5 	 6.36396 	 191.069 	 101.889 	 80.0858 	 0.315414 	 253.907 	 225 	 1010 	 201.107 	 29.2847 	 3 	 2981.87 	 0.359434 	 76.1749 	 34.4854 	 50.9918 	 19.8185 	 136 	 42 	 75 	 52.8867 	  Tumour 
28 	 765.176 	 958.718 	 638.02 	 126.242 	 2723 	 126.275 	 29.0396 	 0.973198 	 0.84961 	 292.233 	 684.185 	 169.587 	 0.247867 	 358.197 	 541.193 	 5046 	 0.88604 	 375.137 	 356.188 	 350.161 	 181.089 	 0.178363 	 418.393 	 343.973 	 117.45 	 0.335418 	 0 	 0 	 NaN 	 NaN 	 0 	 0 	 0 	 NaN 	 NaN 	 NaN 	 NaN 	 0 	 0 	 NaN 	 NaN 	 36.0529 	 0.0195247 	 16.5768 	 0.167627 	 98.8909 	 0 	 0 	 NaN 	 NaN 	 0 	 0 	 0 	 NaN 	 NaN 	 NaN 	 NaN 	 0 	 0 	 NaN 	 NaN 	  Fib 
29 	 800.622 	 837.563 	 1010.68 	 109.932 	 7649 	 114.815 	 85.8047 	 0.664455 	 0.978258 	 344.291 	 1050.05 	 369.811 	 0.352183 	 733.047 	 907.061 	 11895 	 0.925825 	 510.409 	 546.651 	 641.597 	 472.525 	 0.237006 	 818.763 	 612.109 	 211.483 	 0.32962 	 84 	 295 	 165.202 	 25.1797 	 2 	 191.144 	 0.0249894 	 34.8199 	 34.8199 	 34.8199 	 0 	 53 	 31 	 42 	 15.5563 	 182.349 	 84.3525 	 48.9812 	 0.199771 	 245.187 	 216 	 634 	 202.264 	 30.442 	 3 	 219.597 	 0.0287092 	 38.0445 	 18.9951 	 25.9587 	 9.39781 	 108 	 47 	 72 	 31.9531 	  Tumour 
30 	 813.28 	 759.03 	 970.816 	 160.381 	 3337 	 83.9806 	 51.0091 	 0.794403 	 0.954793 	 237.48 	 565.369 	 123.132 	 0.21779 	 266.748 	 422.378 	 9933 	 0.934431 	 480.451 	 523.978 	 632.707 	 463.635 	 0.263514 	 807.017 	 606.345 	 190.589 	 0.301228 	 0 	 0 	 NaN 	 NaN 	 0 	 0 	 0 	 NaN 	 NaN 	 NaN 	 NaN 	 0 	 0 	 NaN 	 NaN 	 49.2966 	 -10.2094 	 8.67617 	 0.0773729 	 112.135 	 0 	 0 	 NaN 	 NaN 	 0 	 0 	 0 	 NaN 	 NaN 	 NaN 	 NaN 	 0 	 0 	 NaN 	 NaN 	  Tumour 
31 	 807.451 	 399.599 	 804.386 	 409.645 	 3668 	 74.878 	 65.4072 	 0.486794 	 0.967045 	 239.782 	 547.385 	 164.291 	 0.300138 	 306.489 	 404.394 	 7946 	 0.827191 	 466.936 	 625.109 	 658.021 	 488.949 	 0.287383 	 753.415 	 637.307 	 136.186 	 0.206963 	 0 	 0 	 NaN 	 NaN 	 0 	 0 	 0 	 NaN 	 NaN 	 NaN 	 NaN 	 0 	 0 	 NaN 	 NaN 	 114.012 	 15.0015 	 28.7888 	 0.162787 	 176.85 	 0 	 0 	 NaN 	 NaN 	 0 	 0 	 0 	 NaN 	 NaN 	 NaN 	 NaN 	 0 	 0 	 NaN 	 NaN 	  Tumour 
32 	 809.688 	 92.6291 	 781.967 	 704.489 	 3041 	 69.3428 	 56.309 	 0.583604 	 0.965397 	 221.38 	 634.506 	 150.355 	 0.236963 	 360.632 	 491.515 	 15071 	 0.806626 	 665.12 	 654.269 	 847.67 	 678.598 	 0.330081 	 819.872 	 854.428 	 182.48 	 0.215273 	 29 	 29 	 136.897 	 -3.12618 	 1 	 0 	 0 	 NaN 	 NaN 	 NaN 	 NaN 	 29 	 29 	 29 	 0 	 78.0762 	 -19.1607 	 18.915 	 0.13423 	 140.914 	 58 	 59 	 147.793 	 -24.0288 	 1 	 0 	 0 	 NaN 	 NaN 	 NaN 	 NaN 	 58 	 58 	 58 	 0 	  Tumour 
33 	 832.153 	 660.16 	 931.58 	 214.672 	 3492 	 85.3616 	 54.3599 	 0.771013 	 0.943274 	 241.037 	 732.729 	 180.107 	 0.245804 	 426.801 	 589.737 	 13040 	 0.948295 	 494.86 	 466.341 	 593.445 	 424.373 	 0.268065 	 673.383 	 579.996 	 136.735 	 0.230409 	 56 	 58 	 163.25 	 23.2273 	 1 	 0 	 0 	 NaN 	 NaN 	 NaN 	 NaN 	 56 	 56 	 56 	 0 	 84.741 	 11.784 	 26.8531 	 0.181957 	 147.579 	 108 	 117 	 201.648 	 29.8262 	 1 	 0 	 0 	 NaN 	 NaN 	 NaN 	 NaN 	 108 	 108 	 108 	 0 	  Tumour 
34 	 842.149 	 940.09 	 715.403 	 109.932 	 2355 	 79.597 	 38.5954 	 0.874578 	 0.964769 	 207.38 	 797.445 	 243.465 	 0.305306 	 438.502 	 654.453 	 3380 	 0.899894 	 281.539 	 555.435 	 484.331 	 315.259 	 0.353846 	 457.185 	 490.107 	 119.368 	 0.24646 	 0 	 0 	 NaN 	 NaN 	 0 	 0 	 0 	 NaN 	 NaN 	 NaN 	 NaN 	 0 	 0 	 NaN 	 NaN 	 87.9883 	 29.9042 	 25.0309 	 0.165959 	 150.826 	 0 	 0 	 NaN 	 NaN 	 0 	 0 	 0 	 NaN 	 NaN 	 NaN 	 NaN 	 0 	 0 	 NaN 	 NaN 	  DCIS 
35 	 881.574 	 479.108 	 899.781 	 377.604 	 8321 	 111.296 	 96.8812 	 0.492195 	 0.949886 	 399.161 	 598.017 	 168.037 	 0.280991 	 333.589 	 455.025 	 14471 	 0.890413 	 605.505 	 727.259 	 805.805 	 636.734 	 0.192727 	 708.708 	 818.968 	 193.08 	 0.239611 	 77 	 146 	 148.714 	 8.69156 	 2 	 370.813 	 0.0445635 	 14.2775 	 14.2775 	 14.2775 	 0 	 45 	 32 	 38.5 	 9.19239 	 238.007 	 72.4387 	 63.6201 	 0.211471 	 300.845 	 77 	 78 	 169.818 	 -2.00374 	 1 	 0 	 0 	 NaN 	 NaN 	 NaN 	 NaN 	 77 	 77 	 77 	 0 	  Tumour 
36 	 889.984 	 993.202 	 763.551 	 178.734 	 5110 	 113.926 	 57.5318 	 0.863123 	 0.973333 	 305.362 	 1123.35 	 428.429 	 0.381385 	 790.753 	 980.358 	 7371 	 0.951834 	 375.681 	 344.533 	 328.709 	 159.637 	 0.165714 	 499.259 	 312.64 	 114.475 	 0.348256 	 0 	 0 	 NaN 	 NaN 	 0 	 0 	 0 	 NaN 	 NaN 	 NaN 	 NaN 	 0 	 0 	 NaN 	 NaN 	 38.4143 	 16.0282 	 15.953 	 0.157557 	 101.252 	 126 	 220 	 189.159 	 17.3368 	 2 	 1245.02 	 0.243643 	 17.8326 	 17.8326 	 17.8326 	 0 	 64 	 62 	 63 	 1.41421 	  DCIS 
37 	 878.483 	 136.925 	 846.145 	 680.9 	 4376 	 99.0312 	 59.249 	 0.801282 	 0.958598 	 279.463 	 638.667 	 200.439 	 0.31384 	 380.836 	 495.675 	 20692 	 0.853278 	 778.919 	 603.49 	 852.343 	 683.271 	 0.423237 	 795.474 	 862.401 	 163.645 	 0.191994 	 0 	 0 	 NaN 	 NaN 	 0 	 0 	 0 	 NaN 	 NaN 	 NaN 	 NaN 	 0 	 0 	 NaN 	 NaN 	 78.8725 	 -1.06605 	 22.3176 	 0.157487 	 141.71 	 0 	 0 	 NaN 	 NaN 	 0 	 0 	 0 	 NaN 	 NaN 	 NaN 	 NaN 	 0 	 0 	 NaN 	 NaN 	  Tumour 
38 	 924.63 	 189.398 	 892.036 	 650.171 	 3471 	 82.99 	 54.7389 	 0.75163 	 0.922402 	 245.38 	 653.289 	 202.67 	 0.31023 	 404.532 	 510.298 	 7816 	 0.872127 	 434.794 	 674.406 	 691.742 	 522.671 	 0.2625 	 809.333 	 674.504 	 177.568 	 0.256697 	 0 	 0 	 NaN 	 NaN 	 0 	 0 	 0 	 NaN 	 NaN 	 NaN 	 NaN 	 0 	 0 	 NaN 	 NaN 	 152.203 	 55.5847 	 43.7852 	 0.203613 	 215.041 	 0 	 0 	 NaN 	 NaN 	 0 	 0 	 0 	 NaN 	 NaN 	 NaN 	 NaN 	 0 	 0 	 NaN 	 NaN 	  Tumour 
39 	 975.156 	 738.089 	 1094.36 	 241.853 	 2839 	 69.5067 	 52.6663 	 0.652586 	 0.967621 	 213.238 	 540.256 	 110.712 	 0.204925 	 254.677 	 397.265 	 5733 	 0.894803 	 367.095 	 603.015 	 713.182 	 544.11 	 0.258065 	 898.67 	 677.645 	 186.257 	 0.261163 	 56 	 59 	 176.357 	 36.3344 	 1 	 0 	 0 	 NaN 	 NaN 	 NaN 	 NaN 	 56 	 56 	 56 	 0 	 98.3251 	 2.32226 	 22.3351 	 0.138587 	 161.163 	 0 	 0 	 NaN 	 NaN 	 0 	 0 	 0 	 NaN 	 NaN 	 NaN 	 NaN 	 0 	 0 	 NaN 	 NaN 	  Tumour 
40 	 1036.7 	 992.873 	 910.462 	 202.181 	 4511 	 120.033 	 49.4744 	 0.911105 	 0.927617 	 320.735 	 790.029 	 182.536 	 0.23105 	 490.348 	 647.038 	 6333 	 0.94157 	 378.024 	 382.301 	 404.613 	 235.541 	 0 	 0 	 0 	 133.562 	 0.330099 	 0 	 0 	 NaN 	 NaN 	 0 	 0 	 0 	 NaN 	 NaN 	 NaN 	 NaN 	 0 	 0 	 NaN 	 NaN 	 40.8523 	 0.841336 	 20.6659 	 0.199304 	 103.69 	 104 	 141 	 224.221 	 52.3992 	 2 	 1383.01 	 0.306587 	 9.74092 	 9.74092 	 9.74092 	 0 	 54 	 50 	 52 	 2.82843 	  DCIS 
41 	 1049.36 	 666.233 	 1125.82 	 317.002 	 10153 	 122.403 	 105.836 	 0.502367 	 0.980303 	 389.889 	 934.327 	 371.314 	 0.397414 	 574.882 	 791.336 	 15141 	 0.934284 	 558.593 	 578.769 	 814.589 	 645.517 	 0.279923 	 834.876 	 811.062 	 173.769 	 0.213321 	 155 	 607 	 173.877 	 33.8547 	 3 	 2772.22 	 0.273044 	 36.3913 	 21.3432 	 26.5619 	 7.6187 	 62 	 35 	 51.6667 	 14.5717 	 101.055 	 -7.26148 	 40.8756 	 0.249404 	 163.893 	 295 	 1939 	 311.783 	 139.961 	 5 	 1678.44 	 0.165315 	 58.6674 	 16.167 	 36.7436 	 11.4476 	 83 	 41 	 59 	 17.3205 	  Tumour 
42 	 1104.89 	 545.29 	 1132.11 	 320.938 	 10345 	 133.3 	 100.764 	 0.654667 	 0.933917 	 435.144 	 834.534 	 269.457 	 0.322884 	 526.96 	 691.543 	 63008 	 0.982749 	 1043.02 	 387.49 	 623.63 	 454.558 	 0.193798 	 704.663 	 613.647 	 166.827 	 0.267509 	 45 	 45 	 129.933 	 -10.0894 	 1 	 0 	 0 	 NaN 	 NaN 	 NaN 	 NaN 	 45 	 45 	 45 	 0 	 143.802 	 99.9297 	 59.9538 	 0.290137 	 206.64 	 0 	 0 	 NaN 	 NaN 	 0 	 0 	 0 	 NaN 	 NaN 	 NaN 	 NaN 	 0 	 0 	 NaN 	 NaN 	  Tumour 
43 	 1167.94 	 839.258 	 1311.94 	 202.181 	 10667 	 124.09 	 109.629 	 0.468501 	 0.980964 	 403.688 	 1091.87 	 396.457 	 0.3631 	 761.07 	 948.878 	 15521 	 0.912249 	 601.22 	 596.222 	 682.951 	 513.879 	 0 	 0 	 0 	 135.68 	 0.198667 	 268 	 6003 	 187.407 	 47.384 	 5 	 2376.02 	 0.222745 	 108.46 	 27.5718 	 72.2436 	 23.8601 	 92 	 25 	 53.6 	 24.8153 	 141.998 	 41.9697 	 33.9257 	 0.165624 	 204.836 	 288 	 2275 	 333.986 	 162.164 	 5 	 2602.97 	 0.24402 	 71.4107 	 11.4229 	 46.8915 	 20.7468 	 79 	 46 	 57.6 	 14.7071 	  Tumour 
44 	 1196.99 	 147.591 	 1164.47 	 617.811 	 6450 	 113.471 	 74.4937 	 0.754325 	 0.940919 	 358.676 	 833.708 	 279.989 	 0.335835 	 539.809 	 690.717 	 24858 	 0.930732 	 682.399 	 574.092 	 742.338 	 573.266 	 0.154622 	 805.359 	 739.168 	 175.13 	 0.235917 	 51 	 52 	 160.196 	 20.1734 	 1 	 0 	 0 	 NaN 	 NaN 	 NaN 	 NaN 	 51 	 51 	 51 	 0 	 129.466 	 49.7727 	 37.0967 	 0.192906 	 192.304 	 67 	 71 	 173.642 	 1.81987 	 1 	 0 	 0 	 NaN 	 NaN 	 NaN 	 NaN 	 67 	 67 	 67 	 0 	  Tumour 
45 	 1274.38 	 567 	 1299.64 	 195.98 	 6572 	 108.634 	 77.3794 	 0.701883 	 0.973918 	 320.978 	 998.923 	 355.078 	 0.355461 	 678.822 	 855.932 	 10230 	 0.879017 	 487.522 	 517.11 	 620.027 	 450.955 	 0.278396 	 632.28 	 613.646 	 233.062 	 0.37589 	 128 	 385 	 167.492 	 27.4695 	 2 	 220.514 	 0.0335535 	 33.1635 	 33.1635 	 33.1635 	 0 	 65 	 63 	 64 	 1.41421 	 87.1973 	 30.4631 	 20.8419 	 0.138914 	 150.035 	 135 	 295 	 189.378 	 17.5559 	 2 	 3145.27 	 0.478586 	 21.2653 	 21.2653 	 21.2653 	 0 	 79 	 56 	 67.5 	 16.2635 	  Tumour 
46 	 1278.69 	 445.853 	 1273.87 	 308.756 	 4018 	 87.4112 	 58.9475 	 0.738393 	 0.961704 	 254.25 	 715.914 	 188.495 	 0.263292 	 448.645 	 572.923 	 11921 	 0.958896 	 457.137 	 476.829 	 660.335 	 491.263 	 0.429245 	 656.495 	 660.533 	 190.473 	 0.28845 	 0 	 0 	 NaN 	 NaN 	 0 	 0 	 0 	 NaN 	 NaN 	 NaN 	 NaN 	 0 	 0 	 NaN 	 NaN 	 129.718 	 58.2155 	 44.978 	 0.233584 	 192.556 	 0 	 0 	 NaN 	 NaN 	 0 	 0 	 0 	 NaN 	 NaN 	 NaN 	 NaN 	 0 	 0 	 NaN 	 NaN 	  Tumour 
47 	 1292.56 	 664.079 	 1349.4 	 102.616 	 2151 	 69.9343 	 40.6088 	 0.814139 	 0.94591 	 200.409 	 691.139 	 141.083 	 0.20413 	 383.397 	 548.148 	 4573 	 0.803691 	 353.681 	 614.19 	 650.604 	 481.532 	 0.256098 	 675.643 	 646.115 	 81.2374 	 0.124865 	 0 	 0 	 NaN 	 NaN 	 0 	 0 	 0 	 NaN 	 NaN 	 NaN 	 NaN 	 0 	 0 	 NaN 	 NaN 	 133.817 	 17.8971 	 21.6074 	 0.109875 	 196.655 	 0 	 0 	 NaN 	 NaN 	 0 	 0 	 0 	 NaN 	 NaN 	 NaN 	 NaN 	 0 	 0 	 NaN 	 NaN 	  Tumour 
48 	 1302.56 	 192.196 	 1270.05 	 555.534 	 6596 	 119.305 	 72.6628 	 0.79313 	 0.950843 	 333.907 	 764.277 	 186.263 	 0.243712 	 444.559 	 621.285 	 13310 	 0.850208 	 612.149 	 633.03 	 778.198 	 609.126 	 0.220459 	 747.904 	 778.569 	 147.236 	 0.189202 	 0 	 0 	 NaN 	 NaN 	 0 	 0 	 0 	 NaN 	 NaN 	 NaN 	 NaN 	 0 	 0 	 NaN 	 NaN 	 139.581 	 22.3287 	 34.5621 	 0.170746 	 202.419 	 62 	 64 	 147.21 	 -24.6122 	 1 	 0 	 0 	 NaN 	 NaN 	 NaN 	 NaN 	 62 	 62 	 62 	 0 	  Tumour 
49 	 1344.7 	 347.118 	 1322.46 	 398.152 	 5173 	 93.7481 	 70.5608 	 0.658405 	 0.976406 	 280.593 	 878.115 	 213.005 	 0.242571 	 528.7 	 735.123 	 10022 	 0.860627 	 502.936 	 560.035 	 686.765 	 517.693 	 0.185345 	 733.302 	 684.408 	 196.235 	 0.285739 	 45 	 45 	 143.556 	 3.53283 	 1 	 0 	 0 	 NaN 	 NaN 	 NaN 	 NaN 	 45 	 45 	 45 	 0 	 122.783 	 34.0972 	 35.8345 	 0.193052 	 185.621 	 44 	 46 	 146 	 -25.8219 	 1 	 0 	 0 	 NaN 	 NaN 	 NaN 	 NaN 	 44 	 44 	 44 	 0 	  Tumour 
50 	 1355.55 	 745.426 	 1248.36 	 76.531 	 1155 	 61.5861 	 25.0722 	 0.91338 	 0.925481 	 151.681 	 787.966 	 263.059 	 0.333846 	 511.486 	 644.975 	 3108 	 0.831016 	 292.711 	 526.367 	 523.533 	 354.461 	 0 	 0 	 0 	 85.8785 	 0.164036 	 0 	 0 	 0 	 -140.023 	 0 	 0 	 0 	 NaN 	 NaN 	 NaN 	 NaN 	 0 	 0 	 NaN 	 NaN 	 77.4382 	 18.3341 	 20.8719 	 0.148791 	 140.276 	 0 	 0 	 0 	 -171.822 	 0 	 0 	 0 	 NaN 	 NaN 	 NaN 	 NaN 	 0 	 0 	 NaN 	 NaN 	  Other 
51 	 1364.72 	 668.647 	 1418.58 	 76.531 	 1987 	 55.061 	 46.5387 	 0.534416 	 0.947544 	 181.338 	 658.207 	 120.555 	 0.183157 	 399.815 	 515.216 	 3152 	 0.958637 	 238.083 	 532.529 	 492.839 	 323.767 	 0.294643 	 652.727 	 485.373 	 157.497 	 0.319571 	 0 	 0 	 0 	 -140.023 	 0 	 0 	 0 	 NaN 	 NaN 	 NaN 	 NaN 	 0 	 0 	 NaN 	 NaN 	 120.4 	 39.9674 	 33.3672 	 0.182098 	 183.238 	 0 	 0 	 0 	 -171.822 	 0 	 0 	 0 	 NaN 	 NaN 	 NaN 	 NaN 	 0 	 0 	 NaN 	 NaN 	  Tumour 
