rownames 	XLoc 	YLoc 	NNDistSame 	NNDistOpp 	dapi_Area 	dapi_MajorAxisLength 	dapi_MinorAxisLength 	dapi_Eccentricity 	dapi_Solidity 	dapi_Perimeter 	dapi_MeanIntensity 	dapi_PixelSD 	dapi_PixelCV 	dapi_NucAdjustedInt 	dapi_BackAdjustedInt 	memb_Area 	memb_Solidity 	memb_Perimeter 	memb_MeanIntensity 	memb_MembraneIntensity 	memb_temp 	memb_pcTouch 	memb_OverLapIntensity 	memb_nonLapIntensity 	memb_PixelSD 	memb_PixelCV 	cent_Area 	cent_ConvexArea 	cent_MeanIntensity 	cent_BackAdjustedInt 	cent_CN 	cent_AreaSD 	cent_CoeffVar 	cent_MaxSpotDist 	cent_MinSpotDist 	cent_MeanSpotDist 	cent_SDSpotDist 	cent_SpotAreaMax 	cent_SpotAreaMin 	cent_SpotAreaMean 	cent_SpotAreaSD 	nucl_BackgroundAdjust 	nucl_NuclearAdjustedInt 	nucl_PixelSD 	nucl_PixelCV 	nucl_MeanIntensity 	Her2_Area 	Her2_ConvexArea 	Her2_MeanIntensity 	Her2_BackAdjustedInt 	Her2_CN 	Her2_AreaSD 	Her2_CoeffVar 	Her2_MaxSpotDist 	Her2_MinSpotDist 	Her2_MeanSpotDist 	Her2_SDSpotDist 	Her2_SpotAreaMax 	Her2_SpotAreaMin 	Her2_SpotAreaMean 	Her2_SpotAreaSD 	CellLabels 	
1 	 50.4158 	 395.606 	 277.417 	 362.271 	 6898 	 97.6034 	 91.0185 	 0.361081 	 0.959255 	 330.978 	 797.101 	 197.947 	 0.248334 	 317.622 	 689.631 	 15243 	 0.940578 	 526.853 	 576.878 	 857.291 	 727.51 	 0 	 0 	 0 	 330.085 	 0.385032 	 53 	 53 	 116.453 	 20.7522 	 1 	 0 	 0 	 NaN 	 NaN 	 NaN 	 NaN 	 53 	 53 	 53 	 0 	 106.145 	 -7.41787 	 26.7261 	 0.169696 	 157.494 	 71 	 71 	 176.085 	 58.0081 	 1 	 0 	 0 	 NaN 	 NaN 	 NaN 	 NaN 	 71 	 71 	 71 	 0 	  Tumour 
2 	 36.4003 	 34 	 982.855 	 345.636 	 1194 	 43.6578 	 35.3036 	 0.588298 	 0.962903 	 133.154 	 864.584 	 235.011 	 0.271819 	 447.697 	 757.114 	 2098 	 0.976723 	 178.627 	 286.264 	 273.523 	 143.743 	 0 	 0 	 0 	 48.0031 	 0.175499 	 0 	 0 	 NaN 	 NaN 	 0 	 0 	 0 	 NaN 	 NaN 	 NaN 	 NaN 	 0 	 0 	 NaN 	 NaN 	 26.67 	 -4.17593 	 10.021 	 0.128442 	 78.0193 	 0 	 0 	 NaN 	 NaN 	 0 	 0 	 0 	 NaN 	 NaN 	 NaN 	 NaN 	 0 	 0 	 NaN 	 NaN 	  Other 
3 	 128.084 	 761.05 	 112.294 	 732.798 	 5036 	 105.46 	 61.4214 	 0.812892 	 0.94983 	 296.149 	 972.834 	 328.378 	 0.337548 	 533.953 	 865.365 	 9391 	 0.877336 	 489.622 	 471.677 	 545.634 	 415.854 	 0 	 0 	 545.081 	 186.632 	 0.342046 	 0 	 0 	 NaN 	 NaN 	 0 	 0 	 0 	 NaN 	 NaN 	 NaN 	 NaN 	 0 	 0 	 NaN 	 NaN 	 170.305 	 87.3494 	 62.515 	 0.282038 	 221.655 	 0 	 0 	 NaN 	 NaN 	 0 	 0 	 0 	 NaN 	 NaN 	 NaN 	 NaN 	 0 	 0 	 NaN 	 NaN 	  Tumour 
4 	 154.754 	 870.093 	 485.49 	 844.427 	 4825 	 81.4296 	 76.4995 	 0.34267 	 0.966546 	 274.836 	 740.339 	 227.883 	 0.307809 	 108.431 	 632.869 	 9335 	 0.83617 	 500.693 	 468.775 	 596.445 	 466.664 	 0.166307 	 689.636 	 583.807 	 178.658 	 0.299538 	 0 	 0 	 NaN 	 NaN 	 0 	 0 	 0 	 NaN 	 NaN 	 NaN 	 NaN 	 0 	 0 	 NaN 	 NaN 	 117.5 	 -2.44659 	 16.0962 	 0.0953286 	 168.849 	 0 	 0 	 NaN 	 NaN 	 0 	 0 	 0 	 NaN 	 NaN 	 NaN 	 NaN 	 0 	 0 	 NaN 	 NaN 	  Tumour 
5 	 237.907 	 826.129 	 469.302 	 783.261 	 4975 	 87.3876 	 73.286 	 0.544698 	 0.971111 	 280.108 	 777.456 	 190.617 	 0.245181 	 473.054 	 669.986 	 12248 	 0.905917 	 529.421 	 449.414 	 701.066 	 571.285 	 0.141393 	 702.232 	 699.407 	 202.36 	 0.288647 	 53 	 55 	 109.962 	 14.2616 	 1 	 0 	 0 	 NaN 	 NaN 	 NaN 	 NaN 	 53 	 53 	 53 	 0 	 96.2249 	 5.83347 	 25.3725 	 0.17193 	 147.574 	 0 	 0 	 NaN 	 NaN 	 0 	 0 	 0 	 NaN 	 NaN 	 NaN 	 NaN 	 0 	 0 	 NaN 	 NaN 	  Tumour 
6 	 294.385 	 264.24 	 277.417 	 345.636 	 5097 	 100.762 	 65.939 	 0.756148 	 0.952888 	 298.919 	 954.19 	 291.297 	 0.305282 	 659.022 	 846.72 	 15499 	 0.950159 	 542.375 	 467.839 	 575.766 	 445.986 	 0 	 0 	 0 	 298.667 	 0.518729 	 73 	 743 	 112.027 	 16.3268 	 2 	 665.762 	 0.130618 	 83.9792 	 83.9792 	 83.9792 	 0 	 43 	 30 	 36.5 	 9.19239 	 123.129 	 -3.47924 	 30.952 	 0.177398 	 174.478 	 112 	 491 	 156.116 	 38.0397 	 2 	 652.031 	 0.127924 	 49.5704 	 49.5704 	 49.5704 	 0 	 68 	 44 	 56 	 16.9706 	  Tumour 
7 	 351.348 	 910.768 	 596.512 	 656.478 	 10392 	 159.436 	 83.8379 	 0.850582 	 0.963918 	 471.99 	 1486.5 	 451.612 	 0.303809 	 863.013 	 1379.03 	 24314 	 0.906495 	 838.701 	 427.566 	 618.505 	 488.725 	 0.0828947 	 729.413 	 614.163 	 232.959 	 0.376648 	 186 	 1791 	 131.134 	 35.4338 	 3 	 1421.79 	 0.136816 	 115.949 	 59.009 	 78.0457 	 29.3595 	 69 	 54 	 62 	 7.54983 	 109.953 	 -2.48977 	 27.3317 	 0.169444 	 161.302 	 337 	 3159 	 220.828 	 102.752 	 4 	 575.442 	 0.0553736 	 99.123 	 41.3228 	 61.5035 	 22.0297 	 105 	 70 	 84.25 	 14.7733 	  Tumour 
8 	 313.569 	 575.752 	 319.525 	 609.137 	 4051 	 93.9453 	 55.3407 	 0.80808 	 0.973564 	 257.522 	 1175.68 	 469.58 	 0.399411 	 891.368 	 1068.21 	 9460 	 0.846987 	 473.38 	 447.432 	 473.585 	 343.805 	 0 	 0 	 0 	 223.801 	 0.472568 	 114 	 637 	 115.333 	 19.6327 	 2 	 466.115 	 0.115062 	 60.0071 	 60.0071 	 60.0071 	 0 	 62 	 52 	 57 	 7.07107 	 46.3758 	 -0.655525 	 16.547 	 0.169322 	 97.725 	 73 	 76 	 199.945 	 81.8688 	 1 	 0 	 0 	 NaN 	 NaN 	 NaN 	 NaN 	 73 	 73 	 73 	 0 	  Tumour 
9 	 428.824 	 702.133 	 487.111 	 646.363 	 2484 	 78.7306 	 40.4106 	 0.858224 	 0.959815 	 208.208 	 758.901 	 200.782 	 0.264569 	 423.263 	 651.432 	 8352 	 0.93496 	 383.966 	 582.563 	 705.874 	 576.094 	 0.174286 	 776.393 	 693.266 	 224.193 	 0.31761 	 0 	 0 	 NaN 	 NaN 	 0 	 0 	 0 	 NaN 	 NaN 	 NaN 	 NaN 	 0 	 0 	 NaN 	 NaN 	 99.369 	 5.91148 	 16.1835 	 0.107376 	 150.718 	 0 	 0 	 NaN 	 NaN 	 0 	 0 	 0 	 NaN 	 NaN 	 NaN 	 NaN 	 0 	 0 	 NaN 	 NaN 	  Tumour 
10 	 492.513 	 595.501 	 486.055 	 582.365 	 7315 	 142.84 	 67.3016 	 0.882044 	 0.933989 	 379.061 	 826.092 	 236.379 	 0.286141 	 505.91 	 718.622 	 9719 	 0.876138 	 482.794 	 479.109 	 626.163 	 496.382 	 0.435268 	 731.841 	 592.485 	 263.108 	 0.420192 	 83 	 698 	 106.518 	 10.8175 	 2 	 683.73 	 0.0934695 	 84.7762 	 84.7762 	 84.7762 	 0 	 43 	 40 	 41.5 	 2.12132 	 116.115 	 -10.3436 	 35.6478 	 0.212868 	 167.464 	 196 	 1634 	 153.663 	 35.5869 	 3 	 557.678 	 0.0762376 	 73.6434 	 23.8186 	 54.5648 	 24.0454 	 70 	 63 	 65.3333 	 4.04145 	  Tumour 
11 	 525.68 	 906.16 	 697.622 	 484.803 	 10211 	 134.238 	 98.0345 	 0.683124 	 0.976662 	 402.617 	 935.574 	 324.567 	 0.346917 	 599.904 	 828.104 	 11263 	 0.849333 	 524.593 	 386.786 	 539.539 	 409.759 	 0.464876 	 592.004 	 531.512 	 205.67 	 0.381196 	 210 	 2298 	 106.952 	 11.2518 	 4 	 1794.68 	 0.175759 	 79.5426 	 30.3546 	 51.4021 	 19.0978 	 59 	 45 	 52.5 	 5.74456 	 45.1842 	 -25.9543 	 19.6225 	 0.203272 	 96.5334 	 439 	 1851 	 177.631 	 59.5546 	 6 	 2623.59 	 0.256938 	 58.5322 	 11.2045 	 33.8412 	 14.1618 	 88 	 53 	 73.1667 	 12.7971 	  Tumour 
12 	 574.276 	 968.744 	 776.47 	 428.351 	 7302 	 149.652 	 63.8857 	 0.904301 	 0.962055 	 382.274 	 1415.78 	 636.449 	 0.44954 	 1059.57 	 1308.31 	 10901 	 0.882458 	 546.35 	 441.844 	 492.337 	 362.557 	 0.382643 	 616.175 	 457.249 	 253.187 	 0.514256 	 0 	 0 	 NaN 	 NaN 	 0 	 0 	 0 	 NaN 	 NaN 	 NaN 	 NaN 	 0 	 0 	 NaN 	 NaN 	 45.8548 	 4.0301 	 17.7992 	 0.183111 	 97.2041 	 61 	 63 	 192.213 	 74.1367 	 1 	 0 	 0 	 NaN 	 NaN 	 NaN 	 NaN 	 61 	 61 	 61 	 0 	  Tumour 
13 	 582.066 	 463.543 	 536.328 	 441.475 	 8508 	 129.441 	 85.8232 	 0.748594 	 0.93269 	 399.831 	 914.202 	 290.55 	 0.317818 	 596.536 	 806.732 	 11059 	 0.882884 	 534.392 	 390.263 	 514.148 	 384.367 	 0.502049 	 637.016 	 466.246 	 179.96 	 0.350017 	 180 	 1265 	 123 	 27.2994 	 3 	 2455.88 	 0.288655 	 68.2555 	 13.9367 	 50.1165 	 28.0248 	 71 	 54 	 60 	 9.53939 	 117.252 	 20.5422 	 49.9951 	 0.296529 	 168.601 	 109 	 120 	 171.339 	 53.2631 	 1 	 0 	 0 	 NaN 	 NaN 	 NaN 	 NaN 	 109 	 109 	 109 	 0 	  Tumour 
14 	 612.749 	 719.704 	 649.573 	 480.243 	 14689 	 161.292 	 122.551 	 0.650147 	 0.926459 	 517.529 	 1975.34 	 886.913 	 0.448992 	 1580.5 	 1867.87 	 55384 	 0.984569 	 924.247 	 259.197 	 532.131 	 402.351 	 0.349442 	 601.064 	 514.23 	 221.437 	 0.416132 	 307 	 3761 	 135.922 	 40.2212 	 4 	 3987.59 	 0.271468 	 87.9718 	 20.2031 	 61.1781 	 24.7009 	 95 	 45 	 76.75 	 21.945 	 39.7937 	 14.6067 	 17.4018 	 0.190929 	 91.1429 	 1199 	 9609 	 212.563 	 94.4866 	 10 	 1680.39 	 0.114398 	 122.862 	 15.5126 	 62.1451 	 26.699 	 187 	 56 	 109 	 39.7039 	  Tumour 
15 	 577.635 	 91.8258 	 609.262 	 451.774 	 4031 	 100.094 	 54.7697 	 0.837013 	 0.929444 	 281.865 	 881.87 	 277.658 	 0.314851 	 603.072 	 774.4 	 7128 	 0.875461 	 420.167 	 548.495 	 621.196 	 491.416 	 0 	 0 	 0 	 245.81 	 0.395704 	 0 	 0 	 NaN 	 NaN 	 0 	 0 	 0 	 NaN 	 NaN 	 NaN 	 NaN 	 0 	 0 	 NaN 	 NaN 	 103.163 	 17.3548 	 24.3184 	 0.157389 	 154.512 	 0 	 0 	 NaN 	 NaN 	 0 	 0 	 0 	 NaN 	 NaN 	 NaN 	 NaN 	 0 	 0 	 NaN 	 NaN 	  Tumour 
16 	 589.629 	 559.154 	 564.065 	 480.983 	 6545 	 119.27 	 71.6869 	 0.799215 	 0.958974 	 340.333 	 919.074 	 284.036 	 0.309046 	 565.643 	 811.604 	 16262 	 0.909762 	 615.789 	 501.117 	 748.889 	 619.109 	 0.615942 	 619.691 	 801.545 	 208.601 	 0.278547 	 109 	 154 	 118.294 	 22.593 	 2 	 553.304 	 0.0845384 	 10.1536 	 10.1536 	 10.1536 	 0 	 59 	 50 	 54.5 	 6.36396 	 165.144 	 -1.04495 	 47.6543 	 0.220119 	 216.493 	 0 	 0 	 NaN 	 NaN 	 0 	 0 	 0 	 NaN 	 NaN 	 NaN 	 NaN 	 0 	 0 	 NaN 	 NaN 	  Tumour 
17 	 621.408 	 394.099 	 571.004 	 380.643 	 1803 	 62.8259 	 37.2364 	 0.80543 	 0.936623 	 178.066 	 642.509 	 137.059 	 0.213319 	 365.977 	 535.039 	 6495 	 0.82309 	 459.806 	 429.146 	 523.189 	 393.408 	 0.184019 	 463.882 	 527.184 	 165.373 	 0.316086 	 0 	 0 	 NaN 	 NaN 	 0 	 0 	 0 	 NaN 	 NaN 	 NaN 	 NaN 	 0 	 0 	 NaN 	 NaN 	 140.431 	 41.0354 	 41.4085 	 0.215916 	 191.78 	 70 	 71 	 163.571 	 45.495 	 1 	 0 	 0 	 NaN 	 NaN 	 NaN 	 NaN 	 70 	 70 	 70 	 0 	  Tumour 
18 	 652.666 	 887.294 	 777.618 	 366.824 	 3720 	 94.7589 	 52.5029 	 0.832471 	 0.943205 	 264.836 	 761.459 	 202.086 	 0.265393 	 412.975 	 653.99 	 5549 	 0.832933 	 370.409 	 570.832 	 846.446 	 716.665 	 0.674487 	 917.804 	 798.971 	 295.198 	 0.348751 	 123 	 573 	 114.431 	 18.7303 	 2 	 541.803 	 0.145646 	 55.9076 	 55.9076 	 55.9076 	 0 	 66 	 57 	 61.5 	 6.36396 	 102.144 	 13.5524 	 24.5675 	 0.160056 	 153.493 	 144 	 257 	 170.812 	 52.7361 	 2 	 729.415 	 0.196079 	 17.9436 	 17.9436 	 17.9436 	 0 	 73 	 71 	 72 	 1.41421 	  Tumour 
19 	 725.351 	 931.808 	 861.929 	 284.986 	 4114 	 103.425 	 51.3225 	 0.868191 	 0.958974 	 271.321 	 800.871 	 255.117 	 0.318549 	 504.318 	 693.401 	 6815 	 0.94456 	 372.752 	 463.603 	 604.551 	 474.77 	 0.292754 	 962.723 	 535.759 	 357.092 	 0.590673 	 63 	 63 	 118.444 	 22.7438 	 1 	 0 	 0 	 NaN 	 NaN 	 NaN 	 NaN 	 63 	 63 	 63 	 0 	 78.7434 	 -0.579017 	 23.596 	 0.181378 	 130.093 	 51 	 52 	 152.922 	 34.8452 	 1 	 0 	 0 	 NaN 	 NaN 	 NaN 	 NaN 	 51 	 51 	 51 	 0 	  Tumour 
20 	 794.902 	 659.117 	 790.059 	 400.964 	 9117 	 168.06 	 71.2133 	 0.905785 	 0.95466 	 424.475 	 786.927 	 259.267 	 0.329467 	 458.443 	 679.457 	 14011 	 0.81883 	 603.889 	 486.4 	 784.28 	 654.499 	 0.38674 	 698.224 	 799.95 	 243.564 	 0.310557 	 74 	 75 	 134.338 	 38.6372 	 1 	 0 	 0 	 NaN 	 NaN 	 NaN 	 NaN 	 74 	 74 	 74 	 0 	 96.7864 	 -25.5262 	 29.9206 	 0.201981 	 148.136 	 45 	 45 	 165.444 	 47.3681 	 1 	 0 	 0 	 NaN 	 NaN 	 NaN 	 NaN 	 45 	 45 	 45 	 0 	  Tumour 
21 	 805.675 	 813.054 	 863.38 	 272.259 	 9788 	 130.149 	 96.655 	 0.669684 	 0.960361 	 400.475 	 774.803 	 215.484 	 0.278114 	 460.163 	 667.333 	 16066 	 0.914348 	 603.563 	 435.154 	 702.658 	 572.877 	 0.47491 	 704.242 	 699.931 	 216.838 	 0.308597 	 0 	 0 	 NaN 	 NaN 	 0 	 0 	 0 	 NaN 	 NaN 	 NaN 	 NaN 	 0 	 0 	 NaN 	 NaN 	 76.7453 	 -21.4528 	 21.7536 	 0.169825 	 128.095 	 66 	 67 	 158.091 	 40.0145 	 1 	 0 	 0 	 NaN 	 NaN 	 NaN 	 NaN 	 66 	 66 	 66 	 0 	  Tumour 
22 	 840.111 	 160.631 	 824.212 	 192.2 	 11862 	 157.976 	 98.2341 	 0.783153 	 0.958778 	 447.647 	 1107.86 	 361.998 	 0.326755 	 754.955 	 1000.39 	 14330 	 0.909322 	 571.865 	 393.315 	 530.649 	 400.868 	 0.28785 	 615.812 	 514.637 	 174.345 	 0.32855 	 207 	 1177 	 112.391 	 16.6907 	 4 	 2065.63 	 0.174138 	 50.4514 	 24.4994 	 31.7205 	 9.11036 	 57 	 37 	 51.75 	 9.84463 	 76.5681 	 -7.22287 	 29.9169 	 0.233877 	 127.917 	 358 	 2977 	 156.003 	 37.9264 	 6 	 3064.42 	 0.258339 	 77.2575 	 14.5452 	 43.2975 	 18.369 	 78 	 47 	 59.6667 	 13.3217 	  Tumour 
23 	 837.701 	 264.107 	 798.979 	 149.626 	 9893 	 132.324 	 100.281 	 0.652436 	 0.946065 	 407.421 	 1185.3 	 409.633 	 0.345594 	 808.68 	 1077.83 	 15311 	 0.883548 	 619.664 	 407.842 	 544.388 	 414.608 	 0.655113 	 564.124 	 537.427 	 135.331 	 0.248592 	 303 	 2340 	 118.772 	 23.0717 	 5 	 1573.71 	 0.159073 	 73.39 	 18.1005 	 40.3364 	 14.6973 	 78 	 38 	 60.6 	 16.2111 	 84.0428 	 -41.7592 	 28.5827 	 0.211111 	 135.392 	 327 	 1421 	 180.813 	 62.7371 	 5 	 1542.31 	 0.155899 	 42.2245 	 11.5243 	 28.1583 	 10.8773 	 77 	 55 	 65.4 	 10.5262 	  Tumour 
24 	 849.434 	 380.47 	 799.16 	 166.148 	 6431 	 103.558 	 79.6455 	 0.63914 	 0.967504 	 313.563 	 885.308 	 196.62 	 0.222092 	 543.933 	 777.838 	 11226 	 0.879781 	 509.037 	 544.624 	 803.011 	 673.23 	 0.509514 	 638.61 	 867.062 	 315.587 	 0.393004 	 43 	 44 	 114.86 	 19.1598 	 1 	 0 	 0 	 NaN 	 NaN 	 NaN 	 NaN 	 43 	 43 	 43 	 0 	 180.771 	 55.2317 	 50.167 	 0.216125 	 232.12 	 57 	 61 	 133.667 	 15.5903 	 1 	 0 	 0 	 NaN 	 NaN 	 NaN 	 NaN 	 57 	 57 	 57 	 0 	  Tumour 
25 	 942.059 	 488.047 	 896.732 	 189.402 	 12010 	 163.003 	 94.5857 	 0.814425 	 0.968158 	 449.103 	 944.457 	 301.907 	 0.319662 	 596.757 	 836.988 	 21271 	 0.943951 	 632.534 	 440.024 	 695.887 	 566.106 	 0.314433 	 754.59 	 686.151 	 235.566 	 0.338511 	 248 	 1420 	 124.492 	 28.7913 	 4 	 1698.81 	 0.141449 	 97.1602 	 9.83218 	 54.4071 	 32.25 	 69 	 59 	 62 	 4.69042 	 75.5335 	 -13.208 	 29.9611 	 0.236133 	 126.883 	 146 	 640 	 166.678 	 48.6017 	 2 	 4324.14 	 0.360045 	 60.3251 	 60.3251 	 60.3251 	 0 	 75 	 71 	 73 	 2.82843 	  Tumour 
26 	 913.255 	 712.778 	 919.379 	 271.86 	 11987 	 153.317 	 100.827 	 0.753334 	 0.972971 	 436.818 	 792.404 	 317.287 	 0.400411 	 486.495 	 684.934 	 17358 	 0.937763 	 629.706 	 483.47 	 818.517 	 688.737 	 0.222414 	 763.38 	 817.874 	 195.259 	 0.238553 	 62 	 62 	 125.774 	 30.0736 	 1 	 0 	 0 	 NaN 	 NaN 	 NaN 	 NaN 	 62 	 62 	 62 	 0 	 87.9887 	 -28.7074 	 33.5273 	 0.240619 	 139.338 	 234 	 2978 	 142.457 	 24.3809 	 4 	 2396.11 	 0.199892 	 74.5766 	 22.381 	 56.8111 	 19.7998 	 74 	 45 	 58.5 	 11.9583 	  Tumour 
27 	 915.054 	 283.523 	 872.221 	 71.0282 	 8938 	 157.118 	 72.9489 	 0.885681 	 0.968784 	 409.747 	 1273.99 	 452.31 	 0.355034 	 849.436 	 1166.52 	 11612 	 0.833297 	 630.191 	 406.163 	 451.746 	 321.965 	 0.719723 	 478.055 	 432.383 	 187.088 	 0.414145 	 145 	 708 	 123.952 	 28.2511 	 2 	 2711.87 	 0.303409 	 64.683 	 64.683 	 64.683 	 0 	 82 	 63 	 72.5 	 13.435 	 78.4419 	 9.72868 	 26.0874 	 0.200996 	 129.791 	 221 	 1032 	 176.176 	 58.1001 	 3 	 333.853 	 0.0373521 	 58.4111 	 25.1792 	 40.2241 	 15.0597 	 87 	 64 	 73.6667 	 11.9304 	  Tumour 
28 	 952.379 	 154.257 	 933.899 	 136.308 	 3207 	 107.372 	 42.4055 	 0.918708 	 0.863257 	 272.936 	 1064.9 	 348.214 	 0.326993 	 721.593 	 957.43 	 9150 	 0.781317 	 507.765 	 480.227 	 514.823 	 385.042 	 0.141026 	 471.288 	 519.93 	 214.945 	 0.417513 	 0 	 0 	 NaN 	 NaN 	 0 	 0 	 0 	 NaN 	 NaN 	 NaN 	 NaN 	 0 	 0 	 NaN 	 NaN 	 58.803 	 -0.788673 	 16.6171 	 0.150856 	 110.152 	 0 	 0 	 NaN 	 NaN 	 0 	 0 	 0 	 NaN 	 NaN 	 NaN 	 NaN 	 0 	 0 	 NaN 	 NaN 	  Tumour 
29 	 982.883 	 405.844 	 933.054 	 115.248 	 8833 	 129.147 	 88.2372 	 0.730204 	 0.961886 	 382.132 	 1185.11 	 383.481 	 0.323584 	 756.614 	 1077.64 	 12407 	 0.90259 	 529.279 	 451.599 	 662.226 	 532.445 	 0.506098 	 686.578 	 646.747 	 250.533 	 0.37832 	 0 	 0 	 NaN 	 NaN 	 0 	 0 	 0 	 NaN 	 NaN 	 NaN 	 NaN 	 0 	 0 	 NaN 	 NaN 	 80.0751 	 -29.5465 	 41.4033 	 0.315035 	 131.424 	 65 	 68 	 142.738 	 24.6621 	 1 	 0 	 0 	 NaN 	 NaN 	 NaN 	 NaN 	 65 	 65 	 65 	 0 	  Tumour 
30 	 986.116 	 285.51 	 99.3177 	 71.0282 	 3294 	 85.3129 	 49.6176 	 0.813478 	 0.964004 	 234.551 	 1086.45 	 429.064 	 0.394924 	 659.498 	 978.979 	 4581 	 0.929209 	 313.095 	 497.634 	 424.927 	 295.146 	 0.442509 	 405.661 	 431.018 	 75.1519 	 0.176858 	 0 	 0 	 NaN 	 NaN 	 0 	 0 	 0 	 NaN 	 NaN 	 NaN 	 NaN 	 0 	 0 	 NaN 	 NaN 	 107.013 	 26.8017 	 35.1413 	 0.221904 	 158.362 	 69 	 73 	 197.159 	 79.083 	 1 	 0 	 0 	 NaN 	 NaN 	 NaN 	 NaN 	 69 	 69 	 69 	 0 	  DCIS 
31 	 1000.83 	 1003.15 	 1367.55 	 190.625 	 1378 	 71.2175 	 25.6009 	 0.933155 	 0.901832 	 176.61 	 953.652 	 458.508 	 0.480792 	 686.587 	 846.183 	 2515 	 0.949057 	 218.912 	 262.86 	 253.657 	 123.876 	 0.142157 	 270.897 	 250.734 	 56.0027 	 0.220781 	 0 	 0 	 NaN 	 NaN 	 0 	 0 	 0 	 NaN 	 NaN 	 NaN 	 NaN 	 0 	 0 	 NaN 	 NaN 	 21.1065 	 3.17543 	 7.28065 	 0.100484 	 72.4557 	 0 	 0 	 NaN 	 NaN 	 0 	 0 	 0 	 NaN 	 NaN 	 NaN 	 NaN 	 0 	 0 	 NaN 	 NaN 	  Fib 
32 	 1038.26 	 815.571 	 1073.57 	 127.004 	 2652 	 98.46 	 37.3949 	 0.92507 	 0.851091 	 255.38 	 855.576 	 288.245 	 0.336902 	 562.453 	 748.106 	 5965 	 0.863492 	 409.137 	 506.748 	 556.271 	 426.491 	 0.335106 	 925.206 	 473.221 	 278.228 	 0.500166 	 0 	 0 	 NaN 	 NaN 	 0 	 0 	 0 	 NaN 	 NaN 	 NaN 	 NaN 	 0 	 0 	 NaN 	 NaN 	 94.9898 	 29.4207 	 33.6929 	 0.230239 	 146.339 	 0 	 0 	 NaN 	 NaN 	 0 	 0 	 0 	 NaN 	 NaN 	 NaN 	 NaN 	 0 	 0 	 NaN 	 NaN 	  Tumour 
33 	 1075.52 	 328.338 	 1080.76 	 121.38 	 4907 	 83.2782 	 76.774 	 0.387435 	 0.961968 	 284.635 	 1762.52 	 891.381 	 0.505743 	 1346.55 	 1655.05 	 6843 	 0.862926 	 402.208 	 318.526 	 355.883 	 226.102 	 0.422343 	 377.858 	 351.597 	 112.774 	 0.316885 	 68 	 71 	 142.5 	 46.7994 	 1 	 0 	 0 	 NaN 	 NaN 	 NaN 	 NaN 	 68 	 68 	 68 	 0 	 25.6119 	 -6.94475 	 6.07477 	 0.0789331 	 76.9611 	 125 	 264 	 268.496 	 150.42 	 2 	 1366.62 	 0.278505 	 21.0277 	 21.0277 	 21.0277 	 0 	 80 	 45 	 62.5 	 24.7487 	  DCIS 
34 	 1072.12 	 977.164 	 1400.91 	 164.551 	 1490 	 69.6987 	 27.4981 	 0.918884 	 0.97322 	 166.51 	 930.17 	 316.003 	 0.339726 	 676.781 	 822.701 	 2917 	 0.940361 	 243.397 	 232.138 	 211.558 	 81.7769 	 0.128319 	 289.207 	 206.894 	 50.2123 	 0.237346 	 0 	 0 	 NaN 	 NaN 	 0 	 0 	 0 	 NaN 	 NaN 	 NaN 	 NaN 	 0 	 0 	 NaN 	 NaN 	 24.0884 	 7.39003 	 8.15962 	 0.108164 	 75.4376 	 0 	 0 	 NaN 	 NaN 	 0 	 0 	 0 	 NaN 	 NaN 	 NaN 	 NaN 	 0 	 0 	 NaN 	 NaN 	  Fib 
35 	 1136.88 	 691.785 	 1126.58 	 126.147 	 14127 	 172.008 	 106.575 	 0.784924 	 0.958803 	 534.642 	 937.688 	 249.808 	 0.266409 	 615.479 	 830.218 	 28989 	 0.938246 	 733.63 	 517.69 	 794.947 	 665.166 	 0.369863 	 834.337 	 781.853 	 186.934 	 0.235153 	 257 	 2906 	 116.409 	 20.7079 	 4 	 2237.56 	 0.158389 	 137.654 	 24.8752 	 76.1052 	 45.0603 	 92 	 47 	 64.25 	 19.5 	 137.644 	 -3.0676 	 52.4997 	 0.277786 	 188.993 	 384 	 2127 	 170.128 	 52.0512 	 5 	 2062.5 	 0.145997 	 121.633 	 16.3337 	 65.0847 	 36.1167 	 131 	 61 	 76.8 	 30.4335 	  Tumour 
36 	 1094.41 	 374.766 	 1111.6 	 115.248 	 920 	 69.6597 	 20.7625 	 0.954548 	 0.807018 	 165.681 	 1456.03 	 652.181 	 0.447917 	 1031.22 	 1348.56 	 1072 	 0.804805 	 180.51 	 319.435 	 320.961 	 191.18 	 0.649351 	 306.71 	 325.524 	 47.8789 	 0.149174 	 0 	 0 	 NaN 	 NaN 	 0 	 0 	 0 	 NaN 	 NaN 	 NaN 	 NaN 	 0 	 0 	 NaN 	 NaN 	 30.7236 	 0.863676 	 7.16904 	 0.0873497 	 82.0728 	 0 	 0 	 NaN 	 NaN 	 0 	 0 	 0 	 NaN 	 NaN 	 NaN 	 NaN 	 0 	 0 	 NaN 	 NaN 	  DCIS 
37 	 1165.23 	 815.265 	 1372.81 	 38.9487 	 3542 	 205.107 	 23.4038 	 0.993469 	 0.855349 	 440.458 	 865.339 	 301.424 	 0.34833 	 574.122 	 757.869 	 6365 	 0.669718 	 597.806 	 362.796 	 381.953 	 252.172 	 0.283122 	 512.295 	 356.56 	 166.119 	 0.43492 	 69 	 69 	 120.565 	 24.8646 	 1 	 0 	 0 	 NaN 	 NaN 	 NaN 	 NaN 	 69 	 69 	 69 	 0 	 65.4458 	 17.4922 	 32.695 	 0.279935 	 116.795 	 0 	 0 	 NaN 	 NaN 	 0 	 0 	 0 	 NaN 	 NaN 	 NaN 	 NaN 	 0 	 0 	 NaN 	 NaN 	  Fib 
38 	 1120.46 	 130.183 	 1088.24 	 169.706 	 5830 	 105.454 	 72.4553 	 0.726585 	 0.962841 	 311.463 	 1598.48 	 772.187 	 0.483075 	 1236.48 	 1491.01 	 8166 	 0.958226 	 379.782 	 259.401 	 249.384 	 119.603 	 0 	 0 	 0 	 62.5791 	 0.250935 	 53 	 56 	 132.642 	 36.9409 	 1 	 0 	 0 	 NaN 	 NaN 	 NaN 	 NaN 	 53 	 53 	 53 	 0 	 21.128 	 4.55653 	 8.13261 	 0.112209 	 72.4772 	 275 	 745 	 178.731 	 60.6545 	 4 	 1603.09 	 0.274973 	 40.2948 	 12.6519 	 23.0494 	 10.0504 	 133 	 37 	 68.75 	 44.455 	  DCIS 
39 	 1137.1 	 552.721 	 1098.28 	 183.12 	 11555 	 145.217 	 101.769 	 0.713353 	 0.98307 	 416.576 	 1112.39 	 453.163 	 0.407377 	 796.069 	 1004.92 	 14639 	 0.922956 	 550.392 	 381.557 	 509.518 	 379.737 	 0.119048 	 834.917 	 489.86 	 279.537 	 0.54863 	 147 	 804 	 122.367 	 26.6667 	 2 	 1386.6 	 0.12 	 68.3948 	 68.3948 	 68.3948 	 0 	 79 	 68 	 73.5 	 7.77817 	 74.1795 	 -11.8108 	 20.783 	 0.165564 	 125.529 	 204 	 1740 	 165.515 	 47.4383 	 3 	 1696.79 	 0.146844 	 77.4691 	 25.0346 	 56.9669 	 25.0652 	 70 	 65 	 68 	 2.64575 	  Tumour 
40 	 1129.88 	 360.969 	 1141.83 	 153.734 	 1630 	 88.9048 	 24.52 	 0.961215 	 0.900055 	 214.108 	 1251.22 	 498.547 	 0.398449 	 909.675 	 1143.75 	 2124 	 0.918685 	 218.953 	 287.011 	 285.898 	 156.118 	 0.456853 	 368.622 	 260.229 	 108.975 	 0.381167 	 0 	 0 	 NaN 	 NaN 	 0 	 0 	 0 	 NaN 	 NaN 	 NaN 	 NaN 	 0 	 0 	 NaN 	 NaN 	 41.9827 	 19.3385 	 24.3072 	 0.260438 	 93.3319 	 0 	 0 	 NaN 	 NaN 	 0 	 0 	 0 	 NaN 	 NaN 	 NaN 	 NaN 	 0 	 0 	 NaN 	 NaN 	  Fib 
41 	 1131.47 	 796.097 	 1152.63 	 38.9487 	 2932 	 79.2811 	 47.9855 	 0.796029 	 0.941554 	 230.794 	 696.531 	 158.209 	 0.227138 	 339.894 	 589.061 	 5234 	 0.911529 	 350.51 	 570.933 	 704.019 	 574.238 	 0.92284 	 650.739 	 740.716 	 284.952 	 0.40475 	 0 	 0 	 NaN 	 NaN 	 0 	 0 	 0 	 NaN 	 NaN 	 NaN 	 NaN 	 0 	 0 	 NaN 	 NaN 	 144.272 	 6.3912 	 32.1182 	 0.164186 	 195.621 	 0 	 0 	 NaN 	 NaN 	 0 	 0 	 0 	 NaN 	 NaN 	 NaN 	 NaN 	 0 	 0 	 NaN 	 NaN 	  Tumour 
42 	 1138.97 	 305.484 	 1135.8 	 185.841 	 2298 	 65.224 	 46.2959 	 0.704405 	 0.942963 	 196.51 	 1435.18 	 724.436 	 0.504771 	 1053.48 	 1327.71 	 3928 	 0.935238 	 262.912 	 358.034 	 382.363 	 252.582 	 0.419355 	 336.808 	 388.107 	 137.663 	 0.360033 	 56 	 58 	 131.286 	 35.5851 	 1 	 0 	 0 	 NaN 	 NaN 	 NaN 	 NaN 	 56 	 56 	 56 	 0 	 35.3801 	 -4.02531 	 14.4497 	 0.166607 	 86.7293 	 89 	 95 	 201.315 	 83.2382 	 1 	 0 	 0 	 NaN 	 NaN 	 NaN 	 NaN 	 89 	 89 	 89 	 0 	  DCIS 
43 	 1244.54 	 60.0738 	 1209.28 	 307.709 	 4010 	 84.1347 	 61.0063 	 0.688642 	 0.972357 	 250.208 	 601.147 	 101.467 	 0.16879 	 256.896 	 493.678 	 5615 	 0.973137 	 316.368 	 329.616 	 352.558 	 222.777 	 0 	 0 	 0 	 115.841 	 0.328574 	 0 	 0 	 NaN 	 NaN 	 0 	 0 	 0 	 NaN 	 NaN 	 NaN 	 NaN 	 0 	 0 	 NaN 	 NaN 	 25.0121 	 -4.48044 	 9.10581 	 0.119246 	 76.3613 	 0 	 0 	 NaN 	 NaN 	 0 	 0 	 0 	 NaN 	 NaN 	 NaN 	 NaN 	 0 	 0 	 NaN 	 NaN 	  DCIS 
44 	 1233 	 395.907 	 1250.54 	 116.726 	 2403 	 65.9994 	 46.4485 	 0.710426 	 0.981217 	 187.924 	 1163.78 	 504.225 	 0.433263 	 870.97 	 1056.31 	 3599 	 0.966953 	 253.74 	 299.444 	 269.592 	 139.812 	 0 	 0 	 0 	 41.6611 	 0.154533 	 65 	 68 	 128.354 	 32.6532 	 1 	 0 	 0 	 NaN 	 NaN 	 NaN 	 NaN 	 65 	 65 	 65 	 0 	 26.6662 	 5.91421 	 7.56555 	 0.096975 	 78.0154 	 110 	 238 	 149.627 	 31.5509 	 2 	 350.777 	 0.145975 	 20.4914 	 20.4914 	 20.4914 	 0 	 65 	 45 	 55 	 14.1421 	  Other 
45 	 1334.39 	 845.283 	 1530.53 	 208.83 	 7293 	 133.644 	 70.6077 	 0.849041 	 0.97513 	 360.475 	 1717.48 	 948.618 	 0.55233 	 1362.79 	 1610.01 	 9570 	 0.971771 	 421.681 	 358.126 	 272.232 	 142.452 	 0 	 0 	 0 	 115.78 	 0.425297 	 53 	 55 	 120.528 	 24.8277 	 1 	 0 	 0 	 NaN 	 NaN 	 NaN 	 NaN 	 53 	 53 	 53 	 0 	 33.4252 	 10.5676 	 14.3208 	 0.168929 	 84.7744 	 90 	 161 	 280.389 	 162.313 	 2 	 1544.64 	 0.211797 	 14.4222 	 14.4222 	 14.4222 	 0 	 45 	 45 	 45 	 0 	  DCIS 
46 	 1313.07 	 481.268 	 1265.86 	 116.726 	 2946 	 84.5138 	 46.0506 	 0.838508 	 0.905904 	 234.451 	 944.055 	 316.636 	 0.3354 	 650.883 	 836.585 	 7740 	 0.946442 	 380.149 	 493.817 	 576.018 	 446.237 	 0 	 0 	 0 	 257.966 	 0.447844 	 0 	 0 	 0 	 -95.7006 	 0 	 0 	 0 	 NaN 	 NaN 	 NaN 	 NaN 	 0 	 0 	 NaN 	 NaN 	 114.534 	 19.3931 	 20.7473 	 0.125072 	 165.883 	 0 	 0 	 0 	 -118.076 	 0 	 0 	 0 	 NaN 	 NaN 	 NaN 	 NaN 	 0 	 0 	 NaN 	 NaN 	  Tumour 
