rownames 	XLoc 	YLoc 	NNDistSame 	NNDistOpp 	dapi_Area 	dapi_MajorAxisLength 	dapi_MinorAxisLength 	dapi_Eccentricity 	dapi_Solidity 	dapi_Perimeter 	dapi_MeanIntensity 	dapi_PixelSD 	dapi_PixelCV 	dapi_NucAdjustedInt 	dapi_BackAdjustedInt 	memb_Area 	memb_Solidity 	memb_Perimeter 	memb_MeanIntensity 	memb_MembraneIntensity 	memb_temp 	memb_pcTouch 	memb_OverLapIntensity 	memb_nonLapIntensity 	memb_PixelSD 	memb_PixelCV 	cent_Area 	cent_ConvexArea 	cent_MeanIntensity 	cent_BackAdjustedInt 	cent_CN 	cent_AreaSD 	cent_CoeffVar 	cent_MaxSpotDist 	cent_MinSpotDist 	cent_MeanSpotDist 	cent_SDSpotDist 	cent_SpotAreaMax 	cent_SpotAreaMin 	cent_SpotAreaMean 	cent_SpotAreaSD 	nucl_BackgroundAdjust 	nucl_NuclearAdjustedInt 	nucl_PixelSD 	nucl_PixelCV 	nucl_MeanIntensity 	Her2_Area 	Her2_ConvexArea 	Her2_MeanIntensity 	Her2_BackAdjustedInt 	Her2_CN 	Her2_AreaSD 	Her2_CoeffVar 	Her2_MaxSpotDist 	Her2_MinSpotDist 	Her2_MeanSpotDist 	Her2_SDSpotDist 	Her2_SpotAreaMax 	Her2_SpotAreaMin 	Her2_SpotAreaMean 	Her2_SpotAreaSD 	CellLabels 	
1 	 28.6186 	 884.557 	 203.931 	 58.1378 	 2079 	 88.6919 	 32.4959 	 0.930461 	 0.848571 	 230.693 	 981.32 	 149.471 	 0.152317 	 -181.026 	 782.139 	 2791 	 0.902069 	 241.823 	 129.783 	 131.047 	 14.6518 	 0.0283019 	 146.167 	 130.995 	 15.7555 	 0.120227 	 0 	 0 	 NaN 	 NaN 	 0 	 0 	 0 	 NaN 	 NaN 	 NaN 	 NaN 	 0 	 0 	 NaN 	 NaN 	 16.9289 	 -45.0441 	 5.63312 	 0.0822558 	 68.4829 	 0 	 0 	 NaN 	 NaN 	 0 	 0 	 0 	 NaN 	 NaN 	 NaN 	 NaN 	 0 	 0 	 NaN 	 NaN 	  Fib 
2 	 35.8292 	 35.6918 	 43.8406 	 314.341 	 2096 	 68.6304 	 39.7592 	 0.815098 	 0.941599 	 197.137 	 1267.79 	 298.757 	 0.235652 	 86.3465 	 1068.61 	 2683 	 0.850396 	 233.723 	 241.406 	 289.687 	 173.291 	 0.273632 	 453.309 	 261.015 	 110.32 	 0.380826 	 45 	 45 	 98.4222 	 11.743 	 1 	 0 	 0 	 NaN 	 NaN 	 NaN 	 NaN 	 45 	 45 	 45 	 0 	 34.1197 	 -37.6645 	 11.4065 	 0.133139 	 85.6737 	 28 	 28 	 82.8571 	 13.4618 	 1 	 0 	 0 	 NaN 	 NaN 	 NaN 	 NaN 	 28 	 28 	 28 	 0 	  DCIS 
3 	 66.5154 	 66.6278 	 818.882 	 276.007 	 1628 	 48.4748 	 43.2261 	 0.452579 	 0.946512 	 163.095 	 1099.36 	 198.547 	 0.180602 	 58.9831 	 900.178 	 2293 	 0.945957 	 193.581 	 335.502 	 389.291 	 272.896 	 0.339394 	 408.929 	 385.19 	 114.474 	 0.294058 	 0 	 0 	 NaN 	 NaN 	 0 	 0 	 0 	 NaN 	 NaN 	 NaN 	 NaN 	 0 	 0 	 NaN 	 NaN 	 56.3508 	 -22.2066 	 10.7076 	 0.0992315 	 107.905 	 51 	 52 	 90.3529 	 20.9576 	 1 	 0 	 0 	 NaN 	 NaN 	 NaN 	 NaN 	 51 	 51 	 51 	 0 	  DCIS 
4 	 86.6199 	 880.89 	 56.921 	 58.1378 	 4220 	 98.2545 	 57.2665 	 0.812588 	 0.929311 	 273.38 	 1240.76 	 254.099 	 0.204793 	 181.855 	 1041.58 	 4980 	 0.874451 	 327.421 	 207.152 	 313.406 	 197.01 	 0.286713 	 433.61 	 287.467 	 165.507 	 0.528093 	 45 	 45 	 82.6444 	 -4.0348 	 1 	 0 	 0 	 NaN 	 NaN 	 NaN 	 NaN 	 45 	 45 	 45 	 0 	 39.9223 	 -25.9228 	 12.1987 	 0.133353 	 91.4763 	 276 	 933 	 129.866 	 60.4706 	 2 	 1705.27 	 0.404092 	 53.4759 	 53.4759 	 53.4759 	 0 	 221 	 55 	 138 	 117.38 	  Tumour 
5 	 86.1172 	 248.702 	 638.549 	 274.694 	 2355 	 99.925 	 32.0941 	 0.947018 	 0.846209 	 246.309 	 951.055 	 154.843 	 0.162811 	 -154.769 	 751.874 	 3387 	 0.840864 	 288.108 	 500.659 	 508.076 	 391.681 	 0 	 0 	 0 	 289.958 	 0.570698 	 0 	 0 	 NaN 	 NaN 	 0 	 0 	 0 	 NaN 	 NaN 	 NaN 	 NaN 	 0 	 0 	 NaN 	 NaN 	 73.0825 	 -8.06683 	 29.5782 	 0.237316 	 124.637 	 0 	 0 	 NaN 	 NaN 	 0 	 0 	 0 	 NaN 	 NaN 	 NaN 	 NaN 	 0 	 0 	 NaN 	 NaN 	  Fib 
6 	 121.054 	 702.845 	 203.931 	 74.2496 	 679 	 51.9243 	 17.8131 	 0.939314 	 0.877261 	 128.811 	 1024.43 	 217.543 	 0.212354 	 -10.8147 	 825.254 	 1038 	 0.737216 	 171.882 	 256.919 	 290.559 	 174.164 	 0.526316 	 392.4 	 246.932 	 206.17 	 0.709564 	 0 	 0 	 NaN 	 NaN 	 0 	 0 	 0 	 NaN 	 NaN 	 NaN 	 NaN 	 0 	 0 	 NaN 	 NaN 	 33.4254 	 -31.0627 	 21.8117 	 0.256671 	 84.9794 	 0 	 0 	 NaN 	 NaN 	 0 	 0 	 0 	 NaN 	 NaN 	 NaN 	 NaN 	 0 	 0 	 NaN 	 NaN 	  Fib 
7 	 128.108 	 809.215 	 55.5428 	 106.231 	 3930 	 77.0443 	 68.2615 	 0.463679 	 0.947216 	 257.137 	 1368.02 	 333.628 	 0.243876 	 169.957 	 1168.84 	 4445 	 0.904007 	 298.25 	 260.445 	 490.547 	 374.152 	 0.632812 	 657.549 	 402.743 	 236.407 	 0.481925 	 0 	 0 	 NaN 	 NaN 	 0 	 0 	 0 	 NaN 	 NaN 	 NaN 	 NaN 	 0 	 0 	 NaN 	 NaN 	 52.0938 	 -11.5767 	 17.2665 	 0.166588 	 103.648 	 241 	 305 	 146.228 	 76.8329 	 1 	 0 	 0 	 NaN 	 NaN 	 NaN 	 NaN 	 241 	 241 	 241 	 0 	  Tumour 
8 	 140.923 	 862.729 	 56.921 	 114.14 	 2463 	 70.8847 	 44.9769 	 0.772917 	 0.948037 	 205.439 	 1281.68 	 285.267 	 0.222573 	 348.221 	 1082.5 	 3762 	 0.878356 	 287.037 	 333.124 	 490.163 	 373.768 	 0.446215 	 471.884 	 489.269 	 187.668 	 0.382868 	 0 	 0 	 NaN 	 NaN 	 0 	 0 	 0 	 NaN 	 NaN 	 NaN 	 NaN 	 0 	 0 	 NaN 	 NaN 	 67.4424 	 -12.2201 	 14.3328 	 0.120447 	 118.996 	 0 	 0 	 NaN 	 NaN 	 0 	 0 	 0 	 NaN 	 NaN 	 NaN 	 NaN 	 0 	 0 	 NaN 	 NaN 	  Tumour 
9 	 167.034 	 998.728 	 142.562 	 178.997 	 6328 	 120.556 	 67.8238 	 0.826733 	 0.935403 	 354.333 	 1112.99 	 231.425 	 0.207931 	 300.837 	 913.808 	 7422 	 0.908001 	 401.362 	 242.593 	 339.716 	 223.321 	 0.277937 	 496.701 	 323.852 	 188.574 	 0.555093 	 45 	 45 	 85.0444 	 -1.6348 	 1 	 0 	 0 	 NaN 	 NaN 	 NaN 	 NaN 	 45 	 45 	 45 	 0 	 71.4814 	 3.94862 	 16.5937 	 0.134869 	 123.035 	 429 	 1250 	 124.846 	 55.4508 	 6 	 1140.15 	 0.180175 	 58.7058 	 11.0454 	 29.2976 	 15.4307 	 143 	 33 	 71.5 	 40.7958 	  Tumour 
10 	 142.321 	 666.169 	 246.435 	 58.8558 	 2602 	 77.3485 	 43.7255 	 0.824882 	 0.916197 	 222.995 	 974.684 	 220.828 	 0.226563 	 24.2404 	 775.504 	 3364 	 0.891598 	 256.066 	 222.313 	 279.351 	 162.956 	 0.457778 	 370.437 	 246.345 	 239.724 	 0.858146 	 34 	 36 	 90.5294 	 3.85017 	 1 	 0 	 0 	 NaN 	 NaN 	 NaN 	 NaN 	 34 	 34 	 34 	 0 	 29.5102 	 -27.4343 	 17.1605 	 0.21169 	 81.0642 	 51 	 51 	 88.4902 	 19.0948 	 1 	 0 	 0 	 NaN 	 NaN 	 NaN 	 NaN 	 51 	 51 	 51 	 0 	  Fib 
11 	 173.444 	 756.03 	 151.727 	 74.2496 	 6168 	 107.552 	 73.4542 	 0.730453 	 0.960299 	 325.505 	 1077.9 	 173.279 	 0.160756 	 536.192 	 878.717 	 8217 	 0.837529 	 486.115 	 342.36 	 576.329 	 459.934 	 0.552826 	 632.347 	 547.602 	 261.279 	 0.453351 	 80 	 328 	 86.7625 	 0.0832547 	 2 	 539.9 	 0.0875325 	 40.4044 	 40.4044 	 40.4044 	 0 	 45 	 35 	 40 	 7.07107 	 47.3779 	 -7.04178 	 17.3261 	 0.175131 	 98.9319 	 372 	 741 	 153.852 	 84.4568 	 3 	 2584.33 	 0.41899 	 29.1708 	 13.9825 	 19.645 	 7.42243 	 268 	 45 	 124 	 124.904 	  Tumour 
12 	 185.278 	 262.798 	 641.264 	 198.494 	 4483 	 134.475 	 44.3398 	 0.944077 	 0.938259 	 343.019 	 948.328 	 321.929 	 0.33947 	 572.101 	 749.147 	 5575 	 0.954133 	 347.12 	 157.316 	 164.444 	 48.0491 	 0 	 0 	 0 	 40.5206 	 0.246409 	 44 	 45 	 92.3864 	 5.70712 	 1 	 0 	 0 	 NaN 	 NaN 	 NaN 	 NaN 	 44 	 44 	 44 	 0 	 14.9651 	 2.82292 	 6.14776 	 0.0924211 	 66.5191 	 45 	 45 	 68.5111 	 -0.884238 	 1 	 0 	 0 	 NaN 	 NaN 	 NaN 	 NaN 	 45 	 45 	 45 	 0 	  Fib 
13 	 215.432 	 937.161 	 139.714 	 193.132 	 3911 	 87.0713 	 61.5509 	 0.707312 	 0.928317 	 265.321 	 1340.94 	 256.165 	 0.191033 	 551.917 	 1141.76 	 4690 	 0.894526 	 318.978 	 283.99 	 378.37 	 261.975 	 0.300366 	 370.878 	 375.819 	 229.146 	 0.605614 	 45 	 45 	 83.8 	 -2.87925 	 1 	 0 	 0 	 NaN 	 NaN 	 NaN 	 NaN 	 45 	 45 	 45 	 0 	 101.638 	 36.5711 	 26.3054 	 0.171716 	 153.192 	 307 	 358 	 180.684 	 111.289 	 1 	 0 	 0 	 NaN 	 NaN 	 NaN 	 NaN 	 307 	 307 	 307 	 0 	  Tumour 
14 	 200.072 	 676.069 	 234.081 	 58.8558 	 2456 	 68.3944 	 46.9312 	 0.727427 	 0.931361 	 218.794 	 1021.03 	 156.633 	 0.153407 	 489.638 	 821.844 	 3618 	 0.92343 	 259.037 	 423.616 	 556.166 	 439.771 	 0.58296 	 632.092 	 517.054 	 236.862 	 0.425884 	 0 	 0 	 NaN 	 NaN 	 0 	 0 	 0 	 NaN 	 NaN 	 NaN 	 NaN 	 0 	 0 	 NaN 	 NaN 	 53.9244 	 -12.6262 	 13.8066 	 0.130895 	 105.478 	 0 	 0 	 NaN 	 NaN 	 0 	 0 	 0 	 NaN 	 NaN 	 NaN 	 NaN 	 0 	 0 	 NaN 	 NaN 	  Tumour 
15 	 231.282 	 994.133 	 183.044 	 229.532 	 2667 	 86.232 	 42.4132 	 0.87068 	 0.849093 	 239.38 	 1219.15 	 245.917 	 0.201712 	 735.418 	 1019.97 	 3458 	 0.880346 	 262.309 	 244.658 	 297.139 	 180.744 	 0.6 	 309.014 	 285.863 	 128.263 	 0.43166 	 0 	 0 	 NaN 	 NaN 	 0 	 0 	 0 	 NaN 	 NaN 	 NaN 	 NaN 	 0 	 0 	 NaN 	 NaN 	 90.3159 	 47.6737 	 26.0882 	 0.183888 	 141.87 	 204 	 242 	 136.392 	 66.9968 	 1 	 0 	 0 	 NaN 	 NaN 	 NaN 	 NaN 	 204 	 204 	 204 	 0 	  Tumour 
16 	 241.336 	 598.258 	 322.188 	 120.104 	 4524 	 99.2059 	 59.3565 	 0.801261 	 0.963989 	 276.35 	 1399.68 	 314.645 	 0.224797 	 878.364 	 1200.5 	 5622 	 0.813368 	 423.789 	 395.222 	 590.406 	 474.01 	 0.502778 	 647.829 	 562.268 	 313.224 	 0.530524 	 45 	 47 	 94.6444 	 7.9652 	 1 	 0 	 0 	 NaN 	 NaN 	 NaN 	 NaN 	 45 	 45 	 45 	 0 	 68.2913 	 0.661307 	 20.8193 	 0.173719 	 119.845 	 473 	 858 	 103.865 	 34.4693 	 2 	 1541.86 	 0.340818 	 27.527 	 13.1529 	 20.2446 	 6.42995 	 383 	 45 	 157.667 	 195.144 	  Tumour 
17 	 289.12 	 781.273 	 225.397 	 185.224 	 11707 	 142.639 	 105.007 	 0.676793 	 0.976071 	 419.688 	 1645.48 	 353.061 	 0.214564 	 1119.26 	 1446.3 	 15125 	 0.929511 	 576.056 	 318.869 	 642.125 	 525.73 	 0.178645 	 518.954 	 650.05 	 273.959 	 0.426644 	 100 	 563 	 93.51 	 6.83075 	 2 	 502.18 	 0.0428957 	 62.2751 	 62.2751 	 62.2751 	 0 	 55 	 45 	 50 	 7.07107 	 48.5562 	 -15.9818 	 13.7934 	 0.137782 	 100.11 	 713 	 1830 	 171.032 	 101.637 	 4 	 3392.48 	 0.289782 	 81.6609 	 15.226 	 41.8007 	 21.3066 	 292 	 48 	 142.6 	 119.899 	  Tumour 
18 	 248.575 	 147.258 	 770.094 	 87.1321 	 1387 	 44.9146 	 41.023 	 0.40716 	 0.958535 	 149.296 	 1725.37 	 546.359 	 0.316662 	 939.876 	 1526.19 	 1839 	 0.908597 	 186.368 	 257.942 	 328.341 	 211.946 	 0.213415 	 317.829 	 318.021 	 184.679 	 0.562461 	 0 	 0 	 NaN 	 NaN 	 0 	 0 	 0 	 NaN 	 NaN 	 NaN 	 NaN 	 0 	 0 	 NaN 	 NaN 	 27.9312 	 -7.0969 	 10.0912 	 0.126957 	 79.4852 	 0 	 0 	 NaN 	 NaN 	 0 	 0 	 0 	 NaN 	 NaN 	 NaN 	 NaN 	 0 	 0 	 NaN 	 NaN 	  DCIS 
19 	 273.562 	 515.292 	 411.005 	 58.1808 	 5962 	 104.357 	 73.2598 	 0.712168 	 0.974661 	 305.907 	 1708.16 	 501.659 	 0.293683 	 1181.15 	 1508.98 	 7862 	 0.8295 	 476.659 	 332.286 	 472.128 	 355.733 	 0.42716 	 655.775 	 418.061 	 239.392 	 0.507048 	 44 	 44 	 98.6136 	 11.9344 	 1 	 0 	 0 	 NaN 	 NaN 	 NaN 	 NaN 	 44 	 44 	 44 	 0 	 63.4977 	 17.688 	 21.974 	 0.190992 	 115.052 	 649 	 1180 	 134.496 	 65.1008 	 4 	 2302.26 	 0.386155 	 32.4516 	 12.4963 	 22.5526 	 6.38077 	 527 	 39 	 162.25 	 243.178 	  Tumour 
20 	 295.985 	 625.193 	 330.48 	 159.364 	 3909 	 76.4488 	 66.3128 	 0.497588 	 0.973357 	 246.735 	 1595.08 	 415.121 	 0.260251 	 1062.72 	 1395.9 	 6641 	 0.946281 	 345.563 	 374.637 	 770.093 	 653.698 	 0.66 	 793.338 	 733.381 	 248.886 	 0.323189 	 0 	 0 	 NaN 	 NaN 	 0 	 0 	 0 	 NaN 	 NaN 	 NaN 	 NaN 	 0 	 0 	 NaN 	 NaN 	 59.3578 	 -0.0721936 	 13.7094 	 0.123606 	 110.912 	 247 	 320 	 138.85 	 69.4549 	 1 	 0 	 0 	 NaN 	 NaN 	 NaN 	 NaN 	 247 	 247 	 247 	 0 	  Tumour 
21 	 278.535 	 270.542 	 662.945 	 141.227 	 1674 	 86.9855 	 27.8395 	 0.947402 	 0.823819 	 219.581 	 1189.4 	 237.069 	 0.199317 	 727.777 	 990.222 	 2280 	 0.894819 	 229.439 	 162.489 	 173.21 	 56.8144 	 0.185366 	 195.132 	 170.723 	 26.6394 	 0.153798 	 0 	 0 	 NaN 	 NaN 	 0 	 0 	 0 	 NaN 	 NaN 	 NaN 	 NaN 	 0 	 0 	 NaN 	 NaN 	 10.7095 	 -3.05862 	 5.30937 	 0.0852726 	 62.2634 	 0 	 0 	 NaN 	 NaN 	 0 	 0 	 0 	 NaN 	 NaN 	 NaN 	 NaN 	 0 	 0 	 NaN 	 NaN 	  Fib 
22 	 294.49 	 127.416 	 802.988 	 41.4367 	 2431 	 58.1717 	 55.0908 	 0.321122 	 0.94998 	 218.853 	 2349.56 	 850.054 	 0.361793 	 1205.42 	 2150.37 	 2979 	 0.914645 	 231.924 	 309.178 	 383.078 	 266.683 	 0.565854 	 388.897 	 376.997 	 152.445 	 0.397949 	 0 	 0 	 NaN 	 NaN 	 0 	 0 	 0 	 NaN 	 NaN 	 NaN 	 NaN 	 0 	 0 	 NaN 	 NaN 	 35.9351 	 -13.2244 	 11.6735 	 0.133428 	 87.4891 	 0 	 0 	 NaN 	 NaN 	 0 	 0 	 0 	 NaN 	 NaN 	 NaN 	 NaN 	 0 	 0 	 NaN 	 NaN 	  DCIS 
23 	 294.027 	 213.694 	 721.433 	 90.7855 	 1804 	 65.5773 	 37.3253 	 0.822213 	 0.886922 	 196.066 	 1200.28 	 211.382 	 0.176111 	 652.56 	 1001.1 	 2330 	 0.908736 	 206.752 	 222.081 	 225.844 	 109.448 	 0.335196 	 217.2 	 226.613 	 57.8077 	 0.255963 	 0 	 0 	 NaN 	 NaN 	 0 	 0 	 0 	 NaN 	 NaN 	 NaN 	 NaN 	 0 	 0 	 NaN 	 NaN 	 22.4532 	 -0.141493 	 10.5965 	 0.143183 	 74.0072 	 0 	 0 	 NaN 	 NaN 	 0 	 0 	 0 	 NaN 	 NaN 	 NaN 	 NaN 	 0 	 0 	 NaN 	 NaN 	  Fib 
24 	 298.03 	 461.548 	 501.288 	 58.1808 	 1579 	 66.5668 	 31.8831 	 0.877834 	 0.932664 	 175.238 	 1249.49 	 322.066 	 0.257758 	 710.247 	 1050.31 	 2492 	 0.913825 	 231.723 	 550.698 	 661.789 	 545.394 	 0.718593 	 665.371 	 655.028 	 229.786 	 0.34722 	 0 	 0 	 NaN 	 NaN 	 0 	 0 	 0 	 NaN 	 NaN 	 NaN 	 NaN 	 0 	 0 	 NaN 	 NaN 	 73.8247 	 7.70688 	 18.7264 	 0.149358 	 125.379 	 0 	 0 	 NaN 	 NaN 	 0 	 0 	 0 	 NaN 	 NaN 	 NaN 	 NaN 	 0 	 0 	 NaN 	 NaN 	  DCIS 
25 	 313.321 	 305.544 	 644.901 	 153.056 	 1989 	 56.9632 	 44.8674 	 0.616116 	 0.963663 	 178.368 	 1559.52 	 661.93 	 0.424446 	 988.85 	 1360.34 	 2518 	 0.975591 	 191.64 	 194.072 	 206.393 	 89.9977 	 0 	 0 	 204.627 	 74.3609 	 0.360288 	 0 	 0 	 NaN 	 NaN 	 0 	 0 	 0 	 NaN 	 NaN 	 NaN 	 NaN 	 0 	 0 	 NaN 	 NaN 	 15.5601 	 -3.48871 	 6.04731 	 0.0901049 	 67.1141 	 0 	 0 	 NaN 	 NaN 	 0 	 0 	 0 	 NaN 	 NaN 	 NaN 	 NaN 	 0 	 0 	 NaN 	 NaN 	  DCIS 
26 	 335.096 	 133.128 	 788.041 	 41.4367 	 4528 	 131.915 	 55.8383 	 0.905994 	 0.715098 	 356.191 	 1867.1 	 534.512 	 0.286279 	 986.766 	 1667.92 	 5763 	 0.612759 	 510.215 	 407.501 	 586.714 	 470.319 	 0.52765 	 551.489 	 592.581 	 352.843 	 0.601388 	 91 	 375 	 106.11 	 19.4306 	 2 	 1007.02 	 0.222398 	 43.1911 	 43.1911 	 43.1911 	 0 	 46 	 45 	 45.5 	 0.707107 	 59.3069 	 -12.4819 	 21.4352 	 0.193352 	 110.861 	 97 	 502 	 94.1031 	 24.7077 	 2 	 820.802 	 0.181273 	 48.6375 	 48.6375 	 48.6375 	 0 	 53 	 44 	 48.5 	 6.36396 	  Tumour 
27 	 348.721 	 447.009 	 542.443 	 75.5844 	 4587 	 123.427 	 57.4247 	 0.885178 	 0.789501 	 341.22 	 1211.05 	 273.215 	 0.225602 	 663.94 	 1011.87 	 6530 	 0.795081 	 423.505 	 444.46 	 531.375 	 414.98 	 0.342391 	 490.175 	 540.228 	 362.224 	 0.681673 	 0 	 0 	 NaN 	 NaN 	 0 	 0 	 0 	 NaN 	 NaN 	 NaN 	 NaN 	 0 	 0 	 NaN 	 NaN 	 63.5374 	 7.86664 	 19.5205 	 0.169609 	 115.091 	 228 	 660 	 104.662 	 35.2669 	 3 	 1608.84 	 0.35074 	 44.0195 	 15.1962 	 29.9587 	 12.9016 	 113 	 31 	 76 	 41.5812 	  Fib 
28 	 372.112 	 519.097 	 460.727 	 75.5844 	 3119 	 68.2662 	 60.0089 	 0.476743 	 0.957336 	 220.51 	 1551.6 	 367.527 	 0.236869 	 1034.22 	 1352.42 	 4915 	 0.894775 	 319.664 	 418.701 	 570.412 	 454.016 	 0.31769 	 458.25 	 588.942 	 178.977 	 0.313768 	 44 	 48 	 101.795 	 15.1162 	 1 	 0 	 0 	 NaN 	 NaN 	 NaN 	 NaN 	 44 	 44 	 44 	 0 	 62.6467 	 -7.86401 	 14.837 	 0.129921 	 114.201 	 75 	 80 	 95.3067 	 25.9113 	 1 	 0 	 0 	 NaN 	 NaN 	 NaN 	 NaN 	 75 	 75 	 75 	 0 	  Tumour 
29 	 381.489 	 630.842 	 385.922 	 110.635 	 5506 	 89.1992 	 78.9793 	 0.464781 	 0.978844 	 285.664 	 1375.03 	 288.4 	 0.20974 	 892.428 	 1175.85 	 9718 	 0.878662 	 485.262 	 371.314 	 641.471 	 525.076 	 0.336427 	 610.069 	 635.982 	 274.008 	 0.427155 	 29 	 30 	 91.6897 	 5.01041 	 1 	 0 	 0 	 NaN 	 NaN 	 NaN 	 NaN 	 29 	 29 	 29 	 0 	 61.5474 	 3.20256 	 14.0738 	 0.124436 	 113.101 	 47 	 48 	 89.1702 	 19.7749 	 1 	 0 	 0 	 NaN 	 NaN 	 NaN 	 NaN 	 47 	 47 	 47 	 0 	  Tumour 
30 	 370.138 	 162.575 	 771.76 	 84.0952 	 2750 	 89.4178 	 39.9023 	 0.894911 	 0.937607 	 235.037 	 1173.59 	 243.736 	 0.207684 	 649.484 	 974.408 	 3725 	 0.85988 	 312.492 	 619.886 	 883.472 	 767.077 	 0.750929 	 717.149 	 972.367 	 359.935 	 0.407409 	 0 	 0 	 NaN 	 NaN 	 0 	 0 	 0 	 NaN 	 NaN 	 NaN 	 NaN 	 0 	 0 	 NaN 	 NaN 	 80.3864 	 -38.528 	 25.8913 	 0.196235 	 131.94 	 238 	 369 	 138.382 	 68.987 	 2 	 1945.35 	 0.707399 	 18.413 	 18.413 	 18.413 	 0 	 180 	 58 	 119 	 86.267 	  Tumour 
31 	 421.604 	 718.865 	 372.114 	 130.511 	 5432 	 90.2015 	 78.1072 	 0.500184 	 0.962267 	 287.907 	 1344.25 	 234.141 	 0.17418 	 876.689 	 1145.07 	 14197 	 0.766411 	 627.026 	 298.827 	 571.242 	 454.847 	 0.41651 	 522.104 	 574.153 	 323.068 	 0.565553 	 53 	 55 	 96.9811 	 10.3019 	 1 	 0 	 0 	 NaN 	 NaN 	 NaN 	 NaN 	 53 	 53 	 53 	 0 	 45.2117 	 9.62005 	 12.5012 	 0.12919 	 96.7656 	 462 	 1234 	 158.141 	 88.7453 	 4 	 2224.24 	 0.409469 	 44.413 	 19.3755 	 29.8349 	 9.74886 	 212 	 41 	 115.5 	 82.4803 	  Tumour 
32 	 422.88 	 123.684 	 828.218 	 129.035 	 3619 	 72.277 	 64.5825 	 0.448982 	 0.951367 	 237.865 	 1675.71 	 395.162 	 0.235818 	 883.344 	 1476.53 	 4385 	 0.895995 	 296.25 	 751.725 	 1090.49 	 974.097 	 0.708661 	 1070.79 	 1088.77 	 601.578 	 0.551657 	 128 	 696 	 105.406 	 18.727 	 3 	 872.525 	 0.241096 	 51.0213 	 19.7993 	 35.3878 	 13.963 	 50 	 33 	 42.6667 	 8.73689 	 101.635 	 -43.5116 	 52.7141 	 0.344112 	 153.189 	 249 	 457 	 137.996 	 68.6006 	 3 	 590.326 	 0.163119 	 26.3226 	 11.719 	 18.8458 	 6.53653 	 149 	 47 	 83 	 57.2364 	  Tumour 
33 	 455.026 	 778.014 	 382.143 	 174.347 	 5487 	 100.032 	 75.6818 	 0.653903 	 0.918634 	 317.179 	 1316.86 	 243.477 	 0.184893 	 870.249 	 1117.68 	 6958 	 0.915647 	 364.593 	 354.974 	 604.772 	 488.376 	 0.290123 	 495.479 	 614.007 	 276.905 	 0.457867 	 0 	 0 	 NaN 	 NaN 	 0 	 0 	 0 	 NaN 	 NaN 	 NaN 	 NaN 	 0 	 0 	 NaN 	 NaN 	 59.8368 	 -24.4926 	 14.1451 	 0.126986 	 111.391 	 206 	 276 	 158.772 	 89.3765 	 2 	 1411.27 	 0.257203 	 13.5411 	 13.5411 	 13.5411 	 0 	 159 	 47 	 103 	 79.196 	  Tumour 
34 	 469.055 	 71.0254 	 895.558 	 183.742 	 6764 	 112.194 	 80.733 	 0.694404 	 0.911467 	 350.291 	 1873.07 	 417.083 	 0.222674 	 918.253 	 1673.89 	 8925 	 0.860241 	 448.132 	 452.068 	 821.389 	 704.993 	 0.318653 	 945.561 	 794.75 	 433.794 	 0.528123 	 45 	 45 	 103.356 	 16.6763 	 1 	 0 	 0 	 NaN 	 NaN 	 NaN 	 NaN 	 45 	 45 	 45 	 0 	 64.6426 	 -19.475 	 16.3211 	 0.140461 	 116.197 	 256 	 358 	 228.898 	 159.503 	 2 	 3371.52 	 0.49845 	 17.0901 	 17.0901 	 17.0901 	 0 	 216 	 40 	 128 	 124.451 	  Tumour 
35 	 458.467 	 256.669 	 725.959 	 153.056 	 6909 	 144.797 	 63.1297 	 0.899953 	 0.914131 	 372.434 	 1922.26 	 718.21 	 0.373628 	 1340.7 	 1723.08 	 11174 	 0.887248 	 528.86 	 565.01 	 917.901 	 801.505 	 0.328294 	 827.809 	 929.867 	 634.156 	 0.690876 	 94 	 122 	 97.617 	 10.9378 	 2 	 2061.67 	 0.298403 	 9.66039 	 9.66039 	 9.66039 	 0 	 49 	 45 	 47 	 2.82843 	 58.3486 	 -35.7543 	 27.2906 	 0.248316 	 109.903 	 83 	 97 	 92.1446 	 22.7492 	 0 	 0 	 0 	 NaN 	 NaN 	 NaN 	 NaN 	 0 	 0 	 83 	 0 	  Tumour 
36 	 479.652 	 146.697 	 832.589 	 187.072 	 2924 	 89.2999 	 44.8957 	 0.864431 	 0.867913 	 257.622 	 1721.07 	 328.532 	 0.190888 	 866.415 	 1521.89 	 3943 	 0.842521 	 305.321 	 565.323 	 831.939 	 715.543 	 0.842912 	 782.4 	 860.872 	 538.491 	 0.647272 	 0 	 0 	 NaN 	 NaN 	 0 	 0 	 0 	 NaN 	 NaN 	 NaN 	 NaN 	 0 	 0 	 NaN 	 NaN 	 73.7719 	 -56.4954 	 31.9086 	 0.254605 	 125.326 	 0 	 0 	 NaN 	 NaN 	 0 	 0 	 0 	 NaN 	 NaN 	 NaN 	 NaN 	 0 	 0 	 NaN 	 NaN 	  Tumour 
37 	 489.491 	 606.734 	 537.479 	 110.635 	 1697 	 50.4254 	 43.6908 	 0.499274 	 0.966401 	 162.711 	 1198.77 	 308.323 	 0.257199 	 773.967 	 999.592 	 2761 	 0.918802 	 217.681 	 388.564 	 492.667 	 376.271 	 0.166667 	 802.5 	 460.241 	 451.303 	 0.916041 	 0 	 0 	 NaN 	 NaN 	 0 	 0 	 0 	 NaN 	 NaN 	 NaN 	 NaN 	 0 	 0 	 NaN 	 NaN 	 32.3476 	 -12.0269 	 11.0172 	 0.13131 	 83.9016 	 0 	 0 	 NaN 	 NaN 	 0 	 0 	 0 	 NaN 	 NaN 	 NaN 	 NaN 	 0 	 0 	 NaN 	 NaN 	  DCIS 
38 	 523.237 	 193.715 	 813.674 	 229.872 	 7052 	 125.728 	 72.3108 	 0.818057 	 0.961811 	 353.404 	 1715.38 	 338.928 	 0.197582 	 1038.22 	 1516.2 	 7839 	 0.952028 	 379.161 	 362.574 	 586.339 	 469.943 	 0.881988 	 571.342 	 589.688 	 248.163 	 0.423242 	 141 	 786 	 98.5461 	 11.8669 	 3 	 1335.22 	 0.189339 	 36.1386 	 24.4799 	 30.4265 	 5.2171 	 51 	 45 	 47 	 3.4641 	 62.2106 	 -17.6632 	 20.2795 	 0.178258 	 113.765 	 379 	 1083 	 139.755 	 70.3593 	 5 	 2056.88 	 0.291673 	 46.5214 	 14.0728 	 25.4371 	 12.4932 	 125 	 42 	 75.8 	 30.5565 	  Tumour 
39 	 528.193 	 450.325 	 616.638 	 161.771 	 4662 	 91.73 	 66.4946 	 0.68886 	 0.946984 	 288.492 	 1688.38 	 617.741 	 0.365878 	 1194.95 	 1489.2 	 6242 	 0.942473 	 370.049 	 432.447 	 389.121 	 272.726 	 0 	 0 	 0 	 355.935 	 0.914715 	 0 	 0 	 NaN 	 NaN 	 0 	 0 	 0 	 NaN 	 NaN 	 NaN 	 NaN 	 0 	 0 	 NaN 	 NaN 	 64.7038 	 19.7769 	 33.9853 	 0.292327 	 116.258 	 422 	 1408 	 133.938 	 64.543 	 4 	 1463.61 	 0.313945 	 47.7306 	 15.5433 	 31.8476 	 11.4275 	 209 	 44 	 105.5 	 77.8653 	  Tumour 
40 	 586.454 	 251.81 	 802.896 	 278.289 	 12080 	 179.092 	 88.0073 	 0.870929 	 0.945227 	 475.73 	 1777.3 	 406.349 	 0.228633 	 1173.72 	 1578.12 	 15041 	 0.87265 	 620.541 	 431.179 	 670.941 	 554.546 	 0.489603 	 621.78 	 683.796 	 207.389 	 0.309101 	 144 	 2626 	 104.514 	 17.8346 	 3 	 1313.6 	 0.108742 	 104.19 	 32.5888 	 78.9487 	 35.9575 	 54 	 45 	 48 	 5.19615 	 59.5306 	 -13.759 	 19.3101 	 0.173832 	 111.085 	 509 	 3262 	 187.057 	 117.662 	 4 	 3349.83 	 0.277303 	 135.769 	 36.9895 	 75.3932 	 36.4709 	 235 	 36 	 127.25 	 88.0771 	  Tumour 
41 	 580.377 	 159.907 	 873.436 	 287.898 	 3606 	 81.8571 	 64.2977 	 0.618878 	 0.818801 	 288.936 	 1144.16 	 234.184 	 0.204677 	 642.796 	 944.984 	 8391 	 0.86425 	 437.387 	 653.743 	 851.79 	 735.395 	 0.406077 	 736.265 	 874.846 	 333.454 	 0.391474 	 0 	 0 	 NaN 	 NaN 	 0 	 0 	 0 	 NaN 	 NaN 	 NaN 	 NaN 	 0 	 0 	 NaN 	 NaN 	 98.4804 	 3.03649 	 26.1493 	 0.174289 	 150.034 	 76 	 78 	 91.6447 	 22.2494 	 1 	 0 	 0 	 NaN 	 NaN 	 NaN 	 NaN 	 76 	 76 	 76 	 0 	  Tumour 
42 	 634.144 	 491.571 	 671.215 	 119.57 	 1695 	 58.7596 	 37.9637 	 0.763265 	 0.932856 	 168.066 	 967.653 	 128.137 	 0.13242 	 529.478 	 768.472 	 3297 	 0.72878 	 314.007 	 1253.79 	 1247.4 	 1131 	 0.208791 	 799.86 	 1306.93 	 801.67 	 0.642675 	 0 	 0 	 NaN 	 NaN 	 0 	 0 	 0 	 NaN 	 NaN 	 NaN 	 NaN 	 0 	 0 	 NaN 	 NaN 	 88.8661 	 -11.2216 	 23.3835 	 0.166525 	 140.42 	 0 	 0 	 NaN 	 NaN 	 0 	 0 	 0 	 NaN 	 NaN 	 NaN 	 NaN 	 0 	 0 	 NaN 	 NaN 	  Tumour 
43 	 678.809 	 445.479 	 735.228 	 149.215 	 7081 	 105.896 	 95.0888 	 0.440114 	 0.901349 	 369.404 	 1340.73 	 287.704 	 0.214588 	 815.285 	 1141.55 	 9867 	 0.846154 	 505.973 	 455.179 	 639.524 	 523.129 	 0.675174 	 622.591 	 643.128 	 242.307 	 0.378886 	 80 	 273 	 99.225 	 12.5458 	 2 	 1806.31 	 0.255092 	 28.6785 	 28.6785 	 28.6785 	 0 	 45 	 35 	 40 	 7.07107 	 75.3874 	 4.78535 	 29.0558 	 0.228891 	 126.941 	 210 	 886 	 98.8 	 29.4047 	 4 	 984.653 	 0.139056 	 38.0809 	 14.037 	 25.53 	 8.18196 	 60 	 33 	 52.5 	 13.0256 	  Tumour 
44 	 685.011 	 291.416 	 840.062 	 272.998 	 7802 	 118.65 	 85.815 	 0.690574 	 0.928036 	 361.262 	 1558.6 	 372.525 	 0.239013 	 972.86 	 1359.42 	 8715 	 0.875791 	 419.061 	 494.401 	 620.496 	 504.1 	 0.632312 	 601.837 	 632.113 	 233.402 	 0.376153 	 49 	 50 	 101.143 	 14.4636 	 1 	 0 	 0 	 NaN 	 NaN 	 NaN 	 NaN 	 49 	 49 	 49 	 0 	 74.3774 	 3.75237 	 24.5715 	 0.195118 	 125.931 	 367 	 2178 	 124.371 	 54.9752 	 4 	 1405.81 	 0.180186 	 66.4588 	 11.4018 	 40.4159 	 19.644 	 200 	 37 	 91.75 	 75.1593 	  Tumour 
45 	 680.249 	 377.752 	 777.598 	 215.752 	 3010 	 65.1962 	 60.5509 	 0.370709 	 0.923313 	 228.066 	 1277.35 	 280.306 	 0.219444 	 727.285 	 1078.16 	 3789 	 0.907762 	 271.522 	 638.711 	 693.193 	 576.798 	 0.781116 	 712.176 	 685.674 	 198.055 	 0.285714 	 0 	 0 	 NaN 	 NaN 	 0 	 0 	 0 	 NaN 	 NaN 	 NaN 	 NaN 	 0 	 0 	 NaN 	 NaN 	 91.154 	 24.9925 	 22.7851 	 0.159662 	 142.708 	 45 	 45 	 79.7111 	 10.3158 	 1 	 0 	 0 	 NaN 	 NaN 	 NaN 	 NaN 	 45 	 45 	 45 	 0 	  Tumour 
46 	 667.415 	 865.682 	 638.283 	 159.327 	 780 	 41.1952 	 24.6533 	 0.80116 	 0.952381 	 112.083 	 858.69 	 81.0087 	 0.0943399 	 454.625 	 659.509 	 1161 	 0.958712 	 133.841 	 185.924 	 187.289 	 70.8939 	 0 	 0 	 0 	 43.4524 	 0.232007 	 0 	 0 	 NaN 	 NaN 	 0 	 0 	 0 	 NaN 	 NaN 	 NaN 	 NaN 	 0 	 0 	 NaN 	 NaN 	 17.837 	 1.84538 	 5.24958 	 0.0756521 	 69.391 	 0 	 0 	 NaN 	 NaN 	 0 	 0 	 0 	 NaN 	 NaN 	 NaN 	 NaN 	 0 	 0 	 NaN 	 NaN 	  Other 
47 	 678.473 	 773.938 	 658.424 	 140.918 	 1523 	 48.5749 	 41.0329 	 0.535187 	 0.956658 	 160.409 	 1202.86 	 333.714 	 0.277433 	 753.588 	 1003.68 	 2020 	 0.967433 	 173.296 	 153.858 	 149.412 	 33.0164 	 0 	 0 	 0 	 20.3229 	 0.136019 	 43 	 43 	 95.9535 	 9.27424 	 1 	 0 	 0 	 NaN 	 NaN 	 NaN 	 NaN 	 43 	 43 	 43 	 0 	 15.1098 	 6.05493 	 5.62493 	 0.0843776 	 66.6638 	 126 	 300 	 81.3333 	 11.938 	 3 	 162.315 	 0.106576 	 23.6328 	 12.4082 	 16.3487 	 5.64851 	 48 	 33 	 42 	 7.93725 	  DCIS 
48 	 692.698 	 675.639 	 696.116 	 168.309 	 2606 	 66.5941 	 50.3933 	 0.653735 	 0.977494 	 199.522 	 1318.39 	 424.309 	 0.321838 	 839.295 	 1119.21 	 3297 	 0.978629 	 222.066 	 191.346 	 190.963 	 74.568 	 0 	 0 	 0 	 49.9267 	 0.261447 	 0 	 0 	 NaN 	 NaN 	 0 	 0 	 0 	 NaN 	 NaN 	 NaN 	 NaN 	 0 	 0 	 NaN 	 NaN 	 25.2116 	 7.09809 	 8.58414 	 0.111823 	 76.7655 	 76 	 87 	 81.6579 	 12.2625 	 1 	 0 	 0 	 NaN 	 NaN 	 NaN 	 NaN 	 76 	 76 	 76 	 0 	  DCIS 
49 	 697.875 	 593.493 	 729.949 	 114.856 	 2840 	 71.728 	 51.3341 	 0.698432 	 0.954301 	 213.238 	 1048.56 	 206.145 	 0.196599 	 601.776 	 849.376 	 5764 	 0.849396 	 396.818 	 431.133 	 540.21 	 423.815 	 0.121302 	 647.805 	 528.357 	 436.687 	 0.808365 	 0 	 0 	 NaN 	 NaN 	 0 	 0 	 0 	 NaN 	 NaN 	 NaN 	 NaN 	 0 	 0 	 NaN 	 NaN 	 36.2904 	 -13.1254 	 16.3658 	 0.186304 	 87.8444 	 0 	 0 	 NaN 	 NaN 	 0 	 0 	 0 	 NaN 	 NaN 	 NaN 	 NaN 	 0 	 0 	 NaN 	 NaN 	  DCIS 
50 	 731.294 	 30.8178 	 1066.41 	 134.833 	 5676 	 119.282 	 67.8434 	 0.822501 	 0.822013 	 371.12 	 1373.31 	 274.245 	 0.199696 	 899.342 	 1174.13 	 7017 	 0.922076 	 414.777 	 586.076 	 744.961 	 628.566 	 0.195592 	 699.915 	 747.896 	 393.472 	 0.528178 	 0 	 0 	 NaN 	 NaN 	 0 	 0 	 0 	 NaN 	 NaN 	 NaN 	 NaN 	 0 	 0 	 NaN 	 NaN 	 71.3614 	 6.14981 	 18.0322 	 0.146704 	 122.915 	 146 	 180 	 103.795 	 34.3992 	 1 	 0 	 0 	 NaN 	 NaN 	 NaN 	 NaN 	 146 	 146 	 146 	 0 	  Tumour 
51 	 719.542 	 880.331 	 691.018 	 119.808 	 1876 	 66.3028 	 36.4728 	 0.835102 	 0.960082 	 178.51 	 1148.96 	 242.236 	 0.210832 	 678.418 	 949.776 	 2451 	 0.966483 	 198.61 	 171.976 	 178.503 	 62.1075 	 0 	 0 	 178.771 	 25.3633 	 0.142089 	 0 	 0 	 NaN 	 NaN 	 0 	 0 	 0 	 NaN 	 NaN 	 NaN 	 NaN 	 0 	 0 	 NaN 	 NaN 	 20.2696 	 3.92897 	 5.35206 	 0.0745168 	 71.8236 	 0 	 0 	 NaN 	 NaN 	 0 	 0 	 0 	 NaN 	 NaN 	 NaN 	 NaN 	 0 	 0 	 NaN 	 NaN 	  DCIS 
52 	 720.853 	 1012.56 	 703.739 	 182.003 	 1918 	 55.3214 	 45.5713 	 0.566944 	 0.920345 	 184.652 	 1120.02 	 229.659 	 0.205049 	 657.026 	 920.841 	 2758 	 0.953336 	 212.167 	 177.393 	 200.163 	 83.7677 	 0.179348 	 227.758 	 200.917 	 89.0044 	 0.444659 	 0 	 0 	 NaN 	 NaN 	 0 	 0 	 0 	 NaN 	 NaN 	 NaN 	 NaN 	 0 	 0 	 NaN 	 NaN 	 20.1619 	 3.0068 	 7.53078 	 0.105009 	 71.7158 	 222 	 410 	 103.414 	 34.0191 	 3 	 245.929 	 0.128222 	 20.82 	 11.1952 	 15.0083 	 4.57428 	 101 	 41 	 74 	 30.4467 	  DCIS 
53 	 751.224 	 404.588 	 816.99 	 195.328 	 4889 	 96.3882 	 67.6651 	 0.712171 	 0.892153 	 312.492 	 1677.4 	 353.997 	 0.211039 	 1086.79 	 1478.22 	 6491 	 0.86489 	 390.777 	 536.713 	 674.82 	 558.424 	 0.83432 	 651.489 	 697.966 	 303.781 	 0.450167 	 32 	 33 	 96.4062 	 9.727 	 1 	 0 	 0 	 NaN 	 NaN 	 NaN 	 NaN 	 32 	 32 	 32 	 0 	 75.5757 	 -57.5686 	 35.6757 	 0.280624 	 127.13 	 293 	 598 	 200.563 	 131.168 	 2 	 2962.03 	 0.605855 	 36.8975 	 36.8975 	 36.8975 	 0 	 251 	 42 	 146.5 	 147.785 	  Tumour 
54 	 744.635 	 305.489 	 874.494 	 252.23 	 4897 	 137.721 	 50.5815 	 0.930112 	 0.839102 	 342.978 	 1667.6 	 382.992 	 0.229667 	 950.83 	 1468.41 	 5708 	 0.833406 	 380.777 	 453.293 	 618.238 	 501.842 	 0.942073 	 610.314 	 631.51 	 285.112 	 0.461169 	 51 	 51 	 103.412 	 16.7325 	 1 	 0 	 0 	 NaN 	 NaN 	 NaN 	 NaN 	 51 	 51 	 51 	 0 	 69.5783 	 -10.9935 	 15.8957 	 0.131226 	 121.132 	 341 	 1079 	 143.918 	 74.5225 	 3 	 488.237 	 0.0997012 	 72.1458 	 22.8378 	 48.4776 	 22.104 	 199 	 39 	 113.667 	 80.5316 	  Tumour 
55 	 747.914 	 952.022 	 722.115 	 124.964 	 3827 	 86.7695 	 56.5166 	 0.758785 	 0.966658 	 247.664 	 1466.47 	 392.351 	 0.267548 	 989.617 	 1267.29 	 5181 	 0.956787 	 301.22 	 297.273 	 358.224 	 241.829 	 0.169291 	 327.512 	 357.376 	 208.567 	 0.582226 	 0 	 0 	 NaN 	 NaN 	 0 	 0 	 0 	 NaN 	 NaN 	 NaN 	 NaN 	 0 	 0 	 NaN 	 NaN 	 29.7449 	 -7.5538 	 16.9329 	 0.20828 	 81.2989 	 61 	 63 	 95.2295 	 25.8342 	 1 	 0 	 0 	 NaN 	 NaN 	 NaN 	 NaN 	 61 	 61 	 61 	 0 	  DCIS 
56 	 763.69 	 498.551 	 777.337 	 113.886 	 2688 	 65.2247 	 53.5378 	 0.571185 	 0.953868 	 210.551 	 1018.8 	 155.426 	 0.152558 	 557.621 	 819.622 	 8406 	 0.912307 	 413.848 	 433.781 	 719.117 	 602.721 	 0.444444 	 761.237 	 705.03 	 410.644 	 0.571039 	 45 	 45 	 90.6444 	 3.9652 	 1 	 0 	 0 	 NaN 	 NaN 	 NaN 	 NaN 	 45 	 45 	 45 	 0 	 55.7957 	 -3.57487 	 12.893 	 0.120103 	 107.35 	 76 	 159 	 79.8026 	 10.4073 	 2 	 1026.01 	 0.381699 	 16.6149 	 16.6149 	 16.6149 	 0 	 45 	 31 	 38 	 9.89949 	  Tumour 
57 	 787.69 	 205.82 	 973.153 	 144.534 	 5887 	 94.2786 	 81.6701 	 0.499588 	 0.961928 	 306.877 	 1297.56 	 302.22 	 0.232913 	 747.801 	 1098.38 	 6171 	 0.865741 	 378.919 	 434.549 	 664.368 	 547.973 	 0.647059 	 724.316 	 645.299 	 290.359 	 0.437046 	 45 	 45 	 95.5111 	 8.83187 	 1 	 0 	 0 	 NaN 	 NaN 	 NaN 	 NaN 	 45 	 45 	 45 	 0 	 84.8911 	 -2.62679 	 27.7953 	 0.203711 	 136.445 	 392 	 919 	 116.911 	 47.5154 	 3 	 679.829 	 0.11548 	 31.6159 	 15.6968 	 25.1095 	 7.46669 	 183 	 53 	 130.667 	 68.6027 	  Tumour 
58 	 786.699 	 95.7856 	 1051.77 	 72.0347 	 5191 	 103.926 	 64.9237 	 0.780854 	 0.96487 	 290.936 	 1442.64 	 327.789 	 0.227215 	 966.895 	 1243.46 	 13349 	 0.899286 	 513.588 	 397.104 	 778.688 	 662.293 	 0.369469 	 778.341 	 775.391 	 344.142 	 0.441951 	 89 	 237 	 92.9775 	 6.29828 	 2 	 831.323 	 0.160147 	 24.2182 	 24.2182 	 24.2182 	 0 	 45 	 44 	 44.5 	 0.707107 	 35.1453 	 2.87068 	 11.7811 	 0.135885 	 86.6993 	 438 	 964 	 104.32 	 34.9243 	 5 	 1828.17 	 0.35218 	 32.7843 	 10.8625 	 19.6328 	 7.17532 	 244 	 39 	 87.6 	 87.9278 	  Tumour 
59 	 797.35 	 608.473 	 816.427 	 99.0051 	 3147 	 70.7986 	 57.4541 	 0.584332 	 0.977633 	 215.48 	 1448.25 	 402.065 	 0.277621 	 941.012 	 1249.07 	 3834 	 0.983581 	 234.167 	 203.191 	 220.165 	 103.77 	 0 	 0 	 0 	 115.451 	 0.524384 	 44 	 45 	 97.9773 	 11.298 	 1 	 0 	 0 	 NaN 	 NaN 	 NaN 	 NaN 	 44 	 44 	 44 	 0 	 29.9007 	 6.27017 	 8.91858 	 0.109491 	 81.4547 	 46 	 50 	 88.6739 	 19.2786 	 1 	 0 	 0 	 NaN 	 NaN 	 NaN 	 NaN 	 46 	 46 	 46 	 0 	  DCIS 
60 	 813.113 	 298.842 	 930.484 	 224.357 	 10630 	 202.467 	 69.2534 	 0.939683 	 0.933521 	 493.63 	 1604.56 	 412.273 	 0.256938 	 995.909 	 1405.38 	 13170 	 0.849842 	 615.772 	 343.101 	 575.776 	 459.38 	 0.794393 	 608.788 	 545.938 	 196.524 	 0.341321 	 127 	 1038 	 99.748 	 13.0688 	 3 	 2029.05 	 0.190879 	 84.0595 	 36.0555 	 56.5644 	 22.1396 	 45 	 37 	 42.3333 	 4.6188 	 53.2245 	 -2.75871 	 12.762 	 0.1218 	 104.778 	 568 	 2350 	 111.863 	 42.4673 	 9 	 3374.31 	 0.317433 	 86.8144 	 10.5275 	 34.0167 	 19.029 	 188 	 29 	 63.1111 	 51.6538 	  Tumour 
61 	 815.455 	 807.166 	 731.751 	 119.808 	 4802 	 103.964 	 60.5323 	 0.813015 	 0.96542 	 286.35 	 1762.88 	 598.499 	 0.3395 	 1238.44 	 1563.7 	 6923 	 0.869505 	 423.262 	 451.947 	 728.149 	 611.754 	 0.582656 	 862.753 	 672.454 	 351.043 	 0.482103 	 0 	 0 	 NaN 	 NaN 	 0 	 0 	 0 	 NaN 	 NaN 	 NaN 	 NaN 	 0 	 0 	 NaN 	 NaN 	 61.3833 	 -15.6569 	 32.4808 	 0.2876 	 112.937 	 0 	 0 	 NaN 	 NaN 	 0 	 0 	 0 	 NaN 	 NaN 	 NaN 	 NaN 	 0 	 0 	 NaN 	 NaN 	  Tumour 
62 	 850.646 	 733.649 	 778.013 	 90.2718 	 5638 	 104.649 	 71.5324 	 0.729909 	 0.943283 	 323.362 	 1512.27 	 405.384 	 0.268062 	 969.039 	 1313.09 	 7088 	 0.896194 	 437.688 	 367.589 	 556.706 	 440.311 	 0.501348 	 724.134 	 492.934 	 400.378 	 0.719191 	 81 	 404 	 93.1235 	 6.44421 	 2 	 757.752 	 0.134401 	 45.0259 	 45.0259 	 45.0259 	 0 	 52 	 29 	 40.5 	 16.2635 	 59.811 	 12.3778 	 19.8842 	 0.178549 	 111.365 	 128 	 776 	 88.4609 	 19.0656 	 3 	 1680.11 	 0.297997 	 61.7027 	 16.0631 	 42.2765 	 21.0769 	 61 	 24 	 42.6667 	 18.5023 	  Tumour 
63 	 843.975 	 872.203 	 757.053 	 124.258 	 3748 	 84.7323 	 58.5556 	 0.722792 	 0.94313 	 252.735 	 1163.18 	 251.612 	 0.216314 	 664.657 	 963.996 	 7610 	 0.938463 	 379.203 	 506.262 	 865.337 	 748.941 	 0.498413 	 913.529 	 843.52 	 345.291 	 0.399025 	 0 	 0 	 NaN 	 NaN 	 0 	 0 	 0 	 NaN 	 NaN 	 NaN 	 NaN 	 0 	 0 	 NaN 	 NaN 	 81.6205 	 -6.78247 	 30.6063 	 0.229821 	 133.174 	 217 	 291 	 122.535 	 53.1392 	 2 	 1598.78 	 0.426569 	 18.156 	 18.156 	 18.156 	 0 	 185 	 32 	 108.5 	 108.187 	  Tumour 
64 	 865.35 	 423.643 	 902.293 	 196.163 	 7352 	 121.108 	 79.6516 	 0.75329 	 0.946935 	 359.563 	 1305.52 	 277.246 	 0.212365 	 740.041 	 1106.34 	 13399 	 0.877472 	 604.5 	 363.719 	 585.948 	 469.553 	 0.357692 	 642.419 	 561.044 	 352.613 	 0.601782 	 84 	 92 	 97.0476 	 10.3684 	 1 	 0 	 0 	 NaN 	 NaN 	 NaN 	 NaN 	 84 	 84 	 84 	 0 	 52.7265 	 -4.922 	 16.171 	 0.155072 	 104.28 	 688 	 1763 	 173.676 	 104.281 	 4 	 2407.49 	 0.327461 	 52.9147 	 17.1552 	 31.7344 	 11.8868 	 316 	 90 	 172 	 101.39 	  Tumour 
65 	 874.915 	 915.919 	 788.777 	 132.004 	 3859 	 83.1693 	 60.1071 	 0.691154 	 0.95995 	 249.907 	 1423.34 	 312.777 	 0.219748 	 906.953 	 1224.16 	 5483 	 0.894454 	 335.99 	 479.549 	 741.615 	 625.22 	 0.420863 	 681.462 	 757.039 	 295.21 	 0.398063 	 45 	 45 	 87.8222 	 1.14298 	 1 	 0 	 0 	 NaN 	 NaN 	 NaN 	 NaN 	 45 	 45 	 45 	 0 	 83.4478 	 -5.13976 	 21.0693 	 0.156067 	 135.002 	 247 	 400 	 129.073 	 59.6775 	 2 	 658.676 	 0.170686 	 15.527 	 15.527 	 15.527 	 0 	 211 	 36 	 123.5 	 123.744 	  Tumour 
66 	 857.117 	 78.8332 	 1155.52 	 72.0347 	 1067 	 45.3037 	 30.6074 	 0.737264 	 0.965611 	 129.196 	 1163.46 	 290.893 	 0.250023 	 719.266 	 964.284 	 3030 	 0.794442 	 323.463 	 722.126 	 761.6 	 645.205 	 0.28 	 914.195 	 724.896 	 525.597 	 0.690122 	 0 	 0 	 NaN 	 NaN 	 0 	 0 	 0 	 NaN 	 NaN 	 NaN 	 NaN 	 0 	 0 	 NaN 	 NaN 	 47.5332 	 -7.93727 	 14.277 	 0.144086 	 99.0872 	 0 	 0 	 NaN 	 NaN 	 0 	 0 	 0 	 NaN 	 NaN 	 NaN 	 NaN 	 0 	 0 	 NaN 	 NaN 	  Other 
67 	 887.798 	 647.156 	 834.48 	 99.0051 	 6772 	 109.081 	 80.2163 	 0.677653 	 0.974669 	 326.032 	 1673.76 	 561.738 	 0.335616 	 1095.5 	 1474.57 	 7340 	 0.958225 	 355.99 	 325.312 	 477.577 	 361.182 	 0.634228 	 617.937 	 404.643 	 442.322 	 0.926179 	 0 	 0 	 NaN 	 NaN 	 0 	 0 	 0 	 NaN 	 NaN 	 NaN 	 NaN 	 0 	 0 	 NaN 	 NaN 	 48.464 	 -3.91806 	 27.5092 	 0.275042 	 100.018 	 471 	 2437 	 118.622 	 49.2267 	 5 	 1607.81 	 0.23742 	 73.9291 	 13.9726 	 46.7383 	 25.4057 	 190 	 36 	 94.2 	 61.4467 	  Tumour 
68 	 884.512 	 348.131 	 959.632 	 203.062 	 3648 	 99.08 	 49.3994 	 0.866843 	 0.938272 	 258.995 	 1512.97 	 406.371 	 0.268592 	 943.97 	 1313.79 	 5523 	 0.786304 	 377.362 	 348.526 	 529.834 	 413.439 	 0.760736 	 514.31 	 535.469 	 139.349 	 0.263005 	 37 	 38 	 117.162 	 30.4829 	 1 	 0 	 0 	 NaN 	 NaN 	 NaN 	 NaN 	 37 	 37 	 37 	 0 	 51.9945 	 -7.32924 	 9.17734 	 0.0886284 	 103.549 	 338 	 1032 	 141.305 	 71.9094 	 3 	 596.201 	 0.163432 	 45.6159 	 16.4259 	 32.4926 	 13.2518 	 145 	 50 	 112.667 	 54.2801 	  Tumour 
69 	 896.013 	 213.066 	 1049.14 	 139.56 	 5695 	 98.2397 	 76.3465 	 0.629322 	 0.937757 	 305.078 	 1610.31 	 355.336 	 0.220663 	 1124.65 	 1411.13 	 8415 	 0.92503 	 401.848 	 421.971 	 805.598 	 689.202 	 0.462644 	 754.584 	 791.951 	 293.562 	 0.364403 	 0 	 0 	 NaN 	 NaN 	 0 	 0 	 0 	 NaN 	 NaN 	 NaN 	 NaN 	 0 	 0 	 NaN 	 NaN 	 68.5638 	 11.2528 	 19.526 	 0.162557 	 120.118 	 259 	 735 	 144.683 	 75.288 	 2 	 1559.83 	 0.273894 	 36.9758 	 36.9758 	 36.9758 	 0 	 222 	 37 	 129.5 	 130.815 	  Tumour 
70 	 901.547 	 273.993 	 1016.21 	 198.386 	 1784 	 67.0328 	 41.4028 	 0.786453 	 0.83054 	 204.551 	 1471.13 	 360.292 	 0.244909 	 873.654 	 1271.95 	 2468 	 0.830417 	 245.622 	 532.692 	 636.114 	 519.719 	 0.961905 	 607.426 	 670.422 	 273.337 	 0.429698 	 32 	 34 	 103.156 	 16.477 	 1 	 0 	 0 	 NaN 	 NaN 	 NaN 	 NaN 	 32 	 32 	 32 	 0 	 70.8378 	 0.936171 	 26.1522 	 0.213676 	 122.392 	 76 	 211 	 98.5263 	 29.131 	 2 	 621.507 	 0.348378 	 23.001 	 23.001 	 23.001 	 0 	 54 	 22 	 38 	 22.6274 	  Tumour 
71 	 926.39 	 302.739 	 1018.83 	 166.865 	 2752 	 76.0599 	 49.3236 	 0.761229 	 0.911258 	 227.966 	 1607.02 	 415.774 	 0.258724 	 1056.42 	 1407.84 	 4090 	 0.81296 	 311.078 	 393.057 	 515.593 	 399.198 	 0.585821 	 471.885 	 530.483 	 168.829 	 0.327446 	 0 	 0 	 NaN 	 NaN 	 0 	 0 	 0 	 NaN 	 NaN 	 NaN 	 NaN 	 0 	 0 	 NaN 	 NaN 	 51.1113 	 -3.4435 	 15.1714 	 0.147775 	 102.665 	 304 	 445 	 183.622 	 114.226 	 2 	 388.32 	 0.141105 	 21.3996 	 21.3996 	 21.3996 	 0 	 169 	 135 	 152 	 24.0416 	  Tumour 
72 	 955.475 	 679.765 	 890.969 	 62.5859 	 7528 	 145.468 	 67.3196 	 0.886473 	 0.920181 	 390.818 	 1846.59 	 479.73 	 0.259792 	 1275.08 	 1647.41 	 8507 	 0.837386 	 464.659 	 468.393 	 799.176 	 682.78 	 0.931298 	 825.265 	 767.513 	 342.152 	 0.428132 	 46 	 47 	 107.326 	 20.6468 	 1 	 0 	 0 	 NaN 	 NaN 	 NaN 	 NaN 	 46 	 46 	 46 	 0 	 84.6734 	 2.92795 	 23.7631 	 0.174437 	 136.227 	 390 	 1060 	 141.356 	 71.9611 	 4 	 2406.08 	 0.319618 	 73.6153 	 15.2579 	 43.7908 	 22.0311 	 219 	 39 	 97.5 	 82.9036 	  Tumour 
73 	 930.363 	 956.613 	 846.419 	 182.069 	 5197 	 94.1262 	 71.0259 	 0.656207 	 0.948012 	 303.806 	 1141.27 	 229.082 	 0.200725 	 678.071 	 942.091 	 9082 	 0.890654 	 456.032 	 665.816 	 963.798 	 847.403 	 0.199488 	 806.564 	 972.439 	 314.464 	 0.326276 	 0 	 0 	 NaN 	 NaN 	 0 	 0 	 0 	 NaN 	 NaN 	 NaN 	 NaN 	 0 	 0 	 NaN 	 NaN 	 100.275 	 16.8065 	 26.1976 	 0.172546 	 151.829 	 361 	 744 	 124.571 	 55.1753 	 5 	 893.26 	 0.17188 	 40.8009 	 8 	 20.0289 	 10.0272 	 175 	 45 	 72.2 	 57.5256 	  Tumour 
74 	 959.986 	 593.352 	 919.279 	 149.215 	 5590 	 101.625 	 74.4228 	 0.680955 	 0.930116 	 324.777 	 1827.42 	 503.413 	 0.275477 	 836.32 	 1628.24 	 6879 	 0.937321 	 364.149 	 455.407 	 688.135 	 571.739 	 0.470219 	 642.28 	 680.707 	 398.749 	 0.579463 	 45 	 45 	 102.422 	 15.743 	 1 	 0 	 0 	 NaN 	 NaN 	 NaN 	 NaN 	 45 	 45 	 45 	 0 	 78.2437 	 -9.07402 	 22.0223 	 0.169666 	 129.798 	 0 	 0 	 NaN 	 NaN 	 0 	 0 	 0 	 NaN 	 NaN 	 NaN 	 NaN 	 0 	 0 	 NaN 	 NaN 	  Tumour 
75 	 941.288 	 741.178 	 923.298 	 62.5859 	 702 	 42.6073 	 21.2614 	 0.866597 	 0.948649 	 111.154 	 915.531 	 145.655 	 0.159094 	 447.369 	 716.35 	 2940 	 0.863183 	 278.593 	 661.382 	 1123.98 	 1007.58 	 0.857143 	 1255.97 	 1000.21 	 361.875 	 0.321959 	 0 	 0 	 NaN 	 NaN 	 0 	 0 	 0 	 NaN 	 NaN 	 NaN 	 NaN 	 0 	 0 	 NaN 	 NaN 	 59.2181 	 -31.4439 	 12.2384 	 0.110483 	 110.772 	 14 	 15 	 73.5714 	 4.17608 	 1 	 0 	 0 	 NaN 	 NaN 	 NaN 	 NaN 	 14 	 14 	 14 	 0 	  Other 
76 	 1032.96 	 806.044 	 948.968 	 112.645 	 5477 	 100.206 	 73.7342 	 0.677172 	 0.940419 	 305.037 	 716.59 	 213.383 	 0.297775 	 364.893 	 517.41 	 34944 	 0.915963 	 851.678 	 383.959 	 1066.85 	 950.455 	 0.463549 	 1157.88 	 1030.32 	 509.671 	 0.477735 	 0 	 0 	 NaN 	 NaN 	 0 	 0 	 0 	 NaN 	 NaN 	 NaN 	 NaN 	 0 	 0 	 NaN 	 NaN 	 28.1982 	 5.71231 	 8.39322 	 0.105241 	 79.7522 	 0 	 0 	 NaN 	 NaN 	 0 	 0 	 0 	 NaN 	 NaN 	 NaN 	 NaN 	 0 	 0 	 NaN 	 NaN 	  Tumour 
77 	 1042.44 	 651.652 	 982.072 	 134.618 	 3967 	 74.6943 	 69.2464 	 0.374902 	 0.958907 	 248.61 	 947.835 	 266.684 	 0.281361 	 495.191 	 748.655 	 11255 	 0.904815 	 493.772 	 759.917 	 1243.73 	 1127.34 	 0.610169 	 1159.78 	 1276.98 	 480.162 	 0.386065 	 0 	 0 	 NaN 	 NaN 	 0 	 0 	 0 	 NaN 	 NaN 	 NaN 	 NaN 	 0 	 0 	 NaN 	 NaN 	 96.7175 	 -3.15143 	 36.1892 	 0.244074 	 148.271 	 0 	 0 	 NaN 	 NaN 	 0 	 0 	 0 	 NaN 	 NaN 	 NaN 	 NaN 	 0 	 0 	 NaN 	 NaN 	  Tumour 
78 	 1075.54 	 895.746 	 989.114 	 205.548 	 5970 	 102.83 	 76.8808 	 0.66409 	 0.912565 	 344.777 	 1224.04 	 386.725 	 0.315942 	 805.45 	 1024.85 	 15653 	 0.947805 	 542.416 	 553.143 	 755.824 	 639.429 	 0.413136 	 691.549 	 772.777 	 454.119 	 0.600827 	 31 	 31 	 94.1935 	 7.5143 	 1 	 0 	 0 	 NaN 	 NaN 	 NaN 	 NaN 	 31 	 31 	 31 	 0 	 88.0817 	 16.969 	 40.5926 	 0.290704 	 139.636 	 85 	 345 	 90.5765 	 21.1811 	 2 	 1317.23 	 0.220642 	 38.9187 	 38.9187 	 38.9187 	 0 	 44 	 41 	 42.5 	 2.12132 	  Tumour 
79 	 1093.72 	 569.91 	 1053.93 	 197.99 	 7536 	 129.815 	 77.878 	 0.800064 	 0.92888 	 371.747 	 1480.5 	 313.997 	 0.212088 	 837.357 	 1281.32 	 10417 	 0.903313 	 491.428 	 463.376 	 716.743 	 600.348 	 0.606357 	 852.238 	 653.876 	 401.488 	 0.560156 	 77 	 81 	 99.5584 	 12.8792 	 1 	 0 	 0 	 NaN 	 NaN 	 NaN 	 NaN 	 77 	 77 	 77 	 0 	 95.0599 	 -3.22305 	 19.8327 	 0.135272 	 146.614 	 414 	 1560 	 102.911 	 33.5153 	 6 	 1926.13 	 0.255591 	 50.2429 	 10.7603 	 29.485 	 13.1468 	 118 	 45 	 69 	 35.3667 	  Tumour 
80 	 1087.95 	 343.014 	 1189.64 	 166.865 	 2715 	 73.5755 	 47.7762 	 0.760491 	 0.942054 	 220.108 	 1712.52 	 786.468 	 0.459245 	 1154.17 	 1513.34 	 3203 	 0.946233 	 237.966 	 326.404 	 356.461 	 240.065 	 0.308824 	 539.508 	 320.487 	 221.469 	 0.6213 	 0 	 0 	 NaN 	 NaN 	 0 	 0 	 0 	 NaN 	 NaN 	 NaN 	 NaN 	 0 	 0 	 NaN 	 NaN 	 51.9823 	 27.2797 	 40.7479 	 0.393562 	 103.536 	 70 	 144 	 87.4714 	 18.0761 	 2 	 337.891 	 0.124454 	 18.6249 	 18.6249 	 18.6249 	 0 	 40 	 30 	 35 	 7.07107 	  DCIS 
81 	 1122.19 	 373.548 	 1206.55 	 197.99 	 2987 	 81.9472 	 50.8443 	 0.784244 	 0.881121 	 237.622 	 2119.15 	 856.256 	 0.404056 	 1586.2 	 1919.97 	 3706 	 0.903021 	 266.693 	 280.877 	 312.415 	 196.019 	 0.336245 	 481.662 	 283.482 	 193.657 	 0.619871 	 31 	 31 	 116.484 	 29.8046 	 1 	 0 	 0 	 NaN 	 NaN 	 NaN 	 NaN 	 31 	 31 	 31 	 0 	 47.06 	 27.4025 	 46.5337 	 0.471877 	 98.614 	 183 	 553 	 105.787 	 36.3915 	 3 	 745.603 	 0.249616 	 21.5291 	 20.8711 	 21.18 	 0.295897 	 65 	 57 	 61 	 4 	  DCIS 
82 	 1118.82 	 277.084 	 1248.1 	 194.743 	 2591 	 77.8225 	 42.6705 	 0.836278 	 0.970412 	 207.48 	 1644.66 	 602.789 	 0.366513 	 1153.94 	 1445.48 	 3273 	 0.977599 	 226.167 	 175.443 	 169.687 	 53.2915 	 0 	 0 	 0 	 57.2091 	 0.337145 	 0 	 0 	 NaN 	 NaN 	 0 	 0 	 0 	 NaN 	 NaN 	 NaN 	 NaN 	 0 	 0 	 NaN 	 NaN 	 13.1608 	 2.93161 	 5.35231 	 0.0827061 	 64.7148 	 0 	 0 	 NaN 	 NaN 	 0 	 0 	 0 	 NaN 	 NaN 	 NaN 	 NaN 	 0 	 0 	 NaN 	 NaN 	  DCIS 
83 	 1144.89 	 879.345 	 1058 	 190.937 	 6478 	 141.63 	 68.4021 	 0.875641 	 0.84835 	 399.245 	 1769.49 	 531.553 	 0.300399 	 1314.28 	 1570.31 	 7958 	 0.857636 	 451.245 	 350.553 	 495.974 	 379.578 	 0.528947 	 553.244 	 477.016 	 348.833 	 0.70333 	 40 	 40 	 96.375 	 9.69575 	 1 	 0 	 0 	 NaN 	 NaN 	 NaN 	 NaN 	 40 	 40 	 40 	 0 	 41.8714 	 -3.68454 	 22.0904 	 0.236449 	 93.4254 	 341 	 974 	 134.704 	 65.3085 	 4 	 2438.29 	 0.376396 	 63.1072 	 20.0394 	 35.7436 	 16.1974 	 229 	 33 	 85.25 	 95.9527 	  Tumour 
84 	 1161.69 	 575.563 	 1117.43 	 199.805 	 7103 	 140.426 	 70.1803 	 0.86616 	 0.902771 	 376.132 	 1611.88 	 376.375 	 0.233501 	 1051.69 	 1412.7 	 8337 	 0.901395 	 431.061 	 491.505 	 695.795 	 579.4 	 0.606469 	 842.382 	 635.155 	 343.338 	 0.493447 	 84 	 360 	 99.3214 	 12.6422 	 2 	 1363.05 	 0.191898 	 41.0056 	 41.0056 	 41.0056 	 0 	 45 	 39 	 42 	 4.24264 	 97.1812 	 21.8806 	 27.7223 	 0.186387 	 148.735 	 335 	 1476 	 122.182 	 52.7867 	 6 	 2200.25 	 0.309764 	 62.9456 	 14.339 	 30.0881 	 14.4448 	 136 	 31 	 55.8333 	 41.1457 	  Tumour 
85 	 1166.96 	 33.3003 	 1421.6 	 325.332 	 716 	 35.6111 	 26.3603 	 0.672358 	 0.959786 	 105.64 	 968.922 	 175.499 	 0.181128 	 522.973 	 769.741 	 1072 	 0.967509 	 126.083 	 253.024 	 205.446 	 89.0511 	 0 	 0 	 0 	 91.5265 	 0.4455 	 0 	 0 	 NaN 	 NaN 	 0 	 0 	 0 	 NaN 	 NaN 	 NaN 	 NaN 	 0 	 0 	 NaN 	 NaN 	 25.27 	 14.2573 	 14.1678 	 0.184419 	 76.824 	 0 	 0 	 NaN 	 NaN 	 0 	 0 	 0 	 NaN 	 NaN 	 NaN 	 NaN 	 0 	 0 	 NaN 	 NaN 	  Other 
86 	 1185.46 	 354.294 	 1272.12 	 223.188 	 2503 	 60.4167 	 53.1472 	 0.475571 	 0.975448 	 192.309 	 1622.46 	 579.672 	 0.357279 	 1101.61 	 1423.28 	 3108 	 0.9746 	 212.894 	 239.337 	 216.961 	 100.566 	 0.0828729 	 215.933 	 216.934 	 65.6944 	 0.302793 	 0 	 0 	 NaN 	 NaN 	 0 	 0 	 0 	 NaN 	 NaN 	 NaN 	 NaN 	 0 	 0 	 NaN 	 NaN 	 20.162 	 5.69127 	 6.43733 	 0.0897615 	 71.7159 	 0 	 0 	 NaN 	 NaN 	 0 	 0 	 0 	 NaN 	 NaN 	 NaN 	 NaN 	 0 	 0 	 NaN 	 NaN 	  DCIS 
87 	 1202.85 	 675.938 	 1134.67 	 197.434 	 9062 	 142.223 	 84.6206 	 0.803736 	 0.895809 	 439.546 	 2139.2 	 651.587 	 0.304594 	 1592.5 	 1940.02 	 10571 	 0.86308 	 487.931 	 553.583 	 799.257 	 682.862 	 0.683333 	 812.352 	 782.22 	 358.396 	 0.448412 	 51 	 53 	 103.039 	 16.36 	 1 	 0 	 0 	 NaN 	 NaN 	 NaN 	 NaN 	 51 	 51 	 51 	 0 	 92.8918 	 -8.29832 	 22.0419 	 0.152596 	 144.446 	 226 	 661 	 115.341 	 45.9454 	 3 	 2112.22 	 0.233086 	 45.017 	 14.7826 	 30.4797 	 13.5511 	 87 	 55 	 75.3333 	 17.673 	  Tumour 
88 	 1186.99 	 818.836 	 1101.75 	 142.285 	 2076 	 79.3807 	 35.461 	 0.894673 	 0.879288 	 209.723 	 1341.26 	 358.053 	 0.266952 	 831.239 	 1142.08 	 2700 	 0.851735 	 272.007 	 552.813 	 562.095 	 445.7 	 0.5671 	 453.962 	 598.364 	 260.722 	 0.463839 	 54 	 56 	 99.7037 	 13.0245 	 1 	 0 	 0 	 NaN 	 NaN 	 NaN 	 NaN 	 54 	 54 	 54 	 0 	 77.644 	 5.617 	 23.8807 	 0.184838 	 129.198 	 99 	 143 	 91.596 	 22.2006 	 2 	 485.081 	 0.233661 	 11.2133 	 11.2133 	 11.2133 	 0 	 54 	 45 	 49.5 	 6.36396 	  Tumour 
89 	 1231.66 	 770.123 	 1150.37 	 113.018 	 6071 	 110.799 	 70.2226 	 0.773511 	 0.964876 	 317.605 	 1568.94 	 374.903 	 0.238954 	 1043.36 	 1369.76 	 7028 	 0.939698 	 360.333 	 408.428 	 608.882 	 492.486 	 0.523026 	 585.767 	 603.162 	 304.427 	 0.499977 	 36 	 38 	 92.9167 	 6.23742 	 1 	 0 	 0 	 NaN 	 NaN 	 NaN 	 NaN 	 36 	 36 	 36 	 0 	 79.2291 	 15.7236 	 26.6283 	 0.203606 	 130.783 	 332 	 927 	 119.66 	 50.2643 	 3 	 2508.39 	 0.413175 	 36.4541 	 21.6804 	 27.6377 	 6.9683 	 266 	 33 	 110.667 	 134.523 	  Tumour 
90 	 1231.97 	 52.7579 	 1462.68 	 372.151 	 3412 	 71.9629 	 60.8111 	 0.534711 	 0.975136 	 227.279 	 2428.76 	 1303.58 	 0.536725 	 1916.02 	 2229.58 	 4143 	 0.976662 	 244.066 	 156.981 	 136.042 	 19.6469 	 0 	 0 	 0 	 13.8316 	 0.101672 	 0 	 0 	 NaN 	 NaN 	 0 	 0 	 0 	 NaN 	 NaN 	 NaN 	 NaN 	 0 	 0 	 NaN 	 NaN 	 7.12274 	 5.58038 	 5.58363 	 0.0951592 	 58.6767 	 33 	 34 	 89.1212 	 19.7259 	 1 	 0 	 0 	 NaN 	 NaN 	 NaN 	 NaN 	 33 	 33 	 33 	 0 	  DCIS 
91 	 1239 	 317.407 	 1336.68 	 270.204 	 1994 	 59.1936 	 43.8753 	 0.671264 	 0.919742 	 187.238 	 1702.92 	 627.859 	 0.368695 	 1197.17 	 1503.74 	 2479 	 0.940797 	 204.752 	 188.983 	 161.407 	 45.0114 	 0.231638 	 144.854 	 165.146 	 30.2086 	 0.187158 	 45 	 45 	 134.911 	 48.2319 	 1 	 0 	 0 	 NaN 	 NaN 	 NaN 	 NaN 	 45 	 45 	 45 	 0 	 18.6035 	 7.5073 	 8.20108 	 0.116895 	 70.1575 	 0 	 0 	 NaN 	 NaN 	 0 	 0 	 0 	 NaN 	 NaN 	 NaN 	 NaN 	 0 	 0 	 NaN 	 NaN 	  DCIS 
92 	 1259.14 	 591.791 	 1207.11 	 176.638 	 5482 	 89.7521 	 79.5967 	 0.462057 	 0.935495 	 298.35 	 1977.81 	 554.515 	 0.280369 	 1463.32 	 1778.62 	 6534 	 0.870736 	 368.735 	 297.51 	 429.367 	 312.972 	 0.398148 	 651.853 	 364.359 	 292.46 	 0.681141 	 79 	 331 	 101.367 	 14.6878 	 2 	 1204.39 	 0.219699 	 41.4424 	 41.4424 	 41.4424 	 0 	 40 	 39 	 39.5 	 0.707107 	 52.7621 	 23.7368 	 22.0001 	 0.210898 	 104.316 	 523 	 1442 	 185.556 	 116.161 	 4 	 1386.05 	 0.252836 	 46.6451 	 17.7648 	 29.1908 	 10.394 	 266 	 45 	 130.75 	 105.828 	  Tumour 
93 	 1278.63 	 288.43 	 1385.25 	 304.657 	 1884 	 56.2208 	 43.8746 	 0.625283 	 0.952959 	 173.48 	 1965.53 	 657.673 	 0.334603 	 1493.34 	 1766.35 	 2420 	 0.965682 	 192.024 	 171.834 	 166.524 	 50.1285 	 0.244048 	 142.951 	 170.078 	 34.5689 	 0.207591 	 0 	 0 	 NaN 	 NaN 	 0 	 0 	 0 	 NaN 	 NaN 	 NaN 	 NaN 	 0 	 0 	 NaN 	 NaN 	 16.3303 	 8.25687 	 5.98763 	 0.0882035 	 67.8843 	 39 	 41 	 91.641 	 22.2457 	 1 	 0 	 0 	 NaN 	 NaN 	 NaN 	 NaN 	 39 	 39 	 39 	 0 	  DCIS 
94 	 1279.93 	 675.075 	 1210.65 	 160.655 	 5860 	 103.938 	 72.7576 	 0.714135 	 0.95611 	 308.836 	 1749.81 	 485.547 	 0.277486 	 1249.06 	 1550.63 	 7074 	 0.906923 	 379.12 	 347.317 	 464.289 	 347.893 	 0.492401 	 512.123 	 447.125 	 227.34 	 0.489653 	 50 	 54 	 99.6 	 12.9208 	 1 	 0 	 0 	 NaN 	 NaN 	 NaN 	 NaN 	 50 	 50 	 50 	 0 	 65.5322 	 26.3863 	 26.3665 	 0.225189 	 117.086 	 358 	 1169 	 115.103 	 45.708 	 2 	 427.54 	 0.0729591 	 39.0276 	 39.0276 	 39.0276 	 0 	 214 	 144 	 179 	 49.4975 	  Tumour 
95 	 1283.44 	 417.225 	 1338.48 	 176.638 	 2741 	 64.4397 	 54.5197 	 0.533092 	 0.979979 	 199.581 	 1568.69 	 533.035 	 0.339795 	 1118.05 	 1369.51 	 3387 	 0.980318 	 220.024 	 152.054 	 153.913 	 37.5179 	 0 	 0 	 0 	 31.6589 	 0.205693 	 19 	 20 	 110 	 23.3208 	 1 	 0 	 0 	 NaN 	 NaN 	 NaN 	 NaN 	 19 	 19 	 19 	 0 	 10.0246 	 0.29852 	 5.37337 	 0.0872603 	 61.5786 	 0 	 0 	 NaN 	 NaN 	 0 	 0 	 0 	 NaN 	 NaN 	 NaN 	 NaN 	 0 	 0 	 NaN 	 NaN 	  DCIS 
96 	 1328.68 	 828.355 	 1301.25 	 113.018 	 3892 	 86.5318 	 58.7221 	 0.734491 	 0.967197 	 248.936 	 1493.18 	 420.209 	 0.281418 	 992.491 	 1294 	 4694 	 0.970838 	 270.451 	 175.073 	 179.573 	 63.1773 	 0 	 0 	 0 	 58.4953 	 0.325747 	 36 	 38 	 93.0833 	 6.40409 	 1 	 0 	 0 	 NaN 	 NaN 	 NaN 	 NaN 	 36 	 36 	 36 	 0 	 16.2294 	 3.39749 	 7.45211 	 0.10994 	 67.7834 	 89 	 261 	 84.2809 	 14.8856 	 2 	 333.878 	 0.0857856 	 27.9473 	 27.9473 	 27.9473 	 0 	 45 	 44 	 44.5 	 0.707107 	  DCIS 
97 	 1342.33 	 389.364 	 1403.56 	 219.313 	 1556 	 53.3758 	 39.3754 	 0.675128 	 0.898383 	 175.338 	 1006.34 	 165.237 	 0.164195 	 429.358 	 807.163 	 2091 	 0.947011 	 182.61 	 142.074 	 148.503 	 32.1078 	 0 	 0 	 0 	 32.3198 	 0.217637 	 0 	 0 	 0 	 -86.6792 	 0 	 0 	 0 	 NaN 	 NaN 	 NaN 	 NaN 	 0 	 0 	 NaN 	 NaN 	 7.78727 	 -1.36462 	 5.15881 	 0.0869347 	 59.3413 	 0 	 0 	 0 	 -69.3953 	 0 	 0 	 0 	 NaN 	 NaN 	 NaN 	 NaN 	 0 	 0 	 NaN 	 NaN 	  Other 
